stamp_s,time_s,gt_x_m,gt_y_m,gt_yaw_rad,amcl_x_m,amcl_y_m,amcl_yaw_rad,amcl_error_m,amcl_error_rad,current_map_x_m,current_map_y_m,current_map_yaw_rad,current_map_error_m,current_map_error_rad,ekf_x_m,ekf_y_m,ekf_yaw_rad,ekf_error_m,ekf_error_rad,odom_x_m,odom_y_m,odom_yaw_rad,odom_error_m,odom_error_rad,gt_speed_mps,collision_count
1788899786.175972,0.045634,-2.665588,4.213570,-2.985663,-2.665588,4.213570,-2.985663,0.000000,0.000000,-2.665588,4.213570,-2.985663,0.000000,0.000000,-2.665588,4.213570,-2.985663,0.000000,0.000000,nan,nan,nan,nan,nan,0.000000,0
1788899786.175972,0.045634,-2.665588,4.213570,-2.985663,-2.665588,4.213570,-2.985663,0.000000,0.000000,-2.665588,4.213570,-2.985663,0.000000,0.000000,-2.665588,4.213570,-2.985663,0.000000,0.000000,nan,nan,nan,nan,nan,0.000000,0
1788899786.226416,0.096077,-2.665588,4.213570,-2.985663,-2.665588,4.213570,-2.985663,0.000000,0.000000,-2.665588,4.213570,-2.985663,0.000000,0.000000,-2.665588,4.213570,-2.985663,0.000000,0.000000,nan,nan,nan,nan,nan,0.000000,0
1788899786.226416,0.096077,-2.665588,4.213570,-2.985663,-2.665588,4.213570,-2.985663,0.000000,0.000000,-2.665588,4.213570,-2.985663,0.000000,0.000000,-2.665588,4.213570,-2.985663,0.000000,0.000000,nan,nan,nan,nan,nan,0.000000,0
1788899786.276170,0.145832,-2.665588,4.213570,-2.985663,-2.665588,4.213570,-2.985663,0.000000,0.000000,-2.665588,4.213570,-2.985663,0.000000,0.000000,-2.665588,4.213570,-2.985663,0.000000,0.000000,nan,nan,nan,nan,nan,0.000000,0
1788899786.276170,0.145832,-2.665588,4.213570,-2.985663,-2.665588,4.213570,-2.985663,0.000000,0.000000,-2.665588,4.213570,-2.985663,0.000000,0.000000,-2.665588,4.213570,-2.985663,0.000000,0.000000,nan,nan,nan,nan,nan,0.000000,0
1788899786.326948,0.196610,-2.665588,4.213570,-2.985663,-2.665588,4.213570,-2.985663,0.000000,0.000000,-2.665588,4.213570,-2.985663,0.000000,0.000000,-2.665588,4.213570,-2.985663,0.000000,0.000000,nan,nan,nan,nan,nan,0.000000,0
1788899786.326948,0.196610,-2.665588,4.213570,-2.985663,-2.665588,4.213570,-2.985663,0.000000,0.000000,-2.665588,4.213570,-2.985663,0.000000,0.000000,-2.665588,4.213570,-2.985663,0.000000,0.000000,nan,nan,nan,nan,nan,0.000000,0
1788899786.376847,0.246508,-2.665588,4.213570,-2.985663,-2.665588,4.213570,-2.985663,0.000000,0.000000,-2.665588,4.213570,-2.985663,0.000000,0.000000,-2.665588,4.213570,-2.985663,0.000000,0.000000,nan,nan,nan,nan,nan,0.000000,0
1788899786.376847,0.246508,-2.665588,4.213570,-2.985663,-2.665588,4.213570,-2.985663,0.000000,0.000000,-2.665588,4.213570,-2.985663,0.000000,0.000000,-2.665588,4.213570,-2.985663,0.000000,0.000000,nan,nan,nan,nan,nan,0.000000,0
1788899786.426768,0.296430,-2.665588,4.213570,-2.985663,-2.665588,4.213570,-2.985663,0.000000,0.000000,-2.665588,4.213570,-2.985663,0.000000,0.000000,-2.665588,4.213570,-2.985663,0.000000,0.000000,nan,nan,nan,nan,nan,0.000000,0
1788899786.426768,0.296430,-2.665588,4.213570,-2.985663,-2.665588,4.213570,-2.985663,0.000000,0.000000,-2.665588,4.213570,-2.985663,0.000000,0.000000,-2.665588,4.213570,-2.985663,0.000000,0.000000,nan,nan,nan,nan,nan,0.000000,0
1788899786.476816,0.346478,-2.665588,4.213570,-2.985663,-2.665588,4.213570,-2.985663,0.000000,0.000000,-2.665588,4.213570,-2.985663,0.000000,0.000000,-2.665588,4.213570,-2.985663,0.000000,0.000000,nan,nan,nan,nan,nan,0.000000,0
1788899786.476816,0.346478,-2.665588,4.213570,-2.985663,-2.665588,4.213570,-2.985663,0.000000,0.000000,-2.665588,4.213570,-2.985663,0.000000,0.000000,-2.665588,4.213570,-2.985663,0.000000,0.000000,nan,nan,nan,nan,nan,0.000000,0
1788899786.526948,0.396610,-2.665588,4.213570,-2.985663,-2.665588,4.213570,-2.985663,0.000000,0.000000,-2.665588,4.213570,-2.985663,0.000000,0.000000,-2.665588,4.213570,-2.985663,0.000000,0.000000,nan,nan,nan,nan,nan,0.000000,0
1788899786.526948,0.396610,-2.665588,4.213570,-2.985663,-2.665588,4.213570,-2.985663,0.000000,0.000000,-2.665588,4.213570,-2.985663,0.000000,0.000000,-2.665588,4.213570,-2.985663,0.000000,0.000000,nan,nan,nan,nan,nan,0.000000,0
1788899786.576792,0.446454,-2.665588,4.213570,-2.985663,-2.665588,4.213570,-2.985663,0.000000,0.000000,-2.665588,4.213570,-2.985663,0.000000,0.000000,-2.665588,4.213570,-2.985663,0.000000,0.000000,nan,nan,nan,nan,nan,0.000000,0
1788899786.576792,0.446454,-2.665588,4.213570,-2.985663,-2.665588,4.213570,-2.985663,0.000000,0.000000,-2.665588,4.213570,-2.985663,0.000000,0.000000,-2.665588,4.213570,-2.985663,0.000000,0.000000,nan,nan,nan,nan,nan,0.000000,0
1788899786.626841,0.496503,-2.665588,4.213570,-2.985663,-2.665588,4.213570,-2.985663,0.000000,0.000000,-2.665588,4.213570,-2.985663,0.000000,0.000000,-2.665588,4.213570,-2.985663,0.000000,0.000000,nan,nan,nan,nan,nan,0.000000,0
1788899786.626841,0.496503,-2.665588,4.213570,-2.985663,-2.665588,4.213570,-2.985663,0.000000,0.000000,-2.665588,4.213570,-2.985663,0.000000,0.000000,-2.665588,4.213570,-2.985663,0.000000,0.000000,nan,nan,nan,nan,nan,0.000000,0
1788899786.676886,0.546548,-2.665588,4.213570,-2.985663,-2.665588,4.213570,-2.985663,0.000000,0.000000,-2.665588,4.213570,-2.985663,0.000000,0.000000,-2.665588,4.213570,-2.985663,0.000000,0.000000,nan,nan,nan,nan,nan,0.000000,0
1788899786.676886,0.546548,-2.665588,4.213570,-2.985663,-2.665588,4.213570,-2.985663,0.000000,0.000000,-2.665588,4.213570,-2.985663,0.000000,0.000000,-2.665588,4.213570,-2.985663,0.000000,0.000000,nan,nan,nan,nan,nan,0.000000,0
1788899786.726053,0.595714,-2.665588,4.213570,-2.985663,-2.665588,4.213570,-2.985663,0.000000,0.000000,-2.665588,4.213570,-2.985663,0.000000,0.000000,-2.665588,4.213570,-2.985663,0.000000,0.000000,nan,nan,nan,nan,nan,0.000000,0
1788899786.726053,0.595714,-2.665588,4.213570,-2.985663,-2.665588,4.213570,-2.985663,0.000000,0.000000,-2.665588,4.213570,-2.985663,0.000000,0.000000,-2.665588,4.213570,-2.985663,0.000000,0.000000,nan,nan,nan,nan,nan,0.000000,0
1788899786.776247,0.645908,-2.665588,4.213570,-2.985663,-2.665588,4.213570,-2.985663,0.000000,0.000000,-2.665588,4.213570,-2.985663,0.000000,0.000000,-2.665588,4.213570,-2.985663,0.000000,0.000000,nan,nan,nan,nan,nan,0.000000,0
1788899786.776247,0.645908,-2.665588,4.213570,-2.985663,-2.665588,4.213570,-2.985663,0.000000,0.000000,-2.665588,4.213570,-2.985663,0.000000,0.000000,-2.665588,4.213570,-2.985663,0.000000,0.000000,nan,nan,nan,nan,nan,0.000000,0
1788899786.826553,0.696214,-2.665588,4.213570,-2.985663,-2.665588,4.213570,-2.985663,0.000000,0.000000,-2.665588,4.213570,-2.985663,0.000000,0.000000,-2.665588,4.213570,-2.985663,0.000000,0.000000,nan,nan,nan,nan,nan,0.000000,0
1788899786.826553,0.696214,-2.665588,4.213570,-2.985663,-2.665588,4.213570,-2.985663,0.000000,0.000000,-2.665588,4.213570,-2.985663,0.000000,0.000000,-2.665588,4.213570,-2.985663,0.000000,0.000000,nan,nan,nan,nan,nan,0.000000,0
1788899786.876240,0.745902,-2.665588,4.213570,-2.985663,-2.665588,4.213570,-2.985663,0.000000,0.000000,-2.665588,4.213570,-2.985663,0.000000,0.000000,-2.665588,4.213570,-2.985663,0.000000,0.000000,nan,nan,nan,nan,nan,0.000000,0
1788899786.876240,0.745902,-2.665588,4.213570,-2.985663,-2.665588,4.213570,-2.985663,0.000000,0.000000,-2.665588,4.213570,-2.985663,0.000000,0.000000,-2.665588,4.213570,-2.985663,0.000000,0.000000,nan,nan,nan,nan,nan,0.000000,0
1788899786.926521,0.796183,-2.665588,4.213570,-2.985663,-2.665588,4.213570,-2.985663,0.000000,0.000000,-2.665588,4.213570,-2.985663,0.000000,0.000000,-2.665588,4.213570,-2.985663,0.000000,0.000000,nan,nan,nan,nan,nan,0.000000,0
1788899786.926521,0.796183,-2.665588,4.213570,-2.985663,-2.665588,4.213570,-2.985663,0.000000,0.000000,-2.665588,4.213570,-2.985663,0.000000,0.000000,-2.665588,4.213570,-2.985663,0.000000,0.000000,nan,nan,nan,nan,nan,0.000000,0
1788899786.976001,0.845662,-2.665588,4.213570,-2.985663,-2.665588,4.213570,-2.985663,0.000000,0.000000,-2.665588,4.213570,-2.985663,0.000000,0.000000,-2.665588,4.213570,-2.985663,0.000000,0.000000,nan,nan,nan,nan,nan,0.000000,0
1788899786.976001,0.845662,-2.665588,4.213570,-2.985663,-2.665588,4.213570,-2.985663,0.000000,0.000000,-2.665588,4.213570,-2.985663,0.000000,0.000000,-2.665588,4.213570,-2.985663,0.000000,0.000000,nan,nan,nan,nan,nan,0.000000,0
1788899787.026582,0.896244,-2.665588,4.213570,-2.985663,-2.665588,4.213570,-2.985663,0.000000,0.000000,-2.665588,4.213570,-2.985663,0.000000,0.000000,-2.665588,4.213570,-2.985663,0.000000,0.000000,nan,nan,nan,nan,nan,0.000000,0
1788899787.026582,0.896244,-2.665588,4.213570,-2.985663,-2.665588,4.213570,-2.985663,0.000000,0.000000,-2.665588,4.213570,-2.985663,0.000000,0.000000,-2.665588,4.213570,-2.985663,0.000000,0.000000,nan,nan,nan,nan,nan,0.000000,0
1788899787.076567,0.946229,-2.665588,4.213570,-2.985663,-2.665588,4.213570,-2.985663,0.000000,0.000000,-2.665588,4.213570,-2.985663,0.000000,0.000000,-2.665588,4.213570,-2.985663,0.000000,0.000000,nan,nan,nan,nan,nan,0.000000,0
1788899787.076567,0.946229,-2.665588,4.213570,-2.985663,-2.665588,4.213570,-2.985663,0.000000,0.000000,-2.665588,4.213570,-2.985663,0.000000,0.000000,-2.665588,4.213570,-2.985663,0.000000,0.000000,nan,nan,nan,nan,nan,0.000000,0
1788899787.126223,0.995885,-2.665588,4.213570,-2.985663,-2.665588,4.213570,-2.985663,0.000000,0.000000,-2.665588,4.213570,-2.985663,0.000000,0.000000,-2.665588,4.213570,-2.985663,0.000000,0.000000,nan,nan,nan,nan,nan,0.000000,0
1788899787.126223,0.995885,-2.665588,4.213570,-2.985663,-2.665588,4.213570,-2.985663,0.000000,0.000000,-2.665588,4.213570,-2.985663,0.000000,0.000000,-2.665588,4.213570,-2.985663,0.000000,0.000000,nan,nan,nan,nan,nan,0.000000,0
1788899787.176723,1.046385,-2.665588,4.213570,-2.985663,-2.665588,4.213570,-2.985663,0.000000,0.000000,-2.665588,4.213570,-2.985663,0.000000,0.000000,-2.665588,4.213570,-2.985663,0.000000,0.000000,nan,nan,nan,nan,nan,0.000000,0
1788899787.176723,1.046385,-2.665588,4.213570,-2.985663,-2.665588,4.213570,-2.985663,0.000000,0.000000,-2.665588,4.213570,-2.985663,0.000000,0.000000,-2.665588,4.213570,-2.985663,0.000000,0.000000,nan,nan,nan,nan,nan,0.000000,0
1788899787.226847,1.096509,-2.665588,4.213570,-2.985663,-2.665588,4.213570,-2.985663,0.000000,0.000000,-2.665588,4.213570,-2.985663,0.000000,0.000000,-2.665588,4.213570,-2.985663,0.000000,0.000000,nan,nan,nan,nan,nan,0.000000,0
1788899787.226847,1.096509,-2.665588,4.213570,-2.985663,-2.665588,4.213570,-2.985663,0.000000,0.000000,-2.665588,4.213570,-2.985663,0.000000,0.000000,-2.665588,4.213570,-2.985663,0.000000,0.000000,nan,nan,nan,nan,nan,0.000000,0
1788899787.276430,1.146092,-2.665588,4.213570,-2.985663,-2.665588,4.213570,-2.985663,0.000000,0.000000,-2.665588,4.213570,-2.985663,0.000000,0.000000,-2.665588,4.213570,-2.985663,0.000000,0.000000,nan,nan,nan,nan,nan,0.000000,0
1788899787.276430,1.146092,-2.665588,4.213570,-2.985663,-2.665588,4.213570,-2.985663,0.000000,0.000000,-2.665588,4.213570,-2.985663,0.000000,0.000000,-2.665588,4.213570,-2.985663,0.000000,0.000000,nan,nan,nan,nan,nan,0.000000,0
1788899787.326571,1.196233,-2.665588,4.213570,-2.985663,-2.665588,4.213570,-2.985663,0.000000,0.000000,-2.665588,4.213570,-2.985663,0.000000,0.000000,-2.665588,4.213570,-2.985663,0.000000,0.000000,nan,nan,nan,nan,nan,0.000000,0
1788899787.326571,1.196233,-2.665588,4.213570,-2.985663,-2.665588,4.213570,-2.985663,0.000000,0.000000,-2.665588,4.213570,-2.985663,0.000000,0.000000,-2.665588,4.213570,-2.985663,0.000000,0.000000,nan,nan,nan,nan,nan,0.000000,0
1788899787.376786,1.246448,-2.665588,4.213570,-2.985663,-2.665588,4.213570,-2.985663,0.000000,0.000000,-2.665588,4.213570,-2.985663,0.000000,0.000000,-2.665588,4.213570,-2.985663,0.000000,0.000000,nan,nan,nan,nan,nan,0.000000,0
1788899787.376786,1.246448,-2.665588,4.213570,-2.985663,-2.665588,4.213570,-2.985663,0.000000,0.000000,-2.665588,4.213570,-2.985663,0.000000,0.000000,-2.665588,4.213570,-2.985663,0.000000,0.000000,nan,nan,nan,nan,nan,0.000000,0
1788899787.426232,1.295894,-2.665588,4.213570,-2.985663,-2.665588,4.213570,-2.985663,0.000000,0.000000,-2.665588,4.213570,-2.985663,0.000000,0.000000,-2.665588,4.213570,-2.985663,0.000000,0.000000,nan,nan,nan,nan,nan,0.000000,0
1788899787.426232,1.295894,-2.665588,4.213570,-2.985663,-2.665588,4.213570,-2.985663,0.000000,0.000000,-2.665588,4.213570,-2.985663,0.000000,0.000000,-2.665588,4.213570,-2.985663,0.000000,0.000000,nan,nan,nan,nan,nan,0.000000,0
1788899787.476387,1.346049,-2.665588,4.213570,-2.985663,-2.665588,4.213570,-2.985663,0.000000,0.000000,-2.665588,4.213570,-2.985663,0.000000,0.000000,-2.665588,4.213570,-2.985663,0.000000,0.000000,nan,nan,nan,nan,nan,0.000000,0
1788899787.476387,1.346049,-2.665588,4.213570,-2.985663,-2.665588,4.213570,-2.985663,0.000000,0.000000,-2.665588,4.213570,-2.985663,0.000000,0.000000,-2.665588,4.213570,-2.985663,0.000000,0.000000,nan,nan,nan,nan,nan,0.000000,0
1788899787.526546,1.396208,-2.665588,4.213570,-2.985663,-2.665588,4.213570,-2.985663,0.000000,0.000000,-2.665588,4.213570,-2.985663,0.000000,0.000000,-2.665588,4.213570,-2.985663,0.000000,0.000000,nan,nan,nan,nan,nan,0.000000,0
1788899787.526546,1.396208,-2.665588,4.213570,-2.985663,-2.665588,4.213570,-2.985663,0.000000,0.000000,-2.665588,4.213570,-2.985663,0.000000,0.000000,-2.665588,4.213570,-2.985663,0.000000,0.000000,nan,nan,nan,nan,nan,0.000000,0
1788899787.576571,1.446233,-2.665588,4.213570,-2.985663,-2.665588,4.213570,-2.985663,0.000000,0.000000,-2.665588,4.213570,-2.985663,0.000000,0.000000,-2.665588,4.213570,-2.985663,0.000000,0.000000,nan,nan,nan,nan,nan,0.000000,0
1788899787.576571,1.446233,-2.665588,4.213570,-2.985663,-2.665588,4.213570,-2.985663,0.000000,0.000000,-2.665588,4.213570,-2.985663,0.000000,0.000000,-2.665588,4.213570,-2.985663,0.000000,0.000000,nan,nan,nan,nan,nan,0.000000,0
1788899787.626578,1.496240,-2.665588,4.213570,-2.985663,-2.665588,4.213570,-2.985663,0.000000,0.000000,-2.665588,4.213570,-2.985663,0.000000,0.000000,-2.665588,4.213570,-2.985663,0.000000,0.000000,nan,nan,nan,nan,nan,0.000000,0
1788899787.626578,1.496240,-2.665588,4.213570,-2.985663,-2.665588,4.213570,-2.985663,0.000000,0.000000,-2.665588,4.213570,-2.985663,0.000000,0.000000,-2.665588,4.213570,-2.985663,0.000000,0.000000,nan,nan,nan,nan,nan,0.000000,0
1788899787.676404,1.546066,-2.665588,4.213570,-2.985663,-2.665588,4.213570,-2.985663,0.000000,0.000000,-2.665588,4.213570,-2.985663,0.000000,0.000000,-2.665588,4.213570,-2.985663,0.000000,0.000000,nan,nan,nan,nan,nan,0.000000,0
1788899787.676404,1.546066,-2.665588,4.213570,-2.985663,-2.665588,4.213570,-2.985663,0.000000,0.000000,-2.665588,4.213570,-2.985663,0.000000,0.000000,-2.665588,4.213570,-2.985663,0.000000,0.000000,nan,nan,nan,nan,nan,0.000000,0
1788899787.726654,1.596316,-2.665588,4.213570,-2.985663,-2.665588,4.213570,-2.985663,0.000000,0.000000,-2.665588,4.213570,-2.985663,0.000000,0.000000,-2.665588,4.213570,-2.985663,0.000000,0.000000,nan,nan,nan,nan,nan,0.000000,0
1788899787.726654,1.596316,-2.665588,4.213570,-2.985663,-2.665588,4.213570,-2.985663,0.000000,0.000000,-2.665588,4.213570,-2.985663,0.000000,0.000000,-2.665588,4.213570,-2.985663,0.000000,0.000000,nan,nan,nan,nan,nan,0.000000,0
1788899787.776407,1.646069,-2.665588,4.213570,-2.985663,-2.665588,4.213570,-2.985663,0.000000,0.000000,-2.665588,4.213570,-2.985663,0.000000,0.000000,-2.665588,4.213570,-2.985663,0.000000,0.000000,nan,nan,nan,nan,nan,0.000000,0
1788899787.776407,1.646069,-2.665588,4.213570,-2.985663,-2.665588,4.213570,-2.985663,0.000000,0.000000,-2.665588,4.213570,-2.985663,0.000000,0.000000,-2.665588,4.213570,-2.985663,0.000000,0.000000,nan,nan,nan,nan,nan,0.000000,0
1788899787.826201,1.695863,-2.665588,4.213570,-2.985663,-2.665588,4.213570,-2.985663,0.000000,0.000000,-2.665588,4.213570,-2.985663,0.000000,0.000000,-2.665588,4.213570,-2.985663,0.000000,0.000000,nan,nan,nan,nan,nan,0.000000,0
1788899787.826201,1.695863,-2.665588,4.213570,-2.985663,-2.665588,4.213570,-2.985663,0.000000,0.000000,-2.665588,4.213570,-2.985663,0.000000,0.000000,-2.665588,4.213570,-2.985663,0.000000,0.000000,nan,nan,nan,nan,nan,0.000000,0
1788899787.876405,1.746067,-2.665588,4.213570,-2.985663,-2.665588,4.213570,-2.985663,0.000000,0.000000,-2.665588,4.213570,-2.985663,0.000000,0.000000,-2.665588,4.213570,-2.985663,0.000000,0.000000,nan,nan,nan,nan,nan,0.000000,0
1788899787.876405,1.746067,-2.665588,4.213570,-2.985663,-2.665588,4.213570,-2.985663,0.000000,0.000000,-2.665588,4.213570,-2.985663,0.000000,0.000000,-2.665588,4.213570,-2.985663,0.000000,0.000000,nan,nan,nan,nan,nan,0.000000,0
1788899787.925996,1.795657,-2.665588,4.213570,-2.985663,-2.665588,4.213570,-2.985663,0.000000,0.000000,-2.665588,4.213570,-2.985663,0.000000,0.000000,-2.665588,4.213570,-2.985663,0.000000,0.000000,nan,nan,nan,nan,nan,0.000000,0
1788899787.925996,1.795657,-2.665588,4.213570,-2.985663,-2.665588,4.213570,-2.985663,0.000000,0.000000,-2.665588,4.213570,-2.985663,0.000000,0.000000,-2.665588,4.213570,-2.985663,0.000000,0.000000,nan,nan,nan,nan,nan,0.000000,0
1788899787.976503,1.846164,-2.665588,4.213570,-2.985663,-2.665588,4.213570,-2.985663,0.000000,0.000000,-2.665588,4.213570,-2.985663,0.000000,0.000000,-2.665588,4.213570,-2.985663,0.000000,0.000000,nan,nan,nan,nan,nan,0.000000,0
1788899787.976503,1.846164,-2.665588,4.213570,-2.985663,-2.665588,4.213570,-2.985663,0.000000,0.000000,-2.665588,4.213570,-2.985663,0.000000,0.000000,-2.665588,4.213570,-2.985663,0.000000,0.000000,nan,nan,nan,nan,nan,0.000000,0
1788899788.026583,1.896245,-2.665588,4.213570,-2.985663,-2.665588,4.213570,-2.985663,0.000000,0.000000,-2.665588,4.213570,-2.985663,0.000000,0.000000,-2.665588,4.213570,-2.985663,0.000000,0.000000,nan,nan,nan,nan,nan,0.000000,0
1788899788.026583,1.896245,-2.665588,4.213570,-2.985663,-2.665588,4.213570,-2.985663,0.000000,0.000000,-2.665588,4.213570,-2.985663,0.000000,0.000000,-2.665588,4.213570,-2.985663,0.000000,0.000000,nan,nan,nan,nan,nan,0.000000,0
1788899788.076364,1.946025,-2.665588,4.213570,-2.985663,-2.665588,4.213570,-2.985663,0.000000,0.000000,-2.665588,4.213570,-2.985663,0.000000,0.000000,-2.665588,4.213570,-2.985663,0.000000,0.000000,nan,nan,nan,nan,nan,0.000000,0
1788899788.076364,1.946025,-2.665588,4.213570,-2.985663,-2.665588,4.213570,-2.985663,0.000000,0.000000,-2.665588,4.213570,-2.985663,0.000000,0.000000,-2.665588,4.213570,-2.985663,0.000000,0.000000,nan,nan,nan,nan,nan,0.000000,0
1788899788.126033,1.995694,-2.665588,4.213570,-2.985663,-2.665588,4.213570,-2.985663,0.000000,0.000000,-2.665588,4.213570,-2.985663,0.000000,0.000000,-2.665588,4.213570,-2.985663,0.000000,0.000000,nan,nan,nan,nan,nan,0.000000,0
1788899788.126033,1.995694,-2.665588,4.213570,-2.985663,-2.665588,4.213570,-2.985663,0.000000,0.000000,-2.665588,4.213570,-2.985663,0.000000,0.000000,-2.665588,4.213570,-2.985663,0.000000,0.000000,nan,nan,nan,nan,nan,0.000000,0
1788899788.176166,2.045828,-2.665588,4.213570,-2.985663,-2.665588,4.213570,-2.985663,0.000000,0.000000,-2.665588,4.213570,-2.985663,0.000000,0.000000,-2.665588,4.213570,-2.985663,0.000000,0.000000,nan,nan,nan,nan,nan,0.000000,0
1788899788.176166,2.045828,-2.665588,4.213570,-2.985663,-2.665588,4.213570,-2.985663,0.000000,0.000000,-2.665588,4.213570,-2.985663,0.000000,0.000000,-2.665588,4.213570,-2.985663,0.000000,0.000000,nan,nan,nan,nan,nan,0.000000,0
1788899788.226277,2.095939,-2.665588,4.213570,-2.985663,-2.665588,4.213570,-2.985663,0.000000,0.000000,-2.665588,4.213570,-2.985663,0.000000,0.000000,-2.665588,4.213570,-2.985663,0.000000,0.000000,nan,nan,nan,nan,nan,0.000000,0
1788899788.226277,2.095939,-2.665588,4.213570,-2.985663,-2.665588,4.213570,-2.985663,0.000000,0.000000,-2.665588,4.213570,-2.985663,0.000000,0.000000,-2.665588,4.213570,-2.985663,0.000000,0.000000,nan,nan,nan,nan,nan,0.000000,0
1788899788.276439,2.146101,-2.665588,4.213570,-2.985663,-2.665588,4.213570,-2.985663,0.000000,0.000000,-2.665588,4.213570,-2.985663,0.000000,0.000000,-2.665588,4.213570,-2.985663,0.000000,0.000000,nan,nan,nan,nan,nan,0.000000,0
1788899788.276439,2.146101,-2.665588,4.213570,-2.985663,-2.665588,4.213570,-2.985663,0.000000,0.000000,-2.665588,4.213570,-2.985663,0.000000,0.000000,-2.665588,4.213570,-2.985663,0.000000,0.000000,nan,nan,nan,nan,nan,0.000000,0
1788899788.326848,2.196509,-2.665588,4.213570,-2.985663,-2.665588,4.213570,-2.985663,0.000000,0.000000,-2.665588,4.213570,-2.985663,0.000000,0.000000,-2.665588,4.213570,-2.985663,0.000000,0.000000,nan,nan,nan,nan,nan,0.000000,0
1788899788.326848,2.196509,-2.665588,4.213570,-2.985663,-2.665588,4.213570,-2.985663,0.000000,0.000000,-2.665588,4.213570,-2.985663,0.000000,0.000000,-2.665588,4.213570,-2.985663,0.000000,0.000000,nan,nan,nan,nan,nan,0.000000,0
1788899788.376662,2.246323,-2.665572,4.213471,-2.985663,-2.665588,4.213570,-2.985663,0.000100,0.000000,-2.665588,4.213570,-2.985663,0.000100,0.000000,-2.665588,4.213570,-2.985663,0.000100,0.000000,nan,nan,nan,nan,nan,0.002007,0
1788899788.376662,2.246323,-2.665572,4.213471,-2.985663,-2.665588,4.213570,-2.985663,0.000100,0.000000,-2.665588,4.213570,-2.985663,0.000100,0.000000,-2.665588,4.213570,-2.985663,0.000100,0.000000,nan,nan,nan,nan,nan,0.002007,0
1788899788.425888,2.295550,-2.665572,4.213471,-2.985663,-2.665588,4.213570,-2.985663,0.000100,0.000000,-2.665588,4.213570,-2.985663,0.000100,0.000000,-2.665588,4.213570,-2.985663,0.000100,0.000000,nan,nan,nan,nan,nan,0.000000,0
1788899788.425888,2.295550,-2.665572,4.213471,-2.985663,-2.665588,4.213570,-2.985663,0.000100,0.000000,-2.665588,4.213570,-2.985663,0.000100,0.000000,-2.665588,4.213570,-2.985663,0.000100,0.000000,nan,nan,nan,nan,nan,0.000000,0
1788899788.476131,2.345793,-2.665572,4.213471,-2.985663,-2.665588,4.213570,-2.985663,0.000100,0.000000,-2.665588,4.213570,-2.985663,0.000100,0.000000,-2.665588,4.213570,-2.985663,0.000100,0.000000,nan,nan,nan,nan,nan,0.000000,0
1788899788.476131,2.345793,-2.665572,4.213471,-2.985663,-2.665588,4.213570,-2.985663,0.000100,0.000000,-2.665588,4.213570,-2.985663,0.000100,0.000000,-2.665588,4.213570,-2.985663,0.000100,0.000000,nan,nan,nan,nan,nan,0.000000,0
1788899788.526718,2.396379,-2.665572,4.213471,-2.985663,-2.665588,4.213570,-2.985663,0.000100,0.000000,-2.665588,4.213570,-2.985663,0.000100,0.000000,-2.665588,4.213570,-2.985663,0.000100,0.000000,nan,nan,nan,nan,nan,0.000000,0
1788899788.526718,2.396379,-2.665572,4.213471,-2.985663,-2.665588,4.213570,-2.985663,0.000100,0.000000,-2.665588,4.213570,-2.985663,0.000100,0.000000,-2.665588,4.213570,-2.985663,0.000100,0.000000,nan,nan,nan,nan,nan,0.000000,0
1788899788.576364,2.446026,-2.665572,4.213471,-2.985663,-2.665588,4.213570,-2.985663,0.000100,0.000000,-2.665588,4.213570,-2.985663,0.000100,0.000000,-2.665588,4.213570,-2.985663,0.000100,0.000000,nan,nan,nan,nan,nan,0.000000,0
1788899788.576364,2.446026,-2.665572,4.213471,-2.985663,-2.665588,4.213570,-2.985663,0.000100,0.000000,-2.665588,4.213570,-2.985663,0.000100,0.000000,-2.665588,4.213570,-2.985663,0.000100,0.000000,nan,nan,nan,nan,nan,0.000000,0
1788899788.626810,2.496472,-2.665572,4.213471,-2.985663,-2.665588,4.213570,-2.985663,0.000100,0.000000,-2.665588,4.213570,-2.985663,0.000100,0.000000,-2.665588,4.213570,-2.985663,0.000100,0.000000,nan,nan,nan,nan,nan,0.000000,0
1788899788.626810,2.496472,-2.665572,4.213471,-2.985663,-2.665588,4.213570,-2.985663,0.000100,0.000000,-2.665588,4.213570,-2.985663,0.000100,0.000000,-2.665588,4.213570,-2.985663,0.000100,0.000000,nan,nan,nan,nan,nan,0.000000,0
1788899788.676785,2.546447,-2.665572,4.213471,-2.985663,-2.665588,4.213570,-2.985663,0.000100,0.000000,-2.665588,4.213570,-2.985663,0.000100,0.000000,-2.665588,4.213570,-2.985663,0.000100,0.000000,nan,nan,nan,nan,nan,0.000000,0
1788899788.676785,2.546447,-2.665572,4.213471,-2.985663,-2.665588,4.213570,-2.985663,0.000100,0.000000,-2.665588,4.213570,-2.985663,0.000100,0.000000,-2.665588,4.213570,-2.985663,0.000100,0.000000,nan,nan,nan,nan,nan,0.000000,0
1788899788.726603,2.596265,-2.665572,4.213471,-2.985663,-2.665588,4.213570,-2.985663,0.000100,0.000000,-2.665588,4.213570,-2.985663,0.000100,0.000000,-2.665588,4.213570,-2.985663,0.000100,0.000000,nan,nan,nan,nan,nan,0.000000,0
1788899788.726603,2.596265,-2.665572,4.213471,-2.985663,-2.665588,4.213570,-2.985663,0.000100,0.000000,-2.665588,4.213570,-2.985663,0.000100,0.000000,-2.665588,4.213570,-2.985663,0.000100,0.000000,nan,nan,nan,nan,nan,0.000000,0
1788899788.776213,2.645875,-2.665572,4.213471,-2.985663,-2.665588,4.213570,-2.985663,0.000100,0.000000,-2.665588,4.213570,-2.985663,0.000100,0.000000,-2.665588,4.213570,-2.985663,0.000100,0.000000,nan,nan,nan,nan,nan,0.000000,0
1788899788.776213,2.645875,-2.665572,4.213471,-2.985663,-2.665588,4.213570,-2.985663,0.000100,0.000000,-2.665588,4.213570,-2.985663,0.000100,0.000000,-2.665588,4.213570,-2.985663,0.000100,0.000000,nan,nan,nan,nan,nan,0.000000,0
1788899788.826759,2.696421,-2.665572,4.213471,-2.985663,-2.665588,4.213570,-2.985663,0.000100,0.000000,-2.665588,4.213570,-2.985663,0.000100,0.000000,-2.665588,4.213570,-2.985663,0.000100,0.000000,nan,nan,nan,nan,nan,0.000000,0
1788899788.826759,2.696421,-2.665572,4.213471,-2.985663,-2.665588,4.213570,-2.985663,0.000100,0.000000,-2.665588,4.213570,-2.985663,0.000100,0.000000,-2.665588,4.213570,-2.985663,0.000100,0.000000,nan,nan,nan,nan,nan,0.000000,0
1788899788.876731,2.746393,-2.665572,4.213471,-2.985663,-2.665588,4.213570,-2.985663,0.000100,0.000000,-2.665588,4.213570,-2.985663,0.000100,0.000000,-2.665588,4.213570,-2.985663,0.000100,0.000000,nan,nan,nan,nan,nan,0.000000,0
1788899788.876731,2.746393,-2.665572,4.213471,-2.985663,-2.665588,4.213570,-2.985663,0.000100,0.000000,-2.665588,4.213570,-2.985663,0.000100,0.000000,-2.665588,4.213570,-2.985663,0.000100,0.000000,nan,nan,nan,nan,nan,0.000000,0
1788899788.926805,2.796467,-2.665572,4.213471,-2.985663,-2.665588,4.213570,-2.985663,0.000100,0.000000,-2.665588,4.213570,-2.985663,0.000100,0.000000,-2.665588,4.213570,-2.985663,0.000100,0.000000,nan,nan,nan,nan,nan,0.000000,0
1788899788.926805,2.796467,-2.665572,4.213471,-2.985663,-2.665588,4.213570,-2.985663,0.000100,0.000000,-2.665588,4.213570,-2.985663,0.000100,0.000000,-2.665588,4.213570,-2.985663,0.000100,0.000000,nan,nan,nan,nan,nan,0.000000,0
1788899788.977545,2.847207,-2.665572,4.213471,-2.985663,-2.665588,4.213570,-2.985663,0.000100,0.000000,-2.665588,4.213570,-2.985663,0.000100,0.000000,-2.665588,4.213570,-2.985663,0.000100,0.000000,nan,nan,nan,nan,nan,0.000000,0
1788899788.977545,2.847207,-2.665572,4.213471,-2.985663,-2.665588,4.213570,-2.985663,0.000100,0.000000,-2.665588,4.213570,-2.985663,0.000100,0.000000,-2.665588,4.213570,-2.985663,0.000100,0.000000,nan,nan,nan,nan,nan,0.000000,0
1788899789.026800,2.896462,-2.665572,4.213471,-2.985663,-2.665588,4.213570,-2.985663,0.000100,0.000000,-2.665588,4.213570,-2.985663,0.000100,0.000000,-2.665588,4.213570,-2.985663,0.000100,0.000000,nan,nan,nan,nan,nan,0.000000,0
1788899789.026800,2.896462,-2.665572,4.213471,-2.985663,-2.665588,4.213570,-2.985663,0.000100,0.000000,-2.665588,4.213570,-2.985663,0.000100,0.000000,-2.665588,4.213570,-2.985663,0.000100,0.000000,nan,nan,nan,nan,nan,0.000000,0
1788899789.076899,2.946560,-2.665572,4.213471,-2.985663,-2.665588,4.213570,-2.985663,0.000100,0.000000,-2.665588,4.213570,-2.985663,0.000100,0.000000,-2.665588,4.213570,-2.985663,0.000100,0.000000,nan,nan,nan,nan,nan,0.000000,0
1788899789.076899,2.946560,-2.665572,4.213471,-2.985663,-2.665588,4.213570,-2.985663,0.000100,0.000000,-2.665588,4.213570,-2.985663,0.000100,0.000000,-2.665588,4.213570,-2.985663,0.000100,0.000000,nan,nan,nan,nan,nan,0.000000,0
1788899789.126734,2.996396,-2.665572,4.213471,-2.985663,-2.665588,4.213570,-2.985663,0.000100,0.000000,-2.665588,4.213570,-2.985663,0.000100,0.000000,-2.665588,4.213570,-2.985663,0.000100,0.000000,nan,nan,nan,nan,nan,0.000000,0
1788899789.126734,2.996396,-2.665572,4.213471,-2.985663,-2.665588,4.213570,-2.985663,0.000100,0.000000,-2.665588,4.213570,-2.985663,0.000100,0.000000,-2.665588,4.213570,-2.985663,0.000100,0.000000,nan,nan,nan,nan,nan,0.000000,0
1788899789.176089,3.045751,-2.665572,4.213471,-2.985663,-2.665588,4.213570,-2.985663,0.000100,0.000000,-2.665588,4.213570,-2.985663,0.000100,0.000000,-2.665588,4.213570,-2.985663,0.000100,0.000000,nan,nan,nan,nan,nan,0.000000,0
1788899789.176089,3.045751,-2.665572,4.213471,-2.985663,-2.665588,4.213570,-2.985663,0.000100,0.000000,-2.665588,4.213570,-2.985663,0.000100,0.000000,-2.665588,4.213570,-2.985663,0.000100,0.000000,nan,nan,nan,nan,nan,0.000000,0
1788899789.226800,3.096462,-2.665572,4.213471,-2.985663,-2.665588,4.213570,-2.985663,0.000100,0.000000,-2.665588,4.213570,-2.985663,0.000100,0.000000,-2.665588,4.213570,-2.985663,0.000100,0.000000,nan,nan,nan,nan,nan,0.000000,0
1788899789.226800,3.096462,-2.665572,4.213471,-2.985663,-2.665588,4.213570,-2.985663,0.000100,0.000000,-2.665588,4.213570,-2.985663,0.000100,0.000000,-2.665588,4.213570,-2.985663,0.000100,0.000000,nan,nan,nan,nan,nan,0.000000,0
1788899789.278257,3.147918,-2.665572,4.213471,-2.985663,-2.665588,4.213570,-2.985663,0.000100,0.000000,-2.665588,4.213570,-2.985663,0.000100,0.000000,-2.665588,4.213570,-2.985663,0.000100,0.000000,nan,nan,nan,nan,nan,0.000000,0
1788899789.278257,3.147918,-2.665572,4.213471,-2.985663,-2.665588,4.213570,-2.985663,0.000100,0.000000,-2.665588,4.213570,-2.985663,0.000100,0.000000,-2.665588,4.213570,-2.985663,0.000100,0.000000,nan,nan,nan,nan,nan,0.000000,0
1788899789.332080,3.201742,-2.665572,4.213471,-2.985663,-2.665588,4.213570,-2.985663,0.000100,0.000000,-2.665588,4.213570,-2.985663,0.000100,0.000000,-2.665588,4.213570,-2.985663,0.000100,0.000000,nan,nan,nan,nan,nan,0.000000,0
1788899789.332080,3.201742,-2.665572,4.213471,-2.985663,-2.665588,4.213570,-2.985663,0.000100,0.000000,-2.665588,4.213570,-2.985663,0.000100,0.000000,-2.665588,4.213570,-2.985663,0.000100,0.000000,nan,nan,nan,nan,nan,0.000000,0
1788899789.381110,3.250772,-2.665572,4.213471,-2.985663,-2.665588,4.213570,-2.985663,0.000100,0.000000,-2.665588,4.213570,-2.985663,0.000100,0.000000,-2.665588,4.213570,-2.985663,0.000100,0.000000,nan,nan,nan,nan,nan,0.000000,0
1788899789.381110,3.250772,-2.665572,4.213471,-2.985663,-2.665588,4.213570,-2.985663,0.000100,0.000000,-2.665588,4.213570,-2.985663,0.000100,0.000000,-2.665588,4.213570,-2.985663,0.000100,0.000000,nan,nan,nan,nan,nan,0.000000,0
1788899789.436718,3.306380,-2.665572,4.213471,-2.985663,-2.665588,4.213570,-2.985663,0.000100,0.000000,-2.665588,4.213570,-2.985663,0.000100,0.000000,-2.665588,4.213570,-2.985663,0.000100,0.000000,nan,nan,nan,nan,nan,0.000000,0
1788899789.436718,3.306380,-2.665572,4.213471,-2.985663,-2.665588,4.213570,-2.985663,0.000100,0.000000,-2.665588,4.213570,-2.985663,0.000100,0.000000,-2.665588,4.213570,-2.985663,0.000100,0.000000,nan,nan,nan,nan,nan,0.000000,0
1788899789.501504,3.371166,-2.665572,4.213471,-2.985663,-2.665588,4.213570,-2.985663,0.000100,0.000000,-2.665588,4.213570,-2.985663,0.000100,0.000000,-2.665588,4.213570,-2.985663,0.000100,0.000000,nan,nan,nan,nan,nan,0.000000,0
1788899789.501504,3.371166,-2.665572,4.213471,-2.985663,-2.665588,4.213570,-2.985663,0.000100,0.000000,-2.665588,4.213570,-2.985663,0.000100,0.000000,-2.665588,4.213570,-2.985663,0.000100,0.000000,nan,nan,nan,nan,nan,0.000000,0
1788899789.551764,3.421426,-2.665572,4.213471,-2.985663,-2.665588,4.213570,-2.985663,0.000100,0.000000,-2.665588,4.213570,-2.985663,0.000100,0.000000,-2.665588,4.213570,-2.985663,0.000100,0.000000,nan,nan,nan,nan,nan,0.000000,0
1788899789.551764,3.421426,-2.665572,4.213471,-2.985663,-2.665588,4.213570,-2.985663,0.000100,0.000000,-2.665588,4.213570,-2.985663,0.000100,0.000000,-2.665588,4.213570,-2.985663,0.000100,0.000000,nan,nan,nan,nan,nan,0.000000,0
1788899789.601465,3.471127,-2.665572,4.213471,-2.985663,-2.665588,4.213570,-2.985663,0.000100,0.000000,-2.665588,4.213570,-2.985663,0.000100,0.000000,-2.665588,4.213570,-2.985663,0.000100,0.000000,nan,nan,nan,nan,nan,0.000000,0
1788899789.601465,3.471127,-2.665572,4.213471,-2.985663,-2.665588,4.213570,-2.985663,0.000100,0.000000,-2.665588,4.213570,-2.985663,0.000100,0.000000,-2.665588,4.213570,-2.985663,0.000100,0.000000,nan,nan,nan,nan,nan,0.000000,0
1788899789.651282,3.520944,-2.665572,4.213471,-2.985663,-2.665588,4.213570,-2.985663,0.000100,0.000000,-2.665588,4.213570,-2.985663,0.000100,0.000000,-2.665588,4.213570,-2.985663,0.000100,0.000000,nan,nan,nan,nan,nan,0.000000,0
1788899789.651282,3.520944,-2.665572,4.213471,-2.985663,-2.665588,4.213570,-2.985663,0.000100,0.000000,-2.665588,4.213570,-2.985663,0.000100,0.000000,-2.665588,4.213570,-2.985663,0.000100,0.000000,nan,nan,nan,nan,nan,0.000000,0
1788899789.701487,3.571148,-2.665572,4.213471,-2.985663,-2.665588,4.213570,-2.985663,0.000100,0.000000,-2.665588,4.213570,-2.985663,0.000100,0.000000,-2.665588,4.213570,-2.985663,0.000100,0.000000,nan,nan,nan,nan,nan,0.000000,0
1788899789.701487,3.571148,-2.665572,4.213471,-2.985663,-2.665588,4.213570,-2.985663,0.000100,0.000000,-2.665588,4.213570,-2.985663,0.000100,0.000000,-2.665588,4.213570,-2.985663,0.000100,0.000000,nan,nan,nan,nan,nan,0.000000,0
1788899789.751784,3.621445,-2.665572,4.213471,-2.985663,-2.665588,4.213570,-2.985663,0.000100,0.000000,-2.665588,4.213570,-2.985663,0.000100,0.000000,-2.665588,4.213570,-2.985663,0.000100,0.000000,nan,nan,nan,nan,nan,0.000000,0
1788899789.751784,3.621445,-2.665572,4.213471,-2.985663,-2.665588,4.213570,-2.985663,0.000100,0.000000,-2.665588,4.213570,-2.985663,0.000100,0.000000,-2.665588,4.213570,-2.985663,0.000100,0.000000,nan,nan,nan,nan,nan,0.000000,0
1788899789.801923,3.671584,-2.665572,4.213471,-2.985663,-2.665588,4.213570,-2.985663,0.000100,0.000000,-2.665588,4.213570,-2.985663,0.000100,0.000000,-2.665588,4.213570,-2.985663,0.000100,0.000000,nan,nan,nan,nan,nan,0.000000,0
1788899789.801923,3.671584,-2.665572,4.213471,-2.985663,-2.665588,4.213570,-2.985663,0.000100,0.000000,-2.665588,4.213570,-2.985663,0.000100,0.000000,-2.665588,4.213570,-2.985663,0.000100,0.000000,nan,nan,nan,nan,nan,0.000000,0
1788899789.851884,3.721545,-2.665572,4.213471,-2.985663,-2.665588,4.213570,-2.985663,0.000100,0.000000,-2.665588,4.213570,-2.985663,0.000100,0.000000,-2.665588,4.213570,-2.985663,0.000100,0.000000,nan,nan,nan,nan,nan,0.000000,0
1788899789.851884,3.721545,-2.665572,4.213471,-2.985663,-2.665588,4.213570,-2.985663,0.000100,0.000000,-2.665588,4.213570,-2.985663,0.000100,0.000000,-2.665588,4.213570,-2.985663,0.000100,0.000000,nan,nan,nan,nan,nan,0.000000,0
1788899789.901480,3.771142,-2.665572,4.213471,-2.985663,-2.665588,4.213570,-2.985663,0.000100,0.000000,-2.665588,4.213570,-2.985663,0.000100,0.000000,-2.665588,4.213570,-2.985663,0.000100,0.000000,nan,nan,nan,nan,nan,0.000000,0
1788899789.901480,3.771142,-2.665572,4.213471,-2.985663,-2.665588,4.213570,-2.985663,0.000100,0.000000,-2.665588,4.213570,-2.985663,0.000100,0.000000,-2.665588,4.213570,-2.985663,0.000100,0.000000,nan,nan,nan,nan,nan,0.000000,0
1788899789.950976,3.820637,-2.665572,4.213471,-2.985663,-2.665588,4.213570,-2.985663,0.000100,0.000000,-2.665588,4.213570,-2.985663,0.000100,0.000000,-2.665588,4.213570,-2.985663,0.000100,0.000000,nan,nan,nan,nan,nan,0.000000,0
1788899789.950976,3.820637,-2.665572,4.213471,-2.985663,-2.665588,4.213570,-2.985663,0.000100,0.000000,-2.665588,4.213570,-2.985663,0.000100,0.000000,-2.665588,4.213570,-2.985663,0.000100,0.000000,nan,nan,nan,nan,nan,0.000000,0
1788899790.001780,3.871442,-2.665572,4.213471,-2.985663,-2.665588,4.213570,-2.985663,0.000100,0.000000,-2.665588,4.213570,-2.985663,0.000100,0.000000,-2.665588,4.213570,-2.985663,0.000100,0.000000,nan,nan,nan,nan,nan,0.000000,0
1788899790.001780,3.871442,-2.665572,4.213471,-2.985663,-2.665588,4.213570,-2.985663,0.000100,0.000000,-2.665588,4.213570,-2.985663,0.000100,0.000000,-2.665588,4.213570,-2.985663,0.000100,0.000000,nan,nan,nan,nan,nan,0.000000,0
1788899790.051704,3.921366,-2.665572,4.213471,-2.985663,-2.665588,4.213570,-2.985663,0.000100,0.000000,-2.665588,4.213570,-2.985663,0.000100,0.000000,-2.665588,4.213570,-2.985663,0.000100,0.000000,nan,nan,nan,nan,nan,0.000000,0
1788899790.051704,3.921366,-2.665572,4.213471,-2.985663,-2.665588,4.213570,-2.985663,0.000100,0.000000,-2.665588,4.213570,-2.985663,0.000100,0.000000,-2.665588,4.213570,-2.985663,0.000100,0.000000,nan,nan,nan,nan,nan,0.000000,0
1788899790.101116,3.970778,-2.665572,4.213471,-2.985663,-2.665588,4.213570,-2.985663,0.000100,0.000000,-2.665588,4.213570,-2.985663,0.000100,0.000000,-2.665588,4.213570,-2.985663,0.000100,0.000000,nan,nan,nan,nan,nan,0.000000,0
1788899790.101116,3.970778,-2.665572,4.213471,-2.985663,-2.665588,4.213570,-2.985663,0.000100,0.000000,-2.665588,4.213570,-2.985663,0.000100,0.000000,-2.665588,4.213570,-2.985663,0.000100,0.000000,nan,nan,nan,nan,nan,0.000000,0
1788899790.151010,4.020672,-2.665572,4.213471,-2.985663,-2.665588,4.213570,-2.985663,0.000100,0.000000,-2.665588,4.213570,-2.985663,0.000100,0.000000,-2.665588,4.213570,-2.985663,0.000100,0.000000,nan,nan,nan,nan,nan,0.000000,0
1788899790.151010,4.020672,-2.665572,4.213471,-2.985663,-2.665588,4.213570,-2.985663,0.000100,0.000000,-2.665588,4.213570,-2.985663,0.000100,0.000000,-2.665588,4.213570,-2.985663,0.000100,0.000000,nan,nan,nan,nan,nan,0.000000,0
1788899790.200979,4.070640,-2.665572,4.213471,-2.985663,-2.665588,4.213570,-2.985663,0.000100,0.000000,-2.665588,4.213570,-2.985663,0.000100,0.000000,-2.665588,4.213570,-2.985663,0.000100,0.000000,nan,nan,nan,nan,nan,0.000000,0
1788899790.200979,4.070640,-2.665572,4.213471,-2.985663,-2.665588,4.213570,-2.985663,0.000100,0.000000,-2.665588,4.213570,-2.985663,0.000100,0.000000,-2.665588,4.213570,-2.985663,0.000100,0.000000,nan,nan,nan,nan,nan,0.000000,0
1788899790.251860,4.121522,-2.665572,4.213471,-2.985663,-2.665588,4.213570,-2.985663,0.000100,0.000000,-2.665588,4.213570,-2.985663,0.000100,0.000000,-2.665588,4.213570,-2.985663,0.000100,0.000000,nan,nan,nan,nan,nan,0.000000,0
1788899790.251860,4.121522,-2.665572,4.213471,-2.985663,-2.665588,4.213570,-2.985663,0.000100,0.000000,-2.665588,4.213570,-2.985663,0.000100,0.000000,-2.665588,4.213570,-2.985663,0.000100,0.000000,nan,nan,nan,nan,nan,0.000000,0
1788899790.301749,4.171410,-2.665572,4.213471,-2.985663,-2.665588,4.213570,-2.985663,0.000100,0.000000,-2.665588,4.213570,-2.985663,0.000100,0.000000,-2.665588,4.213570,-2.985663,0.000100,0.000000,nan,nan,nan,nan,nan,0.000000,0
1788899790.301749,4.171410,-2.665572,4.213471,-2.985663,-2.665588,4.213570,-2.985663,0.000100,0.000000,-2.665588,4.213570,-2.985663,0.000100,0.000000,-2.665588,4.213570,-2.985663,0.000100,0.000000,nan,nan,nan,nan,nan,0.000000,0
1788899790.351292,4.220954,-2.665572,4.213471,-2.985663,-2.665588,4.213570,-2.985663,0.000100,0.000000,-2.665588,4.213570,-2.985663,0.000100,0.000000,-2.665588,4.213570,-2.985663,0.000100,0.000000,nan,nan,nan,nan,nan,0.000000,0
1788899790.351292,4.220954,-2.665572,4.213471,-2.985663,-2.665588,4.213570,-2.985663,0.000100,0.000000,-2.665588,4.213570,-2.985663,0.000100,0.000000,-2.665588,4.213570,-2.985663,0.000100,0.000000,nan,nan,nan,nan,nan,0.000000,0
1788899790.401484,4.271146,-2.665572,4.213471,-2.985663,-2.665588,4.213570,-2.985663,0.000100,0.000000,-2.665588,4.213570,-2.985663,0.000100,0.000000,-2.665588,4.213570,-2.985663,0.000100,0.000000,nan,nan,nan,nan,nan,0.000000,0
1788899790.401484,4.271146,-2.665572,4.213471,-2.985663,-2.665588,4.213570,-2.985663,0.000100,0.000000,-2.665588,4.213570,-2.985663,0.000100,0.000000,-2.665588,4.213570,-2.985663,0.000100,0.000000,nan,nan,nan,nan,nan,0.000000,0
1788899790.451492,4.321154,-2.665572,4.213471,-2.985663,-2.665588,4.213570,-2.985663,0.000100,0.000000,-2.665588,4.213570,-2.985663,0.000100,0.000000,-2.665588,4.213570,-2.985663,0.000100,0.000000,nan,nan,nan,nan,nan,0.000000,0
1788899790.451492,4.321154,-2.665572,4.213471,-2.985663,-2.665588,4.213570,-2.985663,0.000100,0.000000,-2.665588,4.213570,-2.985663,0.000100,0.000000,-2.665588,4.213570,-2.985663,0.000100,0.000000,nan,nan,nan,nan,nan,0.000000,0
1788899790.501809,4.371471,-2.665572,4.213471,-2.985663,-2.665588,4.213570,-2.985663,0.000100,0.000000,-2.665588,4.213570,-2.985663,0.000100,0.000000,-2.665588,4.213570,-2.985663,0.000100,0.000000,nan,nan,nan,nan,nan,0.000000,0
1788899790.501809,4.371471,-2.665572,4.213471,-2.985663,-2.665588,4.213570,-2.985663,0.000100,0.000000,-2.665588,4.213570,-2.985663,0.000100,0.000000,-2.665588,4.213570,-2.985663,0.000100,0.000000,nan,nan,nan,nan,nan,0.000000,0
1788899790.551046,4.420708,-2.665572,4.213471,-2.985663,-2.665588,4.213570,-2.985663,0.000100,0.000000,-2.665588,4.213570,-2.985663,0.000100,0.000000,-2.665588,4.213570,-2.985663,0.000100,0.000000,nan,nan,nan,nan,nan,0.000000,0
1788899790.551046,4.420708,-2.665572,4.213471,-2.985663,-2.665588,4.213570,-2.985663,0.000100,0.000000,-2.665588,4.213570,-2.985663,0.000100,0.000000,-2.665588,4.213570,-2.985663,0.000100,0.000000,nan,nan,nan,nan,nan,0.000000,0
1788899790.603225,4.472887,-2.665572,4.213471,-2.985663,-2.665588,4.213570,-2.985663,0.000100,0.000000,-2.665588,4.213570,-2.985663,0.000100,0.000000,-2.665588,4.213570,-2.985663,0.000100,0.000000,nan,nan,nan,nan,nan,0.000000,0
1788899790.603225,4.472887,-2.665572,4.213471,-2.985663,-2.665588,4.213570,-2.985663,0.000100,0.000000,-2.665588,4.213570,-2.985663,0.000100,0.000000,-2.665588,4.213570,-2.985663,0.000100,0.000000,nan,nan,nan,nan,nan,0.000000,0
1788899790.654151,4.523813,-2.665572,4.213471,-2.985663,-2.665588,4.213570,-2.985663,0.000100,0.000000,-2.665588,4.213570,-2.985663,0.000100,0.000000,-2.665588,4.213570,-2.985663,0.000100,0.000000,nan,nan,nan,nan,nan,0.000000,0
1788899790.654151,4.523813,-2.665572,4.213471,-2.985663,-2.665588,4.213570,-2.985663,0.000100,0.000000,-2.665588,4.213570,-2.985663,0.000100,0.000000,-2.665588,4.213570,-2.985663,0.000100,0.000000,nan,nan,nan,nan,nan,0.000000,0
1788899790.703591,4.573252,-2.665572,4.213471,-2.985663,-2.665588,4.213570,-2.985663,0.000100,0.000000,-2.665588,4.213570,-2.985663,0.000100,0.000000,-2.665588,4.213570,-2.985663,0.000100,0.000000,nan,nan,nan,nan,nan,0.000000,0
1788899790.703591,4.573252,-2.665572,4.213471,-2.985663,-2.665588,4.213570,-2.985663,0.000100,0.000000,-2.665588,4.213570,-2.985663,0.000100,0.000000,-2.665588,4.213570,-2.985663,0.000100,0.000000,nan,nan,nan,nan,nan,0.000000,0
1788899790.753030,4.622691,-2.665572,4.213471,-2.985663,-2.665588,4.213570,-2.985663,0.000100,0.000000,-2.665588,4.213570,-2.985663,0.000100,0.000000,-2.665588,4.213570,-2.985663,0.000100,0.000000,nan,nan,nan,nan,nan,0.000000,0
1788899790.753030,4.622691,-2.665572,4.213471,-2.985663,-2.665588,4.213570,-2.985663,0.000100,0.000000,-2.665588,4.213570,-2.985663,0.000100,0.000000,-2.665588,4.213570,-2.985663,0.000100,0.000000,nan,nan,nan,nan,nan,0.000000,0
1788899790.801541,4.671203,-2.665572,4.213471,-2.985663,-2.665588,4.213570,-2.985663,0.000100,0.000000,-2.665588,4.213570,-2.985663,0.000100,0.000000,-2.665588,4.213570,-2.985663,0.000100,0.000000,nan,nan,nan,nan,nan,0.000000,0
1788899790.801541,4.671203,-2.665572,4.213471,-2.985663,-2.665588,4.213570,-2.985663,0.000100,0.000000,-2.665588,4.213570,-2.985663,0.000100,0.000000,-2.665588,4.213570,-2.985663,0.000100,0.000000,nan,nan,nan,nan,nan,0.000000,0
1788899790.851822,4.721484,-2.665572,4.213471,-2.985663,-2.665588,4.213570,-2.985663,0.000100,0.000000,-2.665588,4.213570,-2.985663,0.000100,0.000000,-2.665588,4.213570,-2.985663,0.000100,0.000000,nan,nan,nan,nan,nan,0.000000,0
1788899790.851822,4.721484,-2.665572,4.213471,-2.985663,-2.665588,4.213570,-2.985663,0.000100,0.000000,-2.665588,4.213570,-2.985663,0.000100,0.000000,-2.665588,4.213570,-2.985663,0.000100,0.000000,nan,nan,nan,nan,nan,0.000000,0
1788899790.901709,4.771371,-2.665572,4.213471,-2.985663,-2.665588,4.213570,-2.985663,0.000100,0.000000,-2.665588,4.213570,-2.985663,0.000100,0.000000,-2.665588,4.213570,-2.985663,0.000100,0.000000,nan,nan,nan,nan,nan,0.000000,0
1788899790.901709,4.771371,-2.665572,4.213471,-2.985663,-2.665588,4.213570,-2.985663,0.000100,0.000000,-2.665588,4.213570,-2.985663,0.000100,0.000000,-2.665588,4.213570,-2.985663,0.000100,0.000000,nan,nan,nan,nan,nan,0.000000,0
1788899790.951165,4.820827,-2.665572,4.213471,-2.985663,-2.665588,4.213570,-2.985663,0.000100,0.000000,-2.665588,4.213570,-2.985663,0.000100,0.000000,-2.665588,4.213570,-2.985663,0.000100,0.000000,nan,nan,nan,nan,nan,0.000000,0
1788899790.951165,4.820827,-2.665572,4.213471,-2.985663,-2.665588,4.213570,-2.985663,0.000100,0.000000,-2.665588,4.213570,-2.985663,0.000100,0.000000,-2.665588,4.213570,-2.985663,0.000100,0.000000,nan,nan,nan,nan,nan,0.000000,0
1788899791.001784,4.871446,-2.665572,4.213471,-2.985663,-2.665588,4.213570,-2.985663,0.000100,0.000000,-2.665588,4.213570,-2.985663,0.000100,0.000000,-2.665588,4.213570,-2.985663,0.000100,0.000000,nan,nan,nan,nan,nan,0.000000,0
1788899791.001784,4.871446,-2.665572,4.213471,-2.985663,-2.665588,4.213570,-2.985663,0.000100,0.000000,-2.665588,4.213570,-2.985663,0.000100,0.000000,-2.665588,4.213570,-2.985663,0.000100,0.000000,nan,nan,nan,nan,nan,0.000000,0
1788899791.051723,4.921385,-2.665572,4.213471,-2.985663,-2.665588,4.213570,-2.985663,0.000100,0.000000,-2.665588,4.213570,-2.985663,0.000100,0.000000,-2.665588,4.213570,-2.985663,0.000100,0.000000,nan,nan,nan,nan,nan,0.000000,0
1788899791.051723,4.921385,-2.665572,4.213471,-2.985663,-2.665588,4.213570,-2.985663,0.000100,0.000000,-2.665588,4.213570,-2.985663,0.000100,0.000000,-2.665588,4.213570,-2.985663,0.000100,0.000000,nan,nan,nan,nan,nan,0.000000,0
1788899791.101468,4.971129,-2.665572,4.213471,-2.985663,-2.665588,4.213570,-2.985663,0.000100,0.000000,-2.665588,4.213570,-2.985663,0.000100,0.000000,-2.665588,4.213570,-2.985663,0.000100,0.000000,nan,nan,nan,nan,nan,0.000000,0
1788899791.101468,4.971129,-2.665572,4.213471,-2.985663,-2.665588,4.213570,-2.985663,0.000100,0.000000,-2.665588,4.213570,-2.985663,0.000100,0.000000,-2.665588,4.213570,-2.985663,0.000100,0.000000,nan,nan,nan,nan,nan,0.000000,0
1788899791.151460,5.021122,-2.665572,4.213471,-2.985663,-2.665588,4.213570,-2.985663,0.000100,0.000000,-2.665588,4.213570,-2.985663,0.000100,0.000000,-2.665588,4.213570,-2.985663,0.000100,0.000000,nan,nan,nan,nan,nan,0.000000,0
1788899791.151460,5.021122,-2.665572,4.213471,-2.985663,-2.665588,4.213570,-2.985663,0.000100,0.000000,-2.665588,4.213570,-2.985663,0.000100,0.000000,-2.665588,4.213570,-2.985663,0.000100,0.000000,nan,nan,nan,nan,nan,0.000000,0
1788899791.201723,5.071385,-2.665572,4.213471,-2.985663,-2.665588,4.213570,-2.985663,0.000100,0.000000,-2.665588,4.213570,-2.985663,0.000100,0.000000,-2.665588,4.213570,-2.985663,0.000100,0.000000,nan,nan,nan,nan,nan,0.000000,0
1788899791.201723,5.071385,-2.665572,4.213471,-2.985663,-2.665588,4.213570,-2.985663,0.000100,0.000000,-2.665588,4.213570,-2.985663,0.000100,0.000000,-2.665588,4.213570,-2.985663,0.000100,0.000000,nan,nan,nan,nan,nan,0.000000,0
1788899791.251577,5.121239,-2.665572,4.213471,-2.985663,-2.665588,4.213570,-2.985663,0.000100,0.000000,-2.665588,4.213570,-2.985663,0.000100,0.000000,-2.665588,4.213570,-2.985663,0.000100,0.000000,nan,nan,nan,nan,nan,0.000000,0
1788899791.251577,5.121239,-2.665572,4.213471,-2.985663,-2.665588,4.213570,-2.985663,0.000100,0.000000,-2.665588,4.213570,-2.985663,0.000100,0.000000,-2.665588,4.213570,-2.985663,0.000100,0.000000,nan,nan,nan,nan,nan,0.000000,0
1788899791.301435,5.171097,-2.665572,4.213471,-2.985663,-2.665588,4.213570,-2.985663,0.000100,0.000000,-2.665588,4.213570,-2.985663,0.000100,0.000000,-2.665588,4.213570,-2.985663,0.000100,0.000000,nan,nan,nan,nan,nan,0.000000,0
1788899791.301435,5.171097,-2.665572,4.213471,-2.985663,-2.665588,4.213570,-2.985663,0.000100,0.000000,-2.665588,4.213570,-2.985663,0.000100,0.000000,-2.665588,4.213570,-2.985663,0.000100,0.000000,nan,nan,nan,nan,nan,0.000000,0
1788899791.351717,5.221378,-2.665572,4.213471,-2.985663,-2.665588,4.213570,-2.985663,0.000100,0.000000,-2.665588,4.213570,-2.985663,0.000100,0.000000,-2.665588,4.213570,-2.985663,0.000100,0.000000,nan,nan,nan,nan,nan,0.000000,0
1788899791.351717,5.221378,-2.665572,4.213471,-2.985663,-2.665588,4.213570,-2.985663,0.000100,0.000000,-2.665588,4.213570,-2.985663,0.000100,0.000000,-2.665588,4.213570,-2.985663,0.000100,0.000000,nan,nan,nan,nan,nan,0.000000,0
1788899791.401569,5.271230,-2.665572,4.213471,-2.985663,-2.665588,4.213570,-2.985663,0.000100,0.000000,-2.665588,4.213570,-2.985663,0.000100,0.000000,-2.665588,4.213570,-2.985663,0.000100,0.000000,nan,nan,nan,nan,nan,0.000000,0
1788899791.401569,5.271230,-2.665572,4.213471,-2.985663,-2.665588,4.213570,-2.985663,0.000100,0.000000,-2.665588,4.213570,-2.985663,0.000100,0.000000,-2.665588,4.213570,-2.985663,0.000100,0.000000,nan,nan,nan,nan,nan,0.000000,0
1788899791.451905,5.321567,-2.665557,4.213372,-2.985663,-2.665588,4.213570,-2.985663,0.000200,0.000000,-2.665588,4.213570,-2.985663,0.000200,0.000000,-2.665588,4.213570,-2.985663,0.000200,0.000000,nan,nan,nan,nan,nan,0.001987,0
1788899791.451905,5.321567,-2.665557,4.213372,-2.985663,-2.665588,4.213570,-2.985663,0.000200,0.000000,-2.665588,4.213570,-2.985663,0.000200,0.000000,-2.665588,4.213570,-2.985663,0.000200,0.000000,nan,nan,nan,nan,nan,0.001987,0
1788899791.501329,5.370991,-2.665557,4.213372,-2.985663,-2.665588,4.213570,-2.985663,0.000200,0.000000,-2.665588,4.213570,-2.985663,0.000200,0.000000,-2.665588,4.213570,-2.985663,0.000200,0.000000,nan,nan,nan,nan,nan,0.000000,0
1788899791.501329,5.370991,-2.665557,4.213372,-2.985663,-2.665588,4.213570,-2.985663,0.000200,0.000000,-2.665588,4.213570,-2.985663,0.000200,0.000000,-2.665588,4.213570,-2.985663,0.000200,0.000000,nan,nan,nan,nan,nan,0.000000,0
1788899791.551202,5.420864,-2.665557,4.213372,-2.985663,-2.665588,4.213570,-2.985663,0.000200,0.000000,-2.665588,4.213570,-2.985663,0.000200,0.000000,-2.665588,4.213570,-2.985663,0.000200,0.000000,nan,nan,nan,nan,nan,0.000000,0
1788899791.551202,5.420864,-2.665557,4.213372,-2.985663,-2.665588,4.213570,-2.985663,0.000200,0.000000,-2.665588,4.213570,-2.985663,0.000200,0.000000,-2.665588,4.213570,-2.985663,0.000200,0.000000,nan,nan,nan,nan,nan,0.000000,0
1788899791.601403,5.471065,-2.665557,4.213372,-2.985663,-2.665588,4.213570,-2.985663,0.000200,0.000000,-2.665588,4.213570,-2.985663,0.000200,0.000000,-2.665588,4.213570,-2.985663,0.000200,0.000000,nan,nan,nan,nan,nan,0.000000,0
1788899791.601403,5.471065,-2.665557,4.213372,-2.985663,-2.665588,4.213570,-2.985663,0.000200,0.000000,-2.665588,4.213570,-2.985663,0.000200,0.000000,-2.665588,4.213570,-2.985663,0.000200,0.000000,nan,nan,nan,nan,nan,0.000000,0
1788899791.651038,5.520700,-2.665557,4.213372,-2.985663,-2.665588,4.213570,-2.985663,0.000200,0.000000,-2.665588,4.213570,-2.985663,0.000200,0.000000,-2.665588,4.213570,-2.985663,0.000200,0.000000,nan,nan,nan,nan,nan,0.000000,0
1788899791.651038,5.520700,-2.665557,4.213372,-2.985663,-2.665588,4.213570,-2.985663,0.000200,0.000000,-2.665588,4.213570,-2.985663,0.000200,0.000000,-2.665588,4.213570,-2.985663,0.000200,0.000000,nan,nan,nan,nan,nan,0.000000,0
1788899791.701438,5.571100,-2.665557,4.213372,-2.985663,-2.665588,4.213570,-2.985663,0.000200,0.000000,-2.665588,4.213570,-2.985663,0.000200,0.000000,-2.665588,4.213570,-2.985663,0.000200,0.000000,nan,nan,nan,nan,nan,0.000000,0
1788899791.701438,5.571100,-2.665557,4.213372,-2.985663,-2.665588,4.213570,-2.985663,0.000200,0.000000,-2.665588,4.213570,-2.985663,0.000200,0.000000,-2.665588,4.213570,-2.985663,0.000200,0.000000,nan,nan,nan,nan,nan,0.000000,0
1788899791.750942,5.620604,-2.665557,4.213372,-2.985663,-2.665588,4.213570,-2.985663,0.000200,0.000000,-2.665588,4.213570,-2.985663,0.000200,0.000000,-2.665588,4.213570,-2.985663,0.000200,0.000000,nan,nan,nan,nan,nan,0.000000,0
1788899791.750942,5.620604,-2.665557,4.213372,-2.985663,-2.665588,4.213570,-2.985663,0.000200,0.000000,-2.665588,4.213570,-2.985663,0.000200,0.000000,-2.665588,4.213570,-2.985663,0.000200,0.000000,nan,nan,nan,nan,nan,0.000000,0
1788899791.801745,5.671407,-2.665557,4.213372,-2.985663,-2.665588,4.213570,-2.985663,0.000200,0.000000,-2.665588,4.213570,-2.985663,0.000200,0.000000,-2.665588,4.213570,-2.985663,0.000200,0.000000,nan,nan,nan,nan,nan,0.000000,0
1788899791.801745,5.671407,-2.665557,4.213372,-2.985663,-2.665588,4.213570,-2.985663,0.000200,0.000000,-2.665588,4.213570,-2.985663,0.000200,0.000000,-2.665588,4.213570,-2.985663,0.000200,0.000000,nan,nan,nan,nan,nan,0.000000,0
1788899791.851630,5.721292,-2.665557,4.213372,-2.985663,-2.665588,4.213570,-2.985663,0.000200,0.000000,-2.665588,4.213570,-2.985663,0.000200,0.000000,-2.665588,4.213570,-2.985663,0.000200,0.000000,nan,nan,nan,nan,nan,0.000000,0
1788899791.851630,5.721292,-2.665557,4.213372,-2.985663,-2.665588,4.213570,-2.985663,0.000200,0.000000,-2.665588,4.213570,-2.985663,0.000200,0.000000,-2.665588,4.213570,-2.985663,0.000200,0.000000,nan,nan,nan,nan,nan,0.000000,0
1788899791.901109,5.770771,-2.665557,4.213372,-2.985663,-2.665588,4.213570,-2.985663,0.000200,0.000000,-2.665588,4.213570,-2.985663,0.000200,0.000000,-2.665588,4.213570,-2.985663,0.000200,0.000000,nan,nan,nan,nan,nan,0.000000,0
1788899791.901109,5.770771,-2.665557,4.213372,-2.985663,-2.665588,4.213570,-2.985663,0.000200,0.000000,-2.665588,4.213570,-2.985663,0.000200,0.000000,-2.665588,4.213570,-2.985663,0.000200,0.000000,nan,nan,nan,nan,nan,0.000000,0
1788899791.951197,5.820858,-2.665557,4.213372,-2.985663,-2.665588,4.213570,-2.985663,0.000200,0.000000,-2.665588,4.213570,-2.985663,0.000200,0.000000,-2.665588,4.213570,-2.985663,0.000200,0.000000,nan,nan,nan,nan,nan,0.000000,0
1788899791.951197,5.820858,-2.665557,4.213372,-2.985663,-2.665588,4.213570,-2.985663,0.000200,0.000000,-2.665588,4.213570,-2.985663,0.000200,0.000000,-2.665588,4.213570,-2.985663,0.000200,0.000000,nan,nan,nan,nan,nan,0.000000,0
1788899792.001360,5.871022,-2.665557,4.213372,-2.985663,-2.665588,4.213570,-2.985663,0.000200,0.000000,-2.665588,4.213570,-2.985663,0.000200,0.000000,-2.665588,4.213570,-2.985663,0.000200,0.000000,nan,nan,nan,nan,nan,0.000000,0
1788899792.001360,5.871022,-2.665557,4.213372,-2.985663,-2.665588,4.213570,-2.985663,0.000200,0.000000,-2.665588,4.213570,-2.985663,0.000200,0.000000,-2.665588,4.213570,-2.985663,0.000200,0.000000,nan,nan,nan,nan,nan,0.000000,0
1788899792.052004,5.921666,-2.665557,4.213372,-2.985663,-2.665588,4.213570,-2.985663,0.000200,0.000000,-2.665588,4.213570,-2.985663,0.000200,0.000000,-2.665588,4.213570,-2.985663,0.000200,0.000000,nan,nan,nan,nan,nan,0.000000,0
1788899792.052004,5.921666,-2.665557,4.213372,-2.985663,-2.665588,4.213570,-2.985663,0.000200,0.000000,-2.665588,4.213570,-2.985663,0.000200,0.000000,-2.665588,4.213570,-2.985663,0.000200,0.000000,nan,nan,nan,nan,nan,0.000000,0
1788899792.101826,5.971488,-2.665557,4.213372,-2.985663,-2.665588,4.213570,-2.985663,0.000200,0.000000,-2.665588,4.213570,-2.985663,0.000200,0.000000,-2.665588,4.213570,-2.985663,0.000200,0.000000,nan,nan,nan,nan,nan,0.000000,0
1788899792.101826,5.971488,-2.665557,4.213372,-2.985663,-2.665588,4.213570,-2.985663,0.000200,0.000000,-2.665588,4.213570,-2.985663,0.000200,0.000000,-2.665588,4.213570,-2.985663,0.000200,0.000000,nan,nan,nan,nan,nan,0.000000,0
1788899792.151150,6.020812,-2.665557,4.213372,-2.985663,-2.665588,4.213570,-2.985663,0.000200,0.000000,-2.665588,4.213570,-2.985663,0.000200,0.000000,-2.665588,4.213570,-2.985663,0.000200,0.000000,nan,nan,nan,nan,nan,0.000000,0
1788899792.151150,6.020812,-2.665557,4.213372,-2.985663,-2.665588,4.213570,-2.985663,0.000200,0.000000,-2.665588,4.213570,-2.985663,0.000200,0.000000,-2.665588,4.213570,-2.985663,0.000200,0.000000,nan,nan,nan,nan,nan,0.000000,0
1788899792.201439,6.071101,-2.665557,4.213372,-2.985663,-2.665588,4.213570,-2.985663,0.000200,0.000000,-2.665588,4.213570,-2.985663,0.000200,0.000000,-2.665588,4.213570,-2.985663,0.000200,0.000000,nan,nan,nan,nan,nan,0.000000,0
1788899792.201439,6.071101,-2.665557,4.213372,-2.985663,-2.665588,4.213570,-2.985663,0.000200,0.000000,-2.665588,4.213570,-2.985663,0.000200,0.000000,-2.665588,4.213570,-2.985663,0.000200,0.000000,nan,nan,nan,nan,nan,0.000000,0
1788899792.251110,6.120772,-2.665557,4.213372,-2.985663,-2.665588,4.213570,-2.985663,0.000200,0.000000,-2.665588,4.213570,-2.985663,0.000200,0.000000,-2.665588,4.213570,-2.985663,0.000200,0.000000,nan,nan,nan,nan,nan,0.000000,0
1788899792.251110,6.120772,-2.665557,4.213372,-2.985663,-2.665588,4.213570,-2.985663,0.000200,0.000000,-2.665588,4.213570,-2.985663,0.000200,0.000000,-2.665588,4.213570,-2.985663,0.000200,0.000000,nan,nan,nan,nan,nan,0.000000,0
1788899792.301500,6.171161,-2.665557,4.213372,-2.985663,-2.665588,4.213570,-2.985663,0.000200,0.000000,-2.665588,4.213570,-2.985663,0.000200,0.000000,-2.665588,4.213570,-2.985663,0.000200,0.000000,nan,nan,nan,nan,nan,0.000000,0
1788899792.301500,6.171161,-2.665557,4.213372,-2.985663,-2.665588,4.213570,-2.985663,0.000200,0.000000,-2.665588,4.213570,-2.985663,0.000200,0.000000,-2.665588,4.213570,-2.985663,0.000200,0.000000,nan,nan,nan,nan,nan,0.000000,0
1788899792.351141,6.220803,-2.665557,4.213372,-2.985663,-2.665588,4.213570,-2.985663,0.000200,0.000000,-2.665588,4.213570,-2.985663,0.000200,0.000000,-2.665588,4.213570,-2.985663,0.000200,0.000000,nan,nan,nan,nan,nan,0.000000,0
1788899792.351141,6.220803,-2.665557,4.213372,-2.985663,-2.665588,4.213570,-2.985663,0.000200,0.000000,-2.665588,4.213570,-2.985663,0.000200,0.000000,-2.665588,4.213570,-2.985663,0.000200,0.000000,nan,nan,nan,nan,nan,0.000000,0
1788899792.401186,6.270848,-2.665557,4.213372,-2.985663,-2.665588,4.213570,-2.985663,0.000200,0.000000,-2.665588,4.213570,-2.985663,0.000200,0.000000,-2.665588,4.213570,-2.985663,0.000200,0.000000,nan,nan,nan,nan,nan,0.000000,0
1788899792.401186,6.270848,-2.665557,4.213372,-2.985663,-2.665588,4.213570,-2.985663,0.000200,0.000000,-2.665588,4.213570,-2.985663,0.000200,0.000000,-2.665588,4.213570,-2.985663,0.000200,0.000000,nan,nan,nan,nan,nan,0.000000,0
1788899792.451200,6.320862,-2.665557,4.213372,-2.985663,-2.665588,4.213570,-2.985663,0.000200,0.000000,-2.665588,4.213570,-2.985663,0.000200,0.000000,-2.665588,4.213570,-2.985663,0.000200,0.000000,nan,nan,nan,nan,nan,0.000000,0
1788899792.451200,6.320862,-2.665557,4.213372,-2.985663,-2.665588,4.213570,-2.985663,0.000200,0.000000,-2.665588,4.213570,-2.985663,0.000200,0.000000,-2.665588,4.213570,-2.985663,0.000200,0.000000,nan,nan,nan,nan,nan,0.000000,0
1788899792.501506,6.371167,-2.665557,4.213372,-2.985663,-2.665588,4.213570,-2.985663,0.000200,0.000000,-2.665588,4.213570,-2.985663,0.000200,0.000000,-2.665588,4.213570,-2.985663,0.000200,0.000000,nan,nan,nan,nan,nan,0.000000,0
1788899792.501506,6.371167,-2.665557,4.213372,-2.985663,-2.665588,4.213570,-2.985663,0.000200,0.000000,-2.665588,4.213570,-2.985663,0.000200,0.000000,-2.665588,4.213570,-2.985663,0.000200,0.000000,nan,nan,nan,nan,nan,0.000000,0
1788899792.551308,6.420970,-2.665557,4.213372,-2.985663,-2.665588,4.213570,-2.985663,0.000200,0.000000,-2.665588,4.213570,-2.985663,0.000200,0.000000,-2.665588,4.213570,-2.985663,0.000200,0.000000,nan,nan,nan,nan,nan,0.000000,0
1788899792.551308,6.420970,-2.665557,4.213372,-2.985663,-2.665588,4.213570,-2.985663,0.000200,0.000000,-2.665588,4.213570,-2.985663,0.000200,0.000000,-2.665588,4.213570,-2.985663,0.000200,0.000000,nan,nan,nan,nan,nan,0.000000,0
1788899792.601696,6.471357,-2.665557,4.213372,-2.985663,-2.665588,4.213570,-2.985663,0.000200,0.000000,-2.665588,4.213570,-2.985663,0.000200,0.000000,-2.665588,4.213570,-2.985663,0.000200,0.000000,nan,nan,nan,nan,nan,0.000000,0
1788899792.601696,6.471357,-2.665557,4.213372,-2.985663,-2.665588,4.213570,-2.985663,0.000200,0.000000,-2.665588,4.213570,-2.985663,0.000200,0.000000,-2.665588,4.213570,-2.985663,0.000200,0.000000,nan,nan,nan,nan,nan,0.000000,0
1788899792.651199,6.520860,-2.665557,4.213372,-2.985663,-2.665588,4.213570,-2.985663,0.000200,0.000000,-2.665588,4.213570,-2.985663,0.000200,0.000000,-2.665588,4.213570,-2.985663,0.000200,0.000000,nan,nan,nan,nan,nan,0.000000,0
1788899792.651199,6.520860,-2.665557,4.213372,-2.985663,-2.665588,4.213570,-2.985663,0.000200,0.000000,-2.665588,4.213570,-2.985663,0.000200,0.000000,-2.665588,4.213570,-2.985663,0.000200,0.000000,nan,nan,nan,nan,nan,0.000000,0
1788899792.701674,6.571336,-2.665557,4.213372,-2.985663,-2.665588,4.213570,-2.985663,0.000200,0.000000,-2.665588,4.213570,-2.985663,0.000200,0.000000,-2.665588,4.213570,-2.985663,0.000200,0.000000,nan,nan,nan,nan,nan,0.000000,0
1788899792.701674,6.571336,-2.665557,4.213372,-2.985663,-2.665588,4.213570,-2.985663,0.000200,0.000000,-2.665588,4.213570,-2.985663,0.000200,0.000000,-2.665588,4.213570,-2.985663,0.000200,0.000000,nan,nan,nan,nan,nan,0.000000,0
1788899792.751758,6.621420,-2.665557,4.213372,-2.985663,-2.665588,4.213570,-2.985663,0.000200,0.000000,-2.665588,4.213570,-2.985663,0.000200,0.000000,-2.665588,4.213570,-2.985663,0.000200,0.000000,nan,nan,nan,nan,nan,0.000000,0
1788899792.751758,6.621420,-2.665557,4.213372,-2.985663,-2.665588,4.213570,-2.985663,0.000200,0.000000,-2.665588,4.213570,-2.985663,0.000200,0.000000,-2.665588,4.213570,-2.985663,0.000200,0.000000,nan,nan,nan,nan,nan,0.000000,0
1788899792.801701,6.671363,-2.665557,4.213372,-2.985663,-2.665588,4.213570,-2.985663,0.000200,0.000000,-2.665588,4.213570,-2.985663,0.000200,0.000000,-2.665588,4.213570,-2.985663,0.000200,0.000000,nan,nan,nan,nan,nan,0.000000,0
1788899792.801701,6.671363,-2.665557,4.213372,-2.985663,-2.665588,4.213570,-2.985663,0.000200,0.000000,-2.665588,4.213570,-2.985663,0.000200,0.000000,-2.665588,4.213570,-2.985663,0.000200,0.000000,nan,nan,nan,nan,nan,0.000000,0
1788899792.851220,6.720882,-2.665557,4.213372,-2.985663,-2.665588,4.213570,-2.985663,0.000200,0.000000,-2.665588,4.213570,-2.985663,0.000200,0.000000,-2.665588,4.213570,-2.985663,0.000200,0.000000,nan,nan,nan,nan,nan,0.000000,0
1788899792.851220,6.720882,-2.665557,4.213372,-2.985663,-2.665588,4.213570,-2.985663,0.000200,0.000000,-2.665588,4.213570,-2.985663,0.000200,0.000000,-2.665588,4.213570,-2.985663,0.000200,0.000000,nan,nan,nan,nan,nan,0.000000,0
1788899792.901373,6.771035,-2.665557,4.213372,-2.985663,-2.665588,4.213570,-2.985663,0.000200,0.000000,-2.665588,4.213570,-2.985663,0.000200,0.000000,-2.665588,4.213570,-2.985663,0.000200,0.000000,nan,nan,nan,nan,nan,0.000000,0
1788899792.901373,6.771035,-2.665557,4.213372,-2.985663,-2.665588,4.213570,-2.985663,0.000200,0.000000,-2.665588,4.213570,-2.985663,0.000200,0.000000,-2.665588,4.213570,-2.985663,0.000200,0.000000,nan,nan,nan,nan,nan,0.000000,0
1788899792.951776,6.821438,-2.665557,4.213372,-2.985663,-2.665588,4.213570,-2.985663,0.000200,0.000000,-2.665588,4.213570,-2.985663,0.000200,0.000000,-2.665588,4.213570,-2.985663,0.000200,0.000000,nan,nan,nan,nan,nan,0.000000,0
1788899792.951776,6.821438,-2.665557,4.213372,-2.985663,-2.665588,4.213570,-2.985663,0.000200,0.000000,-2.665588,4.213570,-2.985663,0.000200,0.000000,-2.665588,4.213570,-2.985663,0.000200,0.000000,nan,nan,nan,nan,nan,0.000000,0
1788899793.001809,6.871471,-2.665557,4.213372,-2.985663,-2.665588,4.213570,-2.985663,0.000200,0.000000,-2.665588,4.213570,-2.985663,0.000200,0.000000,-2.665588,4.213570,-2.985663,0.000200,0.000000,nan,nan,nan,nan,nan,0.000000,0
1788899793.001809,6.871471,-2.665557,4.213372,-2.985663,-2.665588,4.213570,-2.985663,0.000200,0.000000,-2.665588,4.213570,-2.985663,0.000200,0.000000,-2.665588,4.213570,-2.985663,0.000200,0.000000,nan,nan,nan,nan,nan,0.000000,0
1788899793.051341,6.921003,-2.665557,4.213372,-2.985663,-2.665588,4.213570,-2.985663,0.000200,0.000000,-2.665588,4.213570,-2.985663,0.000200,0.000000,-2.665588,4.213570,-2.985663,0.000200,0.000000,nan,nan,nan,nan,nan,0.000000,0
1788899793.051341,6.921003,-2.665557,4.213372,-2.985663,-2.665588,4.213570,-2.985663,0.000200,0.000000,-2.665588,4.213570,-2.985663,0.000200,0.000000,-2.665588,4.213570,-2.985663,0.000200,0.000000,nan,nan,nan,nan,nan,0.000000,0
1788899793.101563,6.971225,-2.665557,4.213372,-2.985663,-2.665588,4.213570,-2.985663,0.000200,0.000000,-2.665588,4.213570,-2.985663,0.000200,0.000000,-2.665588,4.213570,-2.985663,0.000200,0.000000,nan,nan,nan,nan,nan,0.000000,0
1788899793.101563,6.971225,-2.665557,4.213372,-2.985663,-2.665588,4.213570,-2.985663,0.000200,0.000000,-2.665588,4.213570,-2.985663,0.000200,0.000000,-2.665588,4.213570,-2.985663,0.000200,0.000000,nan,nan,nan,nan,nan,0.000000,0
1788899793.151428,7.021090,-2.665557,4.213372,-2.985663,-2.665588,4.213570,-2.985663,0.000200,0.000000,-2.665588,4.213570,-2.985663,0.000200,0.000000,-2.665588,4.213570,-2.985663,0.000200,0.000000,nan,nan,nan,nan,nan,0.000000,0
1788899793.151428,7.021090,-2.665557,4.213372,-2.985663,-2.665588,4.213570,-2.985663,0.000200,0.000000,-2.665588,4.213570,-2.985663,0.000200,0.000000,-2.665588,4.213570,-2.985663,0.000200,0.000000,nan,nan,nan,nan,nan,0.000000,0
1788899793.201618,7.071280,-2.665557,4.213372,-2.985663,-2.665588,4.213570,-2.985663,0.000200,0.000000,-2.665588,4.213570,-2.985663,0.000200,0.000000,-2.665588,4.213570,-2.985663,0.000200,0.000000,nan,nan,nan,nan,nan,0.000000,0
1788899793.201618,7.071280,-2.665557,4.213372,-2.985663,-2.665588,4.213570,-2.985663,0.000200,0.000000,-2.665588,4.213570,-2.985663,0.000200,0.000000,-2.665588,4.213570,-2.985663,0.000200,0.000000,nan,nan,nan,nan,nan,0.000000,0
1788899793.253486,7.123148,-2.665557,4.213372,-2.985663,-2.665588,4.213570,-2.985663,0.000200,0.000000,-2.665588,4.213570,-2.985663,0.000200,0.000000,-2.665588,4.213570,-2.985663,0.000200,0.000000,nan,nan,nan,nan,nan,0.000000,0
1788899793.253486,7.123148,-2.665557,4.213372,-2.985663,-2.665588,4.213570,-2.985663,0.000200,0.000000,-2.665588,4.213570,-2.985663,0.000200,0.000000,-2.665588,4.213570,-2.985663,0.000200,0.000000,nan,nan,nan,nan,nan,0.000000,0
1788899793.302542,7.172204,-2.665557,4.213372,-2.985663,-2.665588,4.213570,-2.985663,0.000200,0.000000,-2.665588,4.213570,-2.985663,0.000200,0.000000,-2.665588,4.213570,-2.985663,0.000200,0.000000,nan,nan,nan,nan,nan,0.000000,0
1788899793.302542,7.172204,-2.665557,4.213372,-2.985663,-2.665588,4.213570,-2.985663,0.000200,0.000000,-2.665588,4.213570,-2.985663,0.000200,0.000000,-2.665588,4.213570,-2.985663,0.000200,0.000000,nan,nan,nan,nan,nan,0.000000,0
1788899793.351044,7.220706,-2.665557,4.213372,-2.985663,-2.665588,4.213570,-2.985663,0.000200,0.000000,-2.665588,4.213570,-2.985663,0.000200,0.000000,-2.665588,4.213570,-2.985663,0.000200,0.000000,nan,nan,nan,nan,nan,0.000000,0
1788899793.351044,7.220706,-2.665557,4.213372,-2.985663,-2.665588,4.213570,-2.985663,0.000200,0.000000,-2.665588,4.213570,-2.985663,0.000200,0.000000,-2.665588,4.213570,-2.985663,0.000200,0.000000,nan,nan,nan,nan,nan,0.000000,0
1788899793.401274,7.270936,-2.665557,4.213372,-2.985663,-2.665588,4.213570,-2.985663,0.000200,0.000000,-2.665588,4.213570,-2.985663,0.000200,0.000000,-2.665588,4.213570,-2.985663,0.000200,0.000000,nan,nan,nan,nan,nan,0.000000,0
1788899793.401274,7.270936,-2.665557,4.213372,-2.985663,-2.665588,4.213570,-2.985663,0.000200,0.000000,-2.665588,4.213570,-2.985663,0.000200,0.000000,-2.665588,4.213570,-2.985663,0.000200,0.000000,nan,nan,nan,nan,nan,0.000000,0
1788899793.451527,7.321189,-2.665557,4.213372,-2.985663,-2.665588,4.213570,-2.985663,0.000200,0.000000,-2.665588,4.213570,-2.985663,0.000200,0.000000,-2.665588,4.213570,-2.985663,0.000200,0.000000,nan,nan,nan,nan,nan,0.000000,0
1788899793.451527,7.321189,-2.665557,4.213372,-2.985663,-2.665588,4.213570,-2.985663,0.000200,0.000000,-2.665588,4.213570,-2.985663,0.000200,0.000000,-2.665588,4.213570,-2.985663,0.000200,0.000000,nan,nan,nan,nan,nan,0.000000,0
1788899793.501145,7.370807,-2.665557,4.213372,-2.985663,-2.665588,4.213570,-2.985663,0.000200,0.000000,-2.665588,4.213570,-2.985663,0.000200,0.000000,-2.665588,4.213570,-2.985663,0.000200,0.000000,nan,nan,nan,nan,nan,0.000000,0
1788899793.501145,7.370807,-2.665557,4.213372,-2.985663,-2.665588,4.213570,-2.985663,0.000200,0.000000,-2.665588,4.213570,-2.985663,0.000200,0.000000,-2.665588,4.213570,-2.985663,0.000200,0.000000,nan,nan,nan,nan,nan,0.000000,0
1788899793.551810,7.421472,-2.665557,4.213372,-2.985663,-2.665588,4.213570,-2.985663,0.000200,0.000000,-2.665588,4.213570,-2.985663,0.000200,0.000000,-2.665588,4.213570,-2.985663,0.000200,0.000000,nan,nan,nan,nan,nan,0.000000,0
1788899793.551810,7.421472,-2.665557,4.213372,-2.985663,-2.665588,4.213570,-2.985663,0.000200,0.000000,-2.665588,4.213570,-2.985663,0.000200,0.000000,-2.665588,4.213570,-2.985663,0.000200,0.000000,nan,nan,nan,nan,nan,0.000000,0
1788899793.601819,7.471481,-2.665557,4.213372,-2.985663,-2.665588,4.213570,-2.985663,0.000200,0.000000,-2.665588,4.213570,-2.985663,0.000200,0.000000,-2.665588,4.213570,-2.985663,0.000200,0.000000,nan,nan,nan,nan,nan,0.000000,0
1788899793.601819,7.471481,-2.665557,4.213372,-2.985663,-2.665588,4.213570,-2.985663,0.000200,0.000000,-2.665588,4.213570,-2.985663,0.000200,0.000000,-2.665588,4.213570,-2.985663,0.000200,0.000000,nan,nan,nan,nan,nan,0.000000,0
1788899793.651256,7.520918,-2.665557,4.213372,-2.985663,-2.665588,4.213570,-2.985663,0.000200,0.000000,-2.665588,4.213570,-2.985663,0.000200,0.000000,-2.665588,4.213570,-2.985663,0.000200,0.000000,nan,nan,nan,nan,nan,0.000000,0
1788899793.651256,7.520918,-2.665557,4.213372,-2.985663,-2.665588,4.213570,-2.985663,0.000200,0.000000,-2.665588,4.213570,-2.985663,0.000200,0.000000,-2.665588,4.213570,-2.985663,0.000200,0.000000,nan,nan,nan,nan,nan,0.000000,0
1788899793.701569,7.571231,-2.665541,4.213273,-2.985663,-2.665588,4.213570,-2.985663,0.000300,0.000000,-2.665588,4.213570,-2.985663,0.000300,0.000000,-2.665588,4.213570,-2.985663,0.000300,0.000000,nan,nan,nan,nan,nan,0.001988,0
1788899793.701569,7.571231,-2.665541,4.213273,-2.985663,-2.665588,4.213570,-2.985663,0.000300,0.000000,-2.665588,4.213570,-2.985663,0.000300,0.000000,-2.665588,4.213570,-2.985663,0.000300,0.000000,nan,nan,nan,nan,nan,0.001988,0
1788899793.751497,7.621159,-2.665541,4.213273,-2.985663,-2.665588,4.213570,-2.985663,0.000300,0.000000,-2.665588,4.213570,-2.985663,0.000300,0.000000,-2.665588,4.213570,-2.985663,0.000300,0.000000,nan,nan,nan,nan,nan,0.000000,0
1788899793.751497,7.621159,-2.665541,4.213273,-2.985663,-2.665588,4.213570,-2.985663,0.000300,0.000000,-2.665588,4.213570,-2.985663,0.000300,0.000000,-2.665588,4.213570,-2.985663,0.000300,0.000000,nan,nan,nan,nan,nan,0.000000,0
1788899793.801679,7.671340,-2.665541,4.213273,-2.985663,-2.665588,4.213570,-2.985663,0.000300,0.000000,-2.665588,4.213570,-2.985663,0.000300,0.000000,-2.665588,4.213570,-2.985663,0.000300,0.000000,nan,nan,nan,nan,nan,0.000000,0
1788899793.801679,7.671340,-2.665541,4.213273,-2.985663,-2.665588,4.213570,-2.985663,0.000300,0.000000,-2.665588,4.213570,-2.985663,0.000300,0.000000,-2.665588,4.213570,-2.985663,0.000300,0.000000,nan,nan,nan,nan,nan,0.000000,0
1788899793.851923,7.721585,-2.665541,4.213273,-2.985663,-2.665588,4.213570,-2.985663,0.000300,0.000000,-2.665588,4.213570,-2.985663,0.000300,0.000000,-2.665588,4.213570,-2.985663,0.000300,0.000000,nan,nan,nan,nan,nan,0.000000,0
1788899793.851923,7.721585,-2.665541,4.213273,-2.985663,-2.665588,4.213570,-2.985663,0.000300,0.000000,-2.665588,4.213570,-2.985663,0.000300,0.000000,-2.665588,4.213570,-2.985663,0.000300,0.000000,nan,nan,nan,nan,nan,0.000000,0
1788899793.901252,7.770913,-2.665541,4.213273,-2.985663,-2.665588,4.213570,-2.985663,0.000300,0.000000,-2.665588,4.213570,-2.985663,0.000300,0.000000,-2.665588,4.213570,-2.985663,0.000300,0.000000,nan,nan,nan,nan,nan,0.000000,0
1788899793.901252,7.770913,-2.665541,4.213273,-2.985663,-2.665588,4.213570,-2.985663,0.000300,0.000000,-2.665588,4.213570,-2.985663,0.000300,0.000000,-2.665588,4.213570,-2.985663,0.000300,0.000000,nan,nan,nan,nan,nan,0.000000,0
1788899793.951696,7.821358,-2.665541,4.213273,-2.985663,-2.665588,4.213570,-2.985663,0.000300,0.000000,-2.665588,4.213570,-2.985663,0.000300,0.000000,-2.665588,4.213570,-2.985663,0.000300,0.000000,nan,nan,nan,nan,nan,0.000000,0
1788899793.951696,7.821358,-2.665541,4.213273,-2.985663,-2.665588,4.213570,-2.985663,0.000300,0.000000,-2.665588,4.213570,-2.985663,0.000300,0.000000,-2.665588,4.213570,-2.985663,0.000300,0.000000,nan,nan,nan,nan,nan,0.000000,0
1788899794.001939,7.871601,-2.665541,4.213273,-2.985663,-2.665588,4.213570,-2.985663,0.000300,0.000000,-2.665588,4.213570,-2.985663,0.000300,0.000000,-2.665588,4.213570,-2.985663,0.000300,0.000000,nan,nan,nan,nan,nan,0.000000,0
1788899794.001939,7.871601,-2.665541,4.213273,-2.985663,-2.665588,4.213570,-2.985663,0.000300,0.000000,-2.665588,4.213570,-2.985663,0.000300,0.000000,-2.665588,4.213570,-2.985663,0.000300,0.000000,nan,nan,nan,nan,nan,0.000000,0
1788899794.051477,7.921139,-2.665541,4.213273,-2.985663,-2.665588,4.213570,-2.985663,0.000300,0.000000,-2.665588,4.213570,-2.985663,0.000300,0.000000,-2.665588,4.213570,-2.985663,0.000300,0.000000,nan,nan,nan,nan,nan,0.000000,0
1788899794.051477,7.921139,-2.665541,4.213273,-2.985663,-2.665588,4.213570,-2.985663,0.000300,0.000000,-2.665588,4.213570,-2.985663,0.000300,0.000000,-2.665588,4.213570,-2.985663,0.000300,0.000000,nan,nan,nan,nan,nan,0.000000,0
1788899794.102051,7.971713,-2.665541,4.213273,-2.985663,-2.665588,4.213570,-2.985663,0.000300,0.000000,-2.665588,4.213570,-2.985663,0.000300,0.000000,-2.665588,4.213570,-2.985663,0.000300,0.000000,nan,nan,nan,nan,nan,0.000000,0
1788899794.102051,7.971713,-2.665541,4.213273,-2.985663,-2.665588,4.213570,-2.985663,0.000300,0.000000,-2.665588,4.213570,-2.985663,0.000300,0.000000,-2.665588,4.213570,-2.985663,0.000300,0.000000,nan,nan,nan,nan,nan,0.000000,0
1788899794.151273,8.020934,-2.665541,4.213273,-2.985663,-2.665588,4.213570,-2.985663,0.000300,0.000000,-2.665588,4.213570,-2.985663,0.000300,0.000000,-2.665588,4.213570,-2.985663,0.000300,0.000000,nan,nan,nan,nan,nan,0.000000,0
1788899794.151273,8.020934,-2.665541,4.213273,-2.985663,-2.665588,4.213570,-2.985663,0.000300,0.000000,-2.665588,4.213570,-2.985663,0.000300,0.000000,-2.665588,4.213570,-2.985663,0.000300,0.000000,nan,nan,nan,nan,nan,0.000000,0
1788899794.201574,8.071236,-2.665541,4.213273,-2.985663,-2.665588,4.213570,-2.985663,0.000300,0.000000,-2.665588,4.213570,-2.985663,0.000300,0.000000,-2.665588,4.213570,-2.985663,0.000300,0.000000,nan,nan,nan,nan,nan,0.000000,0
1788899794.201574,8.071236,-2.665541,4.213273,-2.985663,-2.665588,4.213570,-2.985663,0.000300,0.000000,-2.665588,4.213570,-2.985663,0.000300,0.000000,-2.665588,4.213570,-2.985663,0.000300,0.000000,nan,nan,nan,nan,nan,0.000000,0
1788899794.251689,8.121351,-2.665541,4.213273,-2.985663,-2.665588,4.213570,-2.985663,0.000300,0.000000,-2.665588,4.213570,-2.985663,0.000300,0.000000,-2.665588,4.213570,-2.985663,0.000300,0.000000,nan,nan,nan,nan,nan,0.000000,0
1788899794.251689,8.121351,-2.665541,4.213273,-2.985663,-2.665588,4.213570,-2.985663,0.000300,0.000000,-2.665588,4.213570,-2.985663,0.000300,0.000000,-2.665588,4.213570,-2.985663,0.000300,0.000000,nan,nan,nan,nan,nan,0.000000,0
1788899794.301721,8.171382,-2.665541,4.213273,-2.985663,-2.665588,4.213570,-2.985663,0.000300,0.000000,-2.665588,4.213570,-2.985663,0.000300,0.000000,-2.665588,4.213570,-2.985663,0.000300,0.000000,nan,nan,nan,nan,nan,0.000000,0
1788899794.301721,8.171382,-2.665541,4.213273,-2.985663,-2.665588,4.213570,-2.985663,0.000300,0.000000,-2.665588,4.213570,-2.985663,0.000300,0.000000,-2.665588,4.213570,-2.985663,0.000300,0.000000,nan,nan,nan,nan,nan,0.000000,0
1788899794.351866,8.221527,-2.665541,4.213273,-2.985663,-2.665588,4.213570,-2.985663,0.000300,0.000000,-2.665588,4.213570,-2.985663,0.000300,0.000000,-2.665588,4.213570,-2.985663,0.000300,0.000000,nan,nan,nan,nan,nan,0.000000,0
1788899794.351866,8.221527,-2.665541,4.213273,-2.985663,-2.665588,4.213570,-2.985663,0.000300,0.000000,-2.665588,4.213570,-2.985663,0.000300,0.000000,-2.665588,4.213570,-2.985663,0.000300,0.000000,nan,nan,nan,nan,nan,0.000000,0
1788899794.400917,8.270579,-2.665541,4.213273,-2.985663,-2.665588,4.213570,-2.985663,0.000300,0.000000,-2.665588,4.213570,-2.985663,0.000300,0.000000,-2.665588,4.213570,-2.985663,0.000300,0.000000,nan,nan,nan,nan,nan,0.000000,0
1788899794.400917,8.270579,-2.665541,4.213273,-2.985663,-2.665588,4.213570,-2.985663,0.000300,0.000000,-2.665588,4.213570,-2.985663,0.000300,0.000000,-2.665588,4.213570,-2.985663,0.000300,0.000000,nan,nan,nan,nan,nan,0.000000,0
1788899794.451687,8.321348,-2.665541,4.213273,-2.985663,-2.665588,4.213570,-2.985663,0.000300,0.000000,-2.665588,4.213570,-2.985663,0.000300,0.000000,-2.665588,4.213570,-2.985663,0.000300,0.000000,nan,nan,nan,nan,nan,0.000000,0
1788899794.451687,8.321348,-2.665541,4.213273,-2.985663,-2.665588,4.213570,-2.985663,0.000300,0.000000,-2.665588,4.213570,-2.985663,0.000300,0.000000,-2.665588,4.213570,-2.985663,0.000300,0.000000,nan,nan,nan,nan,nan,0.000000,0
1788899794.501574,8.371236,-2.665541,4.213273,-2.985663,-2.665588,4.213570,-2.985663,0.000300,0.000000,-2.665588,4.213570,-2.985663,0.000300,0.000000,-2.665588,4.213570,-2.985663,0.000300,0.000000,nan,nan,nan,nan,nan,0.000000,0
1788899794.501574,8.371236,-2.665541,4.213273,-2.985663,-2.665588,4.213570,-2.985663,0.000300,0.000000,-2.665588,4.213570,-2.985663,0.000300,0.000000,-2.665588,4.213570,-2.985663,0.000300,0.000000,nan,nan,nan,nan,nan,0.000000,0
1788899794.551740,8.421402,-2.665541,4.213273,-2.985663,-2.665588,4.213570,-2.985663,0.000300,0.000000,-2.665588,4.213570,-2.985663,0.000300,0.000000,-2.665588,4.213570,-2.985663,0.000300,0.000000,nan,nan,nan,nan,nan,0.000000,0
1788899794.551740,8.421402,-2.665541,4.213273,-2.985663,-2.665588,4.213570,-2.985663,0.000300,0.000000,-2.665588,4.213570,-2.985663,0.000300,0.000000,-2.665588,4.213570,-2.985663,0.000300,0.000000,nan,nan,nan,nan,nan,0.000000,0
1788899794.601473,8.471135,-2.665541,4.213273,-2.985663,-2.665588,4.213570,-2.985663,0.000300,0.000000,-2.665588,4.213570,-2.985663,0.000300,0.000000,-2.665588,4.213570,-2.985663,0.000300,0.000000,nan,nan,nan,nan,nan,0.000000,0
1788899794.601473,8.471135,-2.665541,4.213273,-2.985663,-2.665588,4.213570,-2.985663,0.000300,0.000000,-2.665588,4.213570,-2.985663,0.000300,0.000000,-2.665588,4.213570,-2.985663,0.000300,0.000000,nan,nan,nan,nan,nan,0.000000,0
1788899794.650981,8.520643,-2.665541,4.213273,-2.985663,-2.665588,4.213570,-2.985663,0.000300,0.000000,-2.665588,4.213570,-2.985663,0.000300,0.000000,-2.665588,4.213570,-2.985663,0.000300,0.000000,nan,nan,nan,nan,nan,0.000000,0
1788899794.650981,8.520643,-2.665541,4.213273,-2.985663,-2.665588,4.213570,-2.985663,0.000300,0.000000,-2.665588,4.213570,-2.985663,0.000300,0.000000,-2.665588,4.213570,-2.985663,0.000300,0.000000,nan,nan,nan,nan,nan,0.000000,0
1788899794.701450,8.571111,-2.665541,4.213273,-2.985663,-2.665588,4.213570,-2.985663,0.000300,0.000000,-2.665588,4.213570,-2.985663,0.000300,0.000000,-2.665588,4.213570,-2.985663,0.000300,0.000000,nan,nan,nan,nan,nan,0.000000,0
1788899794.701450,8.571111,-2.665541,4.213273,-2.985663,-2.665588,4.213570,-2.985663,0.000300,0.000000,-2.665588,4.213570,-2.985663,0.000300,0.000000,-2.665588,4.213570,-2.985663,0.000300,0.000000,nan,nan,nan,nan,nan,0.000000,0
1788899794.751575,8.621236,-2.665541,4.213273,-2.985663,-2.665588,4.213570,-2.985663,0.000300,0.000000,-2.665588,4.213570,-2.985663,0.000300,0.000000,-2.665588,4.213570,-2.985663,0.000300,0.000000,nan,nan,nan,nan,nan,0.000000,0
1788899794.751575,8.621236,-2.665541,4.213273,-2.985663,-2.665588,4.213570,-2.985663,0.000300,0.000000,-2.665588,4.213570,-2.985663,0.000300,0.000000,-2.665588,4.213570,-2.985663,0.000300,0.000000,nan,nan,nan,nan,nan,0.000000,0
1788899794.801373,8.671035,-2.665541,4.213273,-2.985663,-2.665588,4.213570,-2.985663,0.000300,0.000000,-2.665588,4.213570,-2.985663,0.000300,0.000000,-2.665588,4.213570,-2.985663,0.000300,0.000000,nan,nan,nan,nan,nan,0.000000,0
1788899794.801373,8.671035,-2.665541,4.213273,-2.985663,-2.665588,4.213570,-2.985663,0.000300,0.000000,-2.665588,4.213570,-2.985663,0.000300,0.000000,-2.665588,4.213570,-2.985663,0.000300,0.000000,nan,nan,nan,nan,nan,0.000000,0
1788899794.851837,8.721499,-2.665541,4.213273,-2.985663,-2.665588,4.213570,-2.985663,0.000300,0.000000,-2.665588,4.213570,-2.985663,0.000300,0.000000,-2.665588,4.213570,-2.985663,0.000300,0.000000,nan,nan,nan,nan,nan,0.000000,0
1788899794.851837,8.721499,-2.665541,4.213273,-2.985663,-2.665588,4.213570,-2.985663,0.000300,0.000000,-2.665588,4.213570,-2.985663,0.000300,0.000000,-2.665588,4.213570,-2.985663,0.000300,0.000000,nan,nan,nan,nan,nan,0.000000,0
1788899794.901155,8.770816,-2.665541,4.213273,-2.985663,-2.665588,4.213570,-2.985663,0.000300,0.000000,-2.665588,4.213570,-2.985663,0.000300,0.000000,-2.665588,4.213570,-2.985663,0.000300,0.000000,nan,nan,nan,nan,nan,0.000000,0
1788899794.901155,8.770816,-2.665541,4.213273,-2.985663,-2.665588,4.213570,-2.985663,0.000300,0.000000,-2.665588,4.213570,-2.985663,0.000300,0.000000,-2.665588,4.213570,-2.985663,0.000300,0.000000,nan,nan,nan,nan,nan,0.000000,0
1788899794.951557,8.821219,-2.665541,4.213273,-2.985663,-2.665588,4.213570,-2.985663,0.000300,0.000000,-2.665588,4.213570,-2.985663,0.000300,0.000000,-2.665588,4.213570,-2.985663,0.000300,0.000000,nan,nan,nan,nan,nan,0.000000,0
1788899794.951557,8.821219,-2.665541,4.213273,-2.985663,-2.665588,4.213570,-2.985663,0.000300,0.000000,-2.665588,4.213570,-2.985663,0.000300,0.000000,-2.665588,4.213570,-2.985663,0.000300,0.000000,nan,nan,nan,nan,nan,0.000000,0
1788899795.001565,8.871227,-2.665541,4.213273,-2.985663,-2.665588,4.213570,-2.985663,0.000300,0.000000,-2.665588,4.213570,-2.985663,0.000300,0.000000,-2.665588,4.213570,-2.985663,0.000300,0.000000,nan,nan,nan,nan,nan,0.000000,0
1788899795.001565,8.871227,-2.665541,4.213273,-2.985663,-2.665588,4.213570,-2.985663,0.000300,0.000000,-2.665588,4.213570,-2.985663,0.000300,0.000000,-2.665588,4.213570,-2.985663,0.000300,0.000000,nan,nan,nan,nan,nan,0.000000,0
1788899795.051575,8.921237,-2.665541,4.213273,-2.985663,-2.665588,4.213570,-2.985663,0.000300,0.000000,-2.665588,4.213570,-2.985663,0.000300,0.000000,-2.665588,4.213570,-2.985663,0.000300,0.000000,nan,nan,nan,nan,nan,0.000000,0
1788899795.051575,8.921237,-2.665541,4.213273,-2.985663,-2.665588,4.213570,-2.985663,0.000300,0.000000,-2.665588,4.213570,-2.985663,0.000300,0.000000,-2.665588,4.213570,-2.985663,0.000300,0.000000,nan,nan,nan,nan,nan,0.000000,0
1788899795.101199,8.970861,-2.665541,4.213273,-2.985663,-2.665588,4.213570,-2.985663,0.000300,0.000000,-2.665588,4.213570,-2.985663,0.000300,0.000000,-2.665588,4.213570,-2.985663,0.000300,0.000000,nan,nan,nan,nan,nan,0.000000,0
1788899795.101199,8.970861,-2.665541,4.213273,-2.985663,-2.665588,4.213570,-2.985663,0.000300,0.000000,-2.665588,4.213570,-2.985663,0.000300,0.000000,-2.665588,4.213570,-2.985663,0.000300,0.000000,nan,nan,nan,nan,nan,0.000000,0
1788899795.151713,9.021375,-2.665541,4.213273,-2.985663,-2.665588,4.213570,-2.985663,0.000300,0.000000,-2.665588,4.213570,-2.985663,0.000300,0.000000,-2.665588,4.213570,-2.985663,0.000300,0.000000,nan,nan,nan,nan,nan,0.000000,0
1788899795.151713,9.021375,-2.665541,4.213273,-2.985663,-2.665588,4.213570,-2.985663,0.000300,0.000000,-2.665588,4.213570,-2.985663,0.000300,0.000000,-2.665588,4.213570,-2.985663,0.000300,0.000000,nan,nan,nan,nan,nan,0.000000,0
1788899795.201284,9.070946,-2.665541,4.213273,-2.985663,-2.665588,4.213570,-2.985663,0.000300,0.000000,-2.665588,4.213570,-2.985663,0.000300,0.000000,-2.665588,4.213570,-2.985663,0.000300,0.000000,nan,nan,nan,nan,nan,0.000000,0
1788899795.201284,9.070946,-2.665541,4.213273,-2.985663,-2.665588,4.213570,-2.985663,0.000300,0.000000,-2.665588,4.213570,-2.985663,0.000300,0.000000,-2.665588,4.213570,-2.985663,0.000300,0.000000,nan,nan,nan,nan,nan,0.000000,0
1788899795.251567,9.121229,-2.665541,4.213273,-2.985663,-2.665588,4.213570,-2.985663,0.000300,0.000000,-2.665588,4.213570,-2.985663,0.000300,0.000000,-2.665588,4.213570,-2.985663,0.000300,0.000000,nan,nan,nan,nan,nan,0.000000,0
1788899795.251567,9.121229,-2.665541,4.213273,-2.985663,-2.665588,4.213570,-2.985663,0.000300,0.000000,-2.665588,4.213570,-2.985663,0.000300,0.000000,-2.665588,4.213570,-2.985663,0.000300,0.000000,nan,nan,nan,nan,nan,0.000000,0
1788899795.301262,9.170924,-2.665541,4.213273,-2.985663,-2.665588,4.213570,-2.985663,0.000300,0.000000,-2.665588,4.213570,-2.985663,0.000300,0.000000,-2.665588,4.213570,-2.985663,0.000300,0.000000,nan,nan,nan,nan,nan,0.000000,0
1788899795.301262,9.170924,-2.665541,4.213273,-2.985663,-2.665588,4.213570,-2.985663,0.000300,0.000000,-2.665588,4.213570,-2.985663,0.000300,0.000000,-2.665588,4.213570,-2.985663,0.000300,0.000000,nan,nan,nan,nan,nan,0.000000,0
1788899795.351567,9.221229,-2.665541,4.213273,-2.985663,-2.665588,4.213570,-2.985663,0.000300,0.000000,-2.665588,4.213570,-2.985663,0.000300,0.000000,-2.665588,4.213570,-2.985663,0.000300,0.000000,nan,nan,nan,nan,nan,0.000000,0
1788899795.351567,9.221229,-2.665541,4.213273,-2.985663,-2.665588,4.213570,-2.985663,0.000300,0.000000,-2.665588,4.213570,-2.985663,0.000300,0.000000,-2.665588,4.213570,-2.985663,0.000300,0.000000,nan,nan,nan,nan,nan,0.000000,0
1788899795.401831,9.271493,-2.665541,4.213273,-2.985663,-2.665588,4.213570,-2.985663,0.000300,0.000000,-2.665588,4.213570,-2.985663,0.000300,0.000000,-2.665588,4.213570,-2.985663,0.000300,0.000000,nan,nan,nan,nan,nan,0.000000,0
1788899795.401831,9.271493,-2.665541,4.213273,-2.985663,-2.665588,4.213570,-2.985663,0.000300,0.000000,-2.665588,4.213570,-2.985663,0.000300,0.000000,-2.665588,4.213570,-2.985663,0.000300,0.000000,nan,nan,nan,nan,nan,0.000000,0
1788899795.451438,9.321100,-2.665541,4.213273,-2.985663,-2.665588,4.213570,-2.985663,0.000300,0.000000,-2.665588,4.213570,-2.985663,0.000300,0.000000,-2.665588,4.213570,-2.985663,0.000300,0.000000,nan,nan,nan,nan,nan,0.000000,0
1788899795.451438,9.321100,-2.665541,4.213273,-2.985663,-2.665588,4.213570,-2.985663,0.000300,0.000000,-2.665588,4.213570,-2.985663,0.000300,0.000000,-2.665588,4.213570,-2.985663,0.000300,0.000000,nan,nan,nan,nan,nan,0.000000,0
1788899795.501334,9.370996,-2.665541,4.213273,-2.985663,-2.665588,4.213570,-2.985663,0.000300,0.000000,-2.665588,4.213570,-2.985663,0.000300,0.000000,-2.665588,4.213570,-2.985663,0.000300,0.000000,nan,nan,nan,nan,nan,0.000000,0
1788899795.501334,9.370996,-2.665541,4.213273,-2.985663,-2.665588,4.213570,-2.985663,0.000300,0.000000,-2.665588,4.213570,-2.985663,0.000300,0.000000,-2.665588,4.213570,-2.985663,0.000300,0.000000,nan,nan,nan,nan,nan,0.000000,0
1788899795.551494,9.421155,-2.665541,4.213273,-2.985663,-2.665588,4.213570,-2.985663,0.000300,0.000000,-2.665588,4.213570,-2.985663,0.000300,0.000000,-2.665588,4.213570,-2.985663,0.000300,0.000000,nan,nan,nan,nan,nan,0.000000,0
1788899795.551494,9.421155,-2.665541,4.213273,-2.985663,-2.665588,4.213570,-2.985663,0.000300,0.000000,-2.665588,4.213570,-2.985663,0.000300,0.000000,-2.665588,4.213570,-2.985663,0.000300,0.000000,nan,nan,nan,nan,nan,0.000000,0
1788899795.601744,9.471406,-2.665541,4.213273,-2.985663,-2.665588,4.213570,-2.985663,0.000300,0.000000,-2.665588,4.213570,-2.985663,0.000300,0.000000,-2.665588,4.213570,-2.985663,0.000300,0.000000,nan,nan,nan,nan,nan,0.000000,0
1788899795.601744,9.471406,-2.665541,4.213273,-2.985663,-2.665588,4.213570,-2.985663,0.000300,0.000000,-2.665588,4.213570,-2.985663,0.000300,0.000000,-2.665588,4.213570,-2.985663,0.000300,0.000000,nan,nan,nan,nan,nan,0.000000,0
1788899795.651571,9.521232,-2.665541,4.213273,-2.985663,-2.665588,4.213570,-2.985663,0.000300,0.000000,-2.665588,4.213570,-2.985663,0.000300,0.000000,-2.665588,4.213570,-2.985663,0.000300,0.000000,nan,nan,nan,nan,nan,0.000000,0
1788899795.651571,9.521232,-2.665541,4.213273,-2.985663,-2.665588,4.213570,-2.985663,0.000300,0.000000,-2.665588,4.213570,-2.985663,0.000300,0.000000,-2.665588,4.213570,-2.985663,0.000300,0.000000,nan,nan,nan,nan,nan,0.000000,0
1788899795.701210,9.570872,-2.665541,4.213273,-2.985663,-2.665588,4.213570,-2.985663,0.000300,0.000000,-2.665588,4.213570,-2.985663,0.000300,0.000000,-2.665588,4.213570,-2.985663,0.000300,0.000000,nan,nan,nan,nan,nan,0.000000,0
1788899795.701210,9.570872,-2.665541,4.213273,-2.985663,-2.665588,4.213570,-2.985663,0.000300,0.000000,-2.665588,4.213570,-2.985663,0.000300,0.000000,-2.665588,4.213570,-2.985663,0.000300,0.000000,nan,nan,nan,nan,nan,0.000000,0
1788899795.751795,9.621457,-2.665541,4.213273,-2.985663,-2.665588,4.213570,-2.985663,0.000300,0.000000,-2.665588,4.213570,-2.985663,0.000300,0.000000,-2.665588,4.213570,-2.985663,0.000300,0.000000,nan,nan,nan,nan,nan,0.000000,0
1788899795.751795,9.621457,-2.665541,4.213273,-2.985663,-2.665588,4.213570,-2.985663,0.000300,0.000000,-2.665588,4.213570,-2.985663,0.000300,0.000000,-2.665588,4.213570,-2.985663,0.000300,0.000000,nan,nan,nan,nan,nan,0.000000,0
1788899795.801021,9.670683,-2.665541,4.213273,-2.985663,-2.665588,4.213570,-2.985663,0.000300,0.000000,-2.665588,4.213570,-2.985663,0.000300,0.000000,-2.665588,4.213570,-2.985663,0.000300,0.000000,nan,nan,nan,nan,nan,0.000000,0
1788899795.801021,9.670683,-2.665541,4.213273,-2.985663,-2.665588,4.213570,-2.985663,0.000300,0.000000,-2.665588,4.213570,-2.985663,0.000300,0.000000,-2.665588,4.213570,-2.985663,0.000300,0.000000,nan,nan,nan,nan,nan,0.000000,0
1788899795.851158,9.720820,-2.665541,4.213273,-2.985663,-2.665588,4.213570,-2.985663,0.000300,0.000000,-2.665588,4.213570,-2.985663,0.000300,0.000000,-2.665588,4.213570,-2.985663,0.000300,0.000000,nan,nan,nan,nan,nan,0.000000,0
1788899795.851158,9.720820,-2.665541,4.213273,-2.985663,-2.665588,4.213570,-2.985663,0.000300,0.000000,-2.665588,4.213570,-2.985663,0.000300,0.000000,-2.665588,4.213570,-2.985663,0.000300,0.000000,nan,nan,nan,nan,nan,0.000000,0
1788899795.901788,9.771450,-2.665541,4.213273,-2.985663,-2.665588,4.213570,-2.985663,0.000300,0.000000,-2.665588,4.213570,-2.985663,0.000300,0.000000,-2.665588,4.213570,-2.985663,0.000300,0.000000,nan,nan,nan,nan,nan,0.000000,0
1788899795.901788,9.771450,-2.665541,4.213273,-2.985663,-2.665588,4.213570,-2.985663,0.000300,0.000000,-2.665588,4.213570,-2.985663,0.000300,0.000000,-2.665588,4.213570,-2.985663,0.000300,0.000000,nan,nan,nan,nan,nan,0.000000,0
1788899795.951648,9.821310,-2.665541,4.213273,-2.985663,-2.665588,4.213570,-2.985663,0.000300,0.000000,-2.665588,4.213570,-2.985663,0.000300,0.000000,-2.665588,4.213570,-2.985663,0.000300,0.000000,nan,nan,nan,nan,nan,0.000000,0
1788899795.951648,9.821310,-2.665541,4.213273,-2.985663,-2.665588,4.213570,-2.985663,0.000300,0.000000,-2.665588,4.213570,-2.985663,0.000300,0.000000,-2.665588,4.213570,-2.985663,0.000300,0.000000,nan,nan,nan,nan,nan,0.000000,0
1788899796.001366,9.871027,-2.665541,4.213273,-2.985663,-2.665588,4.213570,-2.985663,0.000300,0.000000,-2.665588,4.213570,-2.985663,0.000300,0.000000,-2.665588,4.213570,-2.985663,0.000300,0.000000,nan,nan,nan,nan,nan,0.000000,0
1788899796.001366,9.871027,-2.665541,4.213273,-2.985663,-2.665588,4.213570,-2.985663,0.000300,0.000000,-2.665588,4.213570,-2.985663,0.000300,0.000000,-2.665588,4.213570,-2.985663,0.000300,0.000000,nan,nan,nan,nan,nan,0.000000,0
1788899796.051501,9.921163,-2.665541,4.213273,-2.985663,-2.665588,4.213570,-2.985663,0.000300,0.000000,-2.665588,4.213570,-2.985663,0.000300,0.000000,-2.665588,4.213570,-2.985663,0.000300,0.000000,nan,nan,nan,nan,nan,0.000000,0
1788899796.051501,9.921163,-2.665541,4.213273,-2.985663,-2.665588,4.213570,-2.985663,0.000300,0.000000,-2.665588,4.213570,-2.985663,0.000300,0.000000,-2.665588,4.213570,-2.985663,0.000300,0.000000,nan,nan,nan,nan,nan,0.000000,0
1788899796.101904,9.971566,-2.665541,4.213273,-2.985663,-2.665588,4.213570,-2.985663,0.000300,0.000000,-2.665588,4.213570,-2.985663,0.000300,0.000000,-2.665588,4.213570,-2.985663,0.000300,0.000000,nan,nan,nan,nan,nan,0.000000,0
1788899796.101904,9.971566,-2.665541,4.213273,-2.985663,-2.665588,4.213570,-2.985663,0.000300,0.000000,-2.665588,4.213570,-2.985663,0.000300,0.000000,-2.665588,4.213570,-2.985663,0.000300,0.000000,nan,nan,nan,nan,nan,0.000000,0
1788899796.151663,10.021325,-2.665526,4.213174,-2.985663,-2.665588,4.213570,-2.985663,0.000400,0.000000,-2.665588,4.213570,-2.985663,0.000400,0.000000,-2.665588,4.213570,-2.985663,0.000400,0.000000,nan,nan,nan,nan,nan,0.002010,0
1788899796.151663,10.021325,-2.665526,4.213174,-2.985663,-2.665588,4.213570,-2.985663,0.000400,0.000000,-2.665588,4.213570,-2.985663,0.000400,0.000000,-2.665588,4.213570,-2.985663,0.000400,0.000000,nan,nan,nan,nan,nan,0.002010,0
1788899796.201237,10.070899,-2.665526,4.213174,-2.985663,-2.665588,4.213570,-2.985663,0.000400,0.000000,-2.665588,4.213570,-2.985663,0.000400,0.000000,-2.665588,4.213570,-2.985663,0.000400,0.000000,nan,nan,nan,nan,nan,0.000000,0
1788899796.201237,10.070899,-2.665526,4.213174,-2.985663,-2.665588,4.213570,-2.985663,0.000400,0.000000,-2.665588,4.213570,-2.985663,0.000400,0.000000,-2.665588,4.213570,-2.985663,0.000400,0.000000,nan,nan,nan,nan,nan,0.000000,0
1788899796.251090,10.120751,-2.665526,4.213174,-2.985663,-2.665588,4.213570,-2.985663,0.000400,0.000000,-2.665588,4.213570,-2.985663,0.000400,0.000000,-2.665588,4.213570,-2.985663,0.000400,0.000000,nan,nan,nan,nan,nan,0.000000,0
1788899796.251090,10.120751,-2.665526,4.213174,-2.985663,-2.665588,4.213570,-2.985663,0.000400,0.000000,-2.665588,4.213570,-2.985663,0.000400,0.000000,-2.665588,4.213570,-2.985663,0.000400,0.000000,nan,nan,nan,nan,nan,0.000000,0
1788899796.301893,10.171555,-2.665526,4.213174,-2.985663,-2.665588,4.213570,-2.985663,0.000400,0.000000,-2.665588,4.213570,-2.985663,0.000400,0.000000,-2.665588,4.213570,-2.985663,0.000400,0.000000,nan,nan,nan,nan,nan,0.000000,0
1788899796.301893,10.171555,-2.665526,4.213174,-2.985663,-2.665588,4.213570,-2.985663,0.000400,0.000000,-2.665588,4.213570,-2.985663,0.000400,0.000000,-2.665588,4.213570,-2.985663,0.000400,0.000000,nan,nan,nan,nan,nan,0.000000,0
1788899796.351084,10.220746,-2.665526,4.213174,-2.985663,-2.665588,4.213570,-2.985663,0.000400,0.000000,-2.665588,4.213570,-2.985663,0.000400,0.000000,-2.665588,4.213570,-2.985663,0.000400,0.000000,nan,nan,nan,nan,nan,0.000000,0
1788899796.351084,10.220746,-2.665526,4.213174,-2.985663,-2.665588,4.213570,-2.985663,0.000400,0.000000,-2.665588,4.213570,-2.985663,0.000400,0.000000,-2.665588,4.213570,-2.985663,0.000400,0.000000,nan,nan,nan,nan,nan,0.000000,0
1788899796.401569,10.271231,-2.665526,4.213174,-2.985663,-2.665588,4.213570,-2.985663,0.000400,0.000000,-2.665588,4.213570,-2.985663,0.000400,0.000000,-2.665588,4.213570,-2.985663,0.000400,0.000000,nan,nan,nan,nan,nan,0.000000,0
1788899796.401569,10.271231,-2.665526,4.213174,-2.985663,-2.665588,4.213570,-2.985663,0.000400,0.000000,-2.665588,4.213570,-2.985663,0.000400,0.000000,-2.665588,4.213570,-2.985663,0.000400,0.000000,nan,nan,nan,nan,nan,0.000000,0
1788899796.450990,10.320652,-2.665526,4.213174,-2.985663,-2.665588,4.213570,-2.985663,0.000400,0.000000,-2.665588,4.213570,-2.985663,0.000400,0.000000,-2.665588,4.213570,-2.985663,0.000400,0.000000,nan,nan,nan,nan,nan,0.000000,0
1788899796.450990,10.320652,-2.665526,4.213174,-2.985663,-2.665588,4.213570,-2.985663,0.000400,0.000000,-2.665588,4.213570,-2.985663,0.000400,0.000000,-2.665588,4.213570,-2.985663,0.000400,0.000000,nan,nan,nan,nan,nan,0.000000,0
1788899796.501807,10.371469,-2.665526,4.213174,-2.985663,-2.665588,4.213570,-2.985663,0.000400,0.000000,-2.665588,4.213570,-2.985663,0.000400,0.000000,-2.665588,4.213570,-2.985663,0.000400,0.000000,nan,nan,nan,nan,nan,0.000000,0
1788899796.501807,10.371469,-2.665526,4.213174,-2.985663,-2.665588,4.213570,-2.985663,0.000400,0.000000,-2.665588,4.213570,-2.985663,0.000400,0.000000,-2.665588,4.213570,-2.985663,0.000400,0.000000,nan,nan,nan,nan,nan,0.000000,0
1788899796.551652,10.421314,-2.665526,4.213174,-2.985663,-2.665588,4.213570,-2.985663,0.000400,0.000000,-2.665588,4.213570,-2.985663,0.000400,0.000000,-2.665588,4.213570,-2.985663,0.000400,0.000000,nan,nan,nan,nan,nan,0.000000,0
1788899796.551652,10.421314,-2.665526,4.213174,-2.985663,-2.665588,4.213570,-2.985663,0.000400,0.000000,-2.665588,4.213570,-2.985663,0.000400,0.000000,-2.665588,4.213570,-2.985663,0.000400,0.000000,nan,nan,nan,nan,nan,0.000000,0
1788899796.601855,10.471516,-2.665526,4.213174,-2.985663,-2.665588,4.213570,-2.985663,0.000400,0.000000,-2.665588,4.213570,-2.985663,0.000400,0.000000,-2.665588,4.213570,-2.985663,0.000400,0.000000,nan,nan,nan,nan,nan,0.000000,0
1788899796.601855,10.471516,-2.665526,4.213174,-2.985663,-2.665588,4.213570,-2.985663,0.000400,0.000000,-2.665588,4.213570,-2.985663,0.000400,0.000000,-2.665588,4.213570,-2.985663,0.000400,0.000000,nan,nan,nan,nan,nan,0.000000,0
1788899796.651010,10.520672,-2.665526,4.213174,-2.985663,-2.665588,4.213570,-2.985663,0.000400,0.000000,-2.665588,4.213570,-2.985663,0.000400,0.000000,-2.665588,4.213570,-2.985663,0.000400,0.000000,nan,nan,nan,nan,nan,0.000000,0
1788899796.651010,10.520672,-2.665526,4.213174,-2.985663,-2.665588,4.213570,-2.985663,0.000400,0.000000,-2.665588,4.213570,-2.985663,0.000400,0.000000,-2.665588,4.213570,-2.985663,0.000400,0.000000,nan,nan,nan,nan,nan,0.000000,0
1788899796.701334,10.570995,-2.665526,4.213174,-2.985663,-2.665588,4.213570,-2.985663,0.000400,0.000000,-2.665588,4.213570,-2.985663,0.000400,0.000000,-2.665588,4.213570,-2.985663,0.000400,0.000000,nan,nan,nan,nan,nan,0.000000,0
1788899796.701334,10.570995,-2.665526,4.213174,-2.985663,-2.665588,4.213570,-2.985663,0.000400,0.000000,-2.665588,4.213570,-2.985663,0.000400,0.000000,-2.665588,4.213570,-2.985663,0.000400,0.000000,nan,nan,nan,nan,nan,0.000000,0
1788899796.751836,10.621497,-2.665526,4.213174,-2.985663,-2.665588,4.213570,-2.985663,0.000400,0.000000,-2.665588,4.213570,-2.985663,0.000400,0.000000,-2.665588,4.213570,-2.985663,0.000400,0.000000,nan,nan,nan,nan,nan,0.000000,0
1788899796.751836,10.621497,-2.665526,4.213174,-2.985663,-2.665588,4.213570,-2.985663,0.000400,0.000000,-2.665588,4.213570,-2.985663,0.000400,0.000000,-2.665588,4.213570,-2.985663,0.000400,0.000000,nan,nan,nan,nan,nan,0.000000,0
1788899796.801560,10.671222,-2.665526,4.213174,-2.985663,-2.665588,4.213570,-2.985663,0.000400,0.000000,-2.665588,4.213570,-2.985663,0.000400,0.000000,-2.665588,4.213570,-2.985663,0.000400,0.000000,nan,nan,nan,nan,nan,0.000000,0
1788899796.801560,10.671222,-2.665526,4.213174,-2.985663,-2.665588,4.213570,-2.985663,0.000400,0.000000,-2.665588,4.213570,-2.985663,0.000400,0.000000,-2.665588,4.213570,-2.985663,0.000400,0.000000,nan,nan,nan,nan,nan,0.000000,0
1788899796.851061,10.720723,-2.665526,4.213174,-2.985663,-2.665588,4.213570,-2.985663,0.000400,0.000000,-2.665588,4.213570,-2.985663,0.000400,0.000000,-2.665588,4.213570,-2.985663,0.000400,0.000000,nan,nan,nan,nan,nan,0.000000,0
1788899796.851061,10.720723,-2.665526,4.213174,-2.985663,-2.665588,4.213570,-2.985663,0.000400,0.000000,-2.665588,4.213570,-2.985663,0.000400,0.000000,-2.665588,4.213570,-2.985663,0.000400,0.000000,nan,nan,nan,nan,nan,0.000000,0
1788899796.901587,10.771249,-2.665526,4.213174,-2.985663,-2.665588,4.213570,-2.985663,0.000400,0.000000,-2.665588,4.213570,-2.985663,0.000400,0.000000,-2.665588,4.213570,-2.985663,0.000400,0.000000,nan,nan,nan,nan,nan,0.000000,0
1788899796.901587,10.771249,-2.665526,4.213174,-2.985663,-2.665588,4.213570,-2.985663,0.000400,0.000000,-2.665588,4.213570,-2.985663,0.000400,0.000000,-2.665588,4.213570,-2.985663,0.000400,0.000000,nan,nan,nan,nan,nan,0.000000,0
1788899796.951259,10.820920,-2.665526,4.213174,-2.985663,-2.665588,4.213570,-2.985663,0.000400,0.000000,-2.665588,4.213570,-2.985663,0.000400,0.000000,-2.665588,4.213570,-2.985663,0.000400,0.000000,nan,nan,nan,nan,nan,0.000000,0
1788899796.951259,10.820920,-2.665526,4.213174,-2.985663,-2.665588,4.213570,-2.985663,0.000400,0.000000,-2.665588,4.213570,-2.985663,0.000400,0.000000,-2.665588,4.213570,-2.985663,0.000400,0.000000,nan,nan,nan,nan,nan,0.000000,0
1788899797.001578,10.871240,-2.665526,4.213174,-2.985663,-2.665588,4.213570,-2.985663,0.000400,0.000000,-2.665588,4.213570,-2.985663,0.000400,0.000000,-2.665588,4.213570,-2.985663,0.000400,0.000000,nan,nan,nan,nan,nan,0.000000,0
1788899797.001578,10.871240,-2.665526,4.213174,-2.985663,-2.665588,4.213570,-2.985663,0.000400,0.000000,-2.665588,4.213570,-2.985663,0.000400,0.000000,-2.665588,4.213570,-2.985663,0.000400,0.000000,nan,nan,nan,nan,nan,0.000000,0
1788899797.051845,10.921506,-2.665526,4.213174,-2.985663,-2.665588,4.213570,-2.985663,0.000400,0.000000,-2.665588,4.213570,-2.985663,0.000400,0.000000,-2.665588,4.213570,-2.985663,0.000400,0.000000,nan,nan,nan,nan,nan,0.000000,0
1788899797.051845,10.921506,-2.665526,4.213174,-2.985663,-2.665588,4.213570,-2.985663,0.000400,0.000000,-2.665588,4.213570,-2.985663,0.000400,0.000000,-2.665588,4.213570,-2.985663,0.000400,0.000000,nan,nan,nan,nan,nan,0.000000,0
1788899797.101899,10.971561,-2.665526,4.213174,-2.985663,-2.665588,4.213570,-2.985663,0.000400,0.000000,-2.665588,4.213570,-2.985663,0.000400,0.000000,-2.665588,4.213570,-2.985663,0.000400,0.000000,nan,nan,nan,nan,nan,0.000000,0
1788899797.101899,10.971561,-2.665526,4.213174,-2.985663,-2.665588,4.213570,-2.985663,0.000400,0.000000,-2.665588,4.213570,-2.985663,0.000400,0.000000,-2.665588,4.213570,-2.985663,0.000400,0.000000,nan,nan,nan,nan,nan,0.000000,0
1788899797.151736,11.021398,-2.665526,4.213174,-2.985663,-2.665588,4.213570,-2.985663,0.000400,0.000000,-2.665588,4.213570,-2.985663,0.000400,0.000000,-2.665588,4.213570,-2.985663,0.000400,0.000000,nan,nan,nan,nan,nan,0.000000,0
1788899797.151736,11.021398,-2.665526,4.213174,-2.985663,-2.665588,4.213570,-2.985663,0.000400,0.000000,-2.665588,4.213570,-2.985663,0.000400,0.000000,-2.665588,4.213570,-2.985663,0.000400,0.000000,nan,nan,nan,nan,nan,0.000000,0
1788899797.201580,11.071241,-2.665526,4.213174,-2.985663,-2.665588,4.213570,-2.985663,0.000400,0.000000,-2.665588,4.213570,-2.985663,0.000400,0.000000,-2.665588,4.213570,-2.985663,0.000400,0.000000,nan,nan,nan,nan,nan,0.000000,0
1788899797.201580,11.071241,-2.665526,4.213174,-2.985663,-2.665588,4.213570,-2.985663,0.000400,0.000000,-2.665588,4.213570,-2.985663,0.000400,0.000000,-2.665588,4.213570,-2.985663,0.000400,0.000000,nan,nan,nan,nan,nan,0.000000,0
1788899797.251208,11.120869,-2.665526,4.213174,-2.985663,-2.665588,4.213570,-2.985663,0.000400,0.000000,-2.665588,4.213570,-2.985663,0.000400,0.000000,-2.665588,4.213570,-2.985663,0.000400,0.000000,nan,nan,nan,nan,nan,0.000000,0
1788899797.251208,11.120869,-2.665526,4.213174,-2.985663,-2.665588,4.213570,-2.985663,0.000400,0.000000,-2.665588,4.213570,-2.985663,0.000400,0.000000,-2.665588,4.213570,-2.985663,0.000400,0.000000,nan,nan,nan,nan,nan,0.000000,0
1788899797.301917,11.171579,-2.665526,4.213174,-2.985663,-2.665588,4.213570,-2.985663,0.000400,0.000000,-2.665588,4.213570,-2.985663,0.000400,0.000000,-2.665588,4.213570,-2.985663,0.000400,0.000000,nan,nan,nan,nan,nan,0.000000,0
1788899797.301917,11.171579,-2.665526,4.213174,-2.985663,-2.665588,4.213570,-2.985663,0.000400,0.000000,-2.665588,4.213570,-2.985663,0.000400,0.000000,-2.665588,4.213570,-2.985663,0.000400,0.000000,nan,nan,nan,nan,nan,0.000000,0
1788899797.351486,11.221148,-2.665526,4.213174,-2.985663,-2.665588,4.213570,-2.985663,0.000400,0.000000,-2.665588,4.213570,-2.985663,0.000400,0.000000,-2.665588,4.213570,-2.985663,0.000400,0.000000,nan,nan,nan,nan,nan,0.000000,0
1788899797.351486,11.221148,-2.665526,4.213174,-2.985663,-2.665588,4.213570,-2.985663,0.000400,0.000000,-2.665588,4.213570,-2.985663,0.000400,0.000000,-2.665588,4.213570,-2.985663,0.000400,0.000000,nan,nan,nan,nan,nan,0.000000,0
1788899797.401513,11.271175,-2.665526,4.213174,-2.985663,-2.665588,4.213570,-2.985663,0.000400,0.000000,-2.665588,4.213570,-2.985663,0.000400,0.000000,-2.665588,4.213570,-2.985663,0.000400,0.000000,nan,nan,nan,nan,nan,0.000000,0
1788899797.401513,11.271175,-2.665526,4.213174,-2.985663,-2.665588,4.213570,-2.985663,0.000400,0.000000,-2.665588,4.213570,-2.985663,0.000400,0.000000,-2.665588,4.213570,-2.985663,0.000400,0.000000,nan,nan,nan,nan,nan,0.000000,0
1788899797.451907,11.321569,-2.665526,4.213174,-2.985663,-2.665588,4.213570,-2.985663,0.000400,0.000000,-2.665588,4.213570,-2.985663,0.000400,0.000000,-2.665588,4.213570,-2.985663,0.000400,0.000000,nan,nan,nan,nan,nan,0.000000,0
1788899797.451907,11.321569,-2.665526,4.213174,-2.985663,-2.665588,4.213570,-2.985663,0.000400,0.000000,-2.665588,4.213570,-2.985663,0.000400,0.000000,-2.665588,4.213570,-2.985663,0.000400,0.000000,nan,nan,nan,nan,nan,0.000000,0
1788899797.501702,11.371364,-2.665526,4.213174,-2.985663,-2.665588,4.213570,-2.985663,0.000400,0.000000,-2.665588,4.213570,-2.985663,0.000400,0.000000,-2.665588,4.213570,-2.985663,0.000400,0.000000,nan,nan,nan,nan,nan,0.000000,0
1788899797.501702,11.371364,-2.665526,4.213174,-2.985663,-2.665588,4.213570,-2.985663,0.000400,0.000000,-2.665588,4.213570,-2.985663,0.000400,0.000000,-2.665588,4.213570,-2.985663,0.000400,0.000000,nan,nan,nan,nan,nan,0.000000,0
1788899797.551573,11.421234,-2.665526,4.213174,-2.985663,-2.665588,4.213570,-2.985663,0.000400,0.000000,-2.665588,4.213570,-2.985663,0.000400,0.000000,-2.665588,4.213570,-2.985663,0.000400,0.000000,nan,nan,nan,nan,nan,0.000000,0
1788899797.551573,11.421234,-2.665526,4.213174,-2.985663,-2.665588,4.213570,-2.985663,0.000400,0.000000,-2.665588,4.213570,-2.985663,0.000400,0.000000,-2.665588,4.213570,-2.985663,0.000400,0.000000,nan,nan,nan,nan,nan,0.000000,0
1788899797.601839,11.471501,-2.665526,4.213174,-2.985663,-2.665588,4.213570,-2.985663,0.000400,0.000000,-2.665588,4.213570,-2.985663,0.000400,0.000000,-2.665588,4.213570,-2.985663,0.000400,0.000000,nan,nan,nan,nan,nan,0.000000,0
1788899797.601839,11.471501,-2.665526,4.213174,-2.985663,-2.665588,4.213570,-2.985663,0.000400,0.000000,-2.665588,4.213570,-2.985663,0.000400,0.000000,-2.665588,4.213570,-2.985663,0.000400,0.000000,nan,nan,nan,nan,nan,0.000000,0
1788899797.651583,11.521245,-2.665526,4.213174,-2.985663,-2.665588,4.213570,-2.985663,0.000400,0.000000,-2.665588,4.213570,-2.985663,0.000400,0.000000,-2.665588,4.213570,-2.985663,0.000400,0.000000,nan,nan,nan,nan,nan,0.000000,0
1788899797.651583,11.521245,-2.665526,4.213174,-2.985663,-2.665588,4.213570,-2.985663,0.000400,0.000000,-2.665588,4.213570,-2.985663,0.000400,0.000000,-2.665588,4.213570,-2.985663,0.000400,0.000000,nan,nan,nan,nan,nan,0.000000,0
1788899797.701516,11.571178,-2.665526,4.213174,-2.985663,-2.665588,4.213570,-2.985663,0.000400,0.000000,-2.665588,4.213570,-2.985663,0.000400,0.000000,-2.665588,4.213570,-2.985663,0.000400,0.000000,nan,nan,nan,nan,nan,0.000000,0
1788899797.701516,11.571178,-2.665526,4.213174,-2.985663,-2.665588,4.213570,-2.985663,0.000400,0.000000,-2.665588,4.213570,-2.985663,0.000400,0.000000,-2.665588,4.213570,-2.985663,0.000400,0.000000,nan,nan,nan,nan,nan,0.000000,0
1788899797.751294,11.620956,-2.665526,4.213174,-2.985663,-2.665588,4.213570,-2.985663,0.000400,0.000000,-2.665588,4.213570,-2.985663,0.000400,0.000000,-2.665588,4.213570,-2.985663,0.000400,0.000000,nan,nan,nan,nan,nan,0.000000,0
1788899797.751294,11.620956,-2.665526,4.213174,-2.985663,-2.665588,4.213570,-2.985663,0.000400,0.000000,-2.665588,4.213570,-2.985663,0.000400,0.000000,-2.665588,4.213570,-2.985663,0.000400,0.000000,nan,nan,nan,nan,nan,0.000000,0
1788899797.801875,11.671536,-2.665526,4.213174,-2.985663,-2.665588,4.213570,-2.985663,0.000400,0.000000,-2.665588,4.213570,-2.985663,0.000400,0.000000,-2.665588,4.213570,-2.985663,0.000400,0.000000,nan,nan,nan,nan,nan,0.000000,0
1788899797.801875,11.671536,-2.665526,4.213174,-2.985663,-2.665588,4.213570,-2.985663,0.000400,0.000000,-2.665588,4.213570,-2.985663,0.000400,0.000000,-2.665588,4.213570,-2.985663,0.000400,0.000000,nan,nan,nan,nan,nan,0.000000,0
1788899797.851910,11.721572,-2.665526,4.213174,-2.985663,-2.665588,4.213570,-2.985663,0.000400,0.000000,-2.665588,4.213570,-2.985663,0.000400,0.000000,-2.665588,4.213570,-2.985663,0.000400,0.000000,nan,nan,nan,nan,nan,0.000000,0
1788899797.851910,11.721572,-2.665526,4.213174,-2.985663,-2.665588,4.213570,-2.985663,0.000400,0.000000,-2.665588,4.213570,-2.985663,0.000400,0.000000,-2.665588,4.213570,-2.985663,0.000400,0.000000,nan,nan,nan,nan,nan,0.000000,0
1788899797.901583,11.771245,-2.665526,4.213174,-2.985663,-2.665588,4.213570,-2.985663,0.000400,0.000000,-2.665588,4.213570,-2.985663,0.000400,0.000000,-2.665588,4.213570,-2.985663,0.000400,0.000000,nan,nan,nan,nan,nan,0.000000,0
1788899797.901583,11.771245,-2.665526,4.213174,-2.985663,-2.665588,4.213570,-2.985663,0.000400,0.000000,-2.665588,4.213570,-2.985663,0.000400,0.000000,-2.665588,4.213570,-2.985663,0.000400,0.000000,nan,nan,nan,nan,nan,0.000000,0
1788899797.951627,11.821289,-2.665526,4.213174,-2.985663,-2.665588,4.213570,-2.985663,0.000400,0.000000,-2.665588,4.213570,-2.985663,0.000400,0.000000,-2.665588,4.213570,-2.985663,0.000400,0.000000,nan,nan,nan,nan,nan,0.000000,0
1788899797.951627,11.821289,-2.665526,4.213174,-2.985663,-2.665588,4.213570,-2.985663,0.000400,0.000000,-2.665588,4.213570,-2.985663,0.000400,0.000000,-2.665588,4.213570,-2.985663,0.000400,0.000000,nan,nan,nan,nan,nan,0.000000,0
1788899798.001522,11.871184,-2.665526,4.213174,-2.985663,-2.665588,4.213570,-2.985663,0.000400,0.000000,-2.665588,4.213570,-2.985663,0.000400,0.000000,-2.665588,4.213570,-2.985663,0.000400,0.000000,nan,nan,nan,nan,nan,0.000000,0
1788899798.001522,11.871184,-2.665526,4.213174,-2.985663,-2.665588,4.213570,-2.985663,0.000400,0.000000,-2.665588,4.213570,-2.985663,0.000400,0.000000,-2.665588,4.213570,-2.985663,0.000400,0.000000,nan,nan,nan,nan,nan,0.000000,0
1788899798.051072,11.920734,-2.665526,4.213174,-2.985663,-2.665588,4.213570,-2.985663,0.000400,0.000000,-2.665588,4.213570,-2.985663,0.000400,0.000000,-2.665588,4.213570,-2.985663,0.000400,0.000000,nan,nan,nan,nan,nan,0.000000,0
1788899798.051072,11.920734,-2.665526,4.213174,-2.985663,-2.665588,4.213570,-2.985663,0.000400,0.000000,-2.665588,4.213570,-2.985663,0.000400,0.000000,-2.665588,4.213570,-2.985663,0.000400,0.000000,nan,nan,nan,nan,nan,0.000000,0
1788899798.101808,11.971470,-2.665526,4.213174,-2.985663,-2.665588,4.213570,-2.985663,0.000400,0.000000,-2.665588,4.213570,-2.985663,0.000400,0.000000,-2.665588,4.213570,-2.985663,0.000400,0.000000,nan,nan,nan,nan,nan,0.000000,0
1788899798.101808,11.971470,-2.665526,4.213174,-2.985663,-2.665588,4.213570,-2.985663,0.000400,0.000000,-2.665588,4.213570,-2.985663,0.000400,0.000000,-2.665588,4.213570,-2.985663,0.000400,0.000000,nan,nan,nan,nan,nan,0.000000,0
1788899798.151402,12.021063,-2.665526,4.213174,-2.985663,-2.665588,4.213570,-2.985663,0.000400,0.000000,-2.665588,4.213570,-2.985663,0.000400,0.000000,-2.665588,4.213570,-2.985663,0.000400,0.000000,nan,nan,nan,nan,nan,0.000000,0
1788899798.151402,12.021063,-2.665526,4.213174,-2.985663,-2.665588,4.213570,-2.985663,0.000400,0.000000,-2.665588,4.213570,-2.985663,0.000400,0.000000,-2.665588,4.213570,-2.985663,0.000400,0.000000,nan,nan,nan,nan,nan,0.000000,0
1788899798.200916,12.070578,-2.665526,4.213174,-2.985663,-2.665588,4.213570,-2.985663,0.000400,0.000000,-2.665588,4.213570,-2.985663,0.000400,0.000000,-2.665588,4.213570,-2.985663,0.000400,0.000000,nan,nan,nan,nan,nan,0.000000,0
1788899798.200916,12.070578,-2.665526,4.213174,-2.985663,-2.665588,4.213570,-2.985663,0.000400,0.000000,-2.665588,4.213570,-2.985663,0.000400,0.000000,-2.665588,4.213570,-2.985663,0.000400,0.000000,nan,nan,nan,nan,nan,0.000000,0
1788899798.250962,12.120623,-2.665526,4.213174,-2.985663,-2.665588,4.213570,-2.985663,0.000400,0.000000,-2.665588,4.213570,-2.985663,0.000400,0.000000,-2.665588,4.213570,-2.985663,0.000400,0.000000,nan,nan,nan,nan,nan,0.000000,0
1788899798.250962,12.120623,-2.665526,4.213174,-2.985663,-2.665588,4.213570,-2.985663,0.000400,0.000000,-2.665588,4.213570,-2.985663,0.000400,0.000000,-2.665588,4.213570,-2.985663,0.000400,0.000000,nan,nan,nan,nan,nan,0.000000,0
1788899798.301106,12.170768,-2.665526,4.213174,-2.985663,-2.665588,4.213570,-2.985663,0.000400,0.000000,-2.665588,4.213570,-2.985663,0.000400,0.000000,-2.665588,4.213570,-2.985663,0.000400,0.000000,nan,nan,nan,nan,nan,0.000000,0
1788899798.301106,12.170768,-2.665526,4.213174,-2.985663,-2.665588,4.213570,-2.985663,0.000400,0.000000,-2.665588,4.213570,-2.985663,0.000400,0.000000,-2.665588,4.213570,-2.985663,0.000400,0.000000,nan,nan,nan,nan,nan,0.000000,0
1788899798.351820,12.221481,-2.665526,4.213174,-2.985663,-2.665588,4.213570,-2.985663,0.000400,0.000000,-2.665588,4.213570,-2.985663,0.000400,0.000000,-2.665588,4.213570,-2.985663,0.000400,0.000000,nan,nan,nan,nan,nan,0.000000,0
1788899798.351820,12.221481,-2.665526,4.213174,-2.985663,-2.665588,4.213570,-2.985663,0.000400,0.000000,-2.665588,4.213570,-2.985663,0.000400,0.000000,-2.665588,4.213570,-2.985663,0.000400,0.000000,nan,nan,nan,nan,nan,0.000000,0
1788899798.401907,12.271569,-2.665526,4.213174,-2.985663,-2.665588,4.213570,-2.985663,0.000400,0.000000,-2.665588,4.213570,-2.985663,0.000400,0.000000,-2.665588,4.213570,-2.985663,0.000400,0.000000,nan,nan,nan,nan,nan,0.000000,0
1788899798.401907,12.271569,-2.665526,4.213174,-2.985663,-2.665588,4.213570,-2.985663,0.000400,0.000000,-2.665588,4.213570,-2.985663,0.000400,0.000000,-2.665588,4.213570,-2.985663,0.000400,0.000000,nan,nan,nan,nan,nan,0.000000,0
1788899798.451468,12.321130,-2.665526,4.213174,-2.985663,-2.665588,4.213570,-2.985663,0.000400,0.000000,-2.665588,4.213570,-2.985663,0.000400,0.000000,-2.665588,4.213570,-2.985663,0.000400,0.000000,nan,nan,nan,nan,nan,0.000000,0
1788899798.451468,12.321130,-2.665526,4.213174,-2.985663,-2.665588,4.213570,-2.985663,0.000400,0.000000,-2.665588,4.213570,-2.985663,0.000400,0.000000,-2.665588,4.213570,-2.985663,0.000400,0.000000,nan,nan,nan,nan,nan,0.000000,0
1788899798.501960,12.371622,-2.665526,4.213174,-2.985663,-2.665588,4.213570,-2.985663,0.000400,0.000000,-2.665588,4.213570,-2.985663,0.000400,0.000000,-2.665588,4.213570,-2.985663,0.000400,0.000000,nan,nan,nan,nan,nan,0.000000,0
1788899798.501960,12.371622,-2.665526,4.213174,-2.985663,-2.665588,4.213570,-2.985663,0.000400,0.000000,-2.665588,4.213570,-2.985663,0.000400,0.000000,-2.665588,4.213570,-2.985663,0.000400,0.000000,nan,nan,nan,nan,nan,0.000000,0
1788899798.551504,12.421165,-2.665526,4.213174,-2.985663,-2.665588,4.213570,-2.985663,0.000400,0.000000,-2.665588,4.213570,-2.985663,0.000400,0.000000,-2.665588,4.213570,-2.985663,0.000400,0.000000,nan,nan,nan,nan,nan,0.000000,0
1788899798.551504,12.421165,-2.665526,4.213174,-2.985663,-2.665588,4.213570,-2.985663,0.000400,0.000000,-2.665588,4.213570,-2.985663,0.000400,0.000000,-2.665588,4.213570,-2.985663,0.000400,0.000000,nan,nan,nan,nan,nan,0.000000,0
1788899798.601822,12.471484,-2.665526,4.213174,-2.985663,-2.665588,4.213570,-2.985663,0.000400,0.000000,-2.665588,4.213570,-2.985663,0.000400,0.000000,-2.665588,4.213570,-2.985663,0.000400,0.000000,nan,nan,nan,nan,nan,0.000000,0
1788899798.601822,12.471484,-2.665526,4.213174,-2.985663,-2.665588,4.213570,-2.985663,0.000400,0.000000,-2.665588,4.213570,-2.985663,0.000400,0.000000,-2.665588,4.213570,-2.985663,0.000400,0.000000,nan,nan,nan,nan,nan,0.000000,0
1788899798.651161,12.520823,-2.665526,4.213174,-2.985663,-2.665588,4.213570,-2.985663,0.000400,0.000000,-2.665588,4.213570,-2.985663,0.000400,0.000000,-2.665588,4.213570,-2.985663,0.000400,0.000000,nan,nan,nan,nan,nan,0.000000,0
1788899798.651161,12.520823,-2.665526,4.213174,-2.985663,-2.665588,4.213570,-2.985663,0.000400,0.000000,-2.665588,4.213570,-2.985663,0.000400,0.000000,-2.665588,4.213570,-2.985663,0.000400,0.000000,nan,nan,nan,nan,nan,0.000000,0
1788899798.701567,12.571229,-2.665526,4.213174,-2.985663,-2.665588,4.213570,-2.985663,0.000400,0.000000,-2.665588,4.213570,-2.985663,0.000400,0.000000,-2.665588,4.213570,-2.985663,0.000400,0.000000,nan,nan,nan,nan,nan,0.000000,0
1788899798.701567,12.571229,-2.665526,4.213174,-2.985663,-2.665588,4.213570,-2.985663,0.000400,0.000000,-2.665588,4.213570,-2.985663,0.000400,0.000000,-2.665588,4.213570,-2.985663,0.000400,0.000000,nan,nan,nan,nan,nan,0.000000,0
1788899798.751541,12.621203,-2.665526,4.213174,-2.985663,-2.665588,4.213570,-2.985663,0.000400,0.000000,-2.665588,4.213570,-2.985663,0.000400,0.000000,-2.665588,4.213570,-2.985663,0.000400,0.000000,nan,nan,nan,nan,nan,0.000000,0
1788899798.751541,12.621203,-2.665526,4.213174,-2.985663,-2.665588,4.213570,-2.985663,0.000400,0.000000,-2.665588,4.213570,-2.985663,0.000400,0.000000,-2.665588,4.213570,-2.985663,0.000400,0.000000,nan,nan,nan,nan,nan,0.000000,0
1788899798.801381,12.671043,-2.665526,4.213174,-2.985663,-2.665588,4.213570,-2.985663,0.000400,0.000000,-2.665588,4.213570,-2.985663,0.000400,0.000000,-2.665588,4.213570,-2.985663,0.000400,0.000000,nan,nan,nan,nan,nan,0.000000,0
1788899798.801381,12.671043,-2.665526,4.213174,-2.985663,-2.665588,4.213570,-2.985663,0.000400,0.000000,-2.665588,4.213570,-2.985663,0.000400,0.000000,-2.665588,4.213570,-2.985663,0.000400,0.000000,nan,nan,nan,nan,nan,0.000000,0
1788899798.851685,12.721347,-2.665526,4.213174,-2.985663,-2.665588,4.213570,-2.985663,0.000400,0.000000,-2.665588,4.213570,-2.985663,0.000400,0.000000,-2.665588,4.213570,-2.985663,0.000400,0.000000,nan,nan,nan,nan,nan,0.000000,0
1788899798.851685,12.721347,-2.665526,4.213174,-2.985663,-2.665588,4.213570,-2.985663,0.000400,0.000000,-2.665588,4.213570,-2.985663,0.000400,0.000000,-2.665588,4.213570,-2.985663,0.000400,0.000000,nan,nan,nan,nan,nan,0.000000,0
1788899798.901429,12.771091,-2.665526,4.213174,-2.985663,-2.665588,4.213570,-2.985663,0.000400,0.000000,-2.665588,4.213570,-2.985663,0.000400,0.000000,-2.665588,4.213570,-2.985663,0.000400,0.000000,nan,nan,nan,nan,nan,0.000000,0
1788899798.901429,12.771091,-2.665526,4.213174,-2.985663,-2.665588,4.213570,-2.985663,0.000400,0.000000,-2.665588,4.213570,-2.985663,0.000400,0.000000,-2.665588,4.213570,-2.985663,0.000400,0.000000,nan,nan,nan,nan,nan,0.000000,0
1788899798.951659,12.821321,-2.665526,4.213174,-2.985663,-2.665588,4.213570,-2.985663,0.000400,0.000000,-2.665588,4.213570,-2.985663,0.000400,0.000000,-2.665588,4.213570,-2.985663,0.000400,0.000000,nan,nan,nan,nan,nan,0.000000,0
1788899798.951659,12.821321,-2.665526,4.213174,-2.985663,-2.665588,4.213570,-2.985663,0.000400,0.000000,-2.665588,4.213570,-2.985663,0.000400,0.000000,-2.665588,4.213570,-2.985663,0.000400,0.000000,nan,nan,nan,nan,nan,0.000000,0
1788899799.001021,12.870683,-2.665526,4.213174,-2.985663,-2.665588,4.213570,-2.985663,0.000400,0.000000,-2.665588,4.213570,-2.985663,0.000400,0.000000,-2.665588,4.213570,-2.985663,0.000400,0.000000,nan,nan,nan,nan,nan,0.000000,0
1788899799.001021,12.870683,-2.665526,4.213174,-2.985663,-2.665588,4.213570,-2.985663,0.000400,0.000000,-2.665588,4.213570,-2.985663,0.000400,0.000000,-2.665588,4.213570,-2.985663,0.000400,0.000000,nan,nan,nan,nan,nan,0.000000,0
1788899799.051713,12.921375,-2.665510,4.213076,-2.985663,-2.665588,4.213570,-2.985663,0.000500,0.000000,-2.665588,4.213570,-2.985663,0.000500,0.000000,-2.665588,4.213570,-2.985663,0.000500,0.000000,nan,nan,nan,nan,nan,0.001973,0
1788899799.051713,12.921375,-2.665510,4.213076,-2.985663,-2.665588,4.213570,-2.985663,0.000500,0.000000,-2.665588,4.213570,-2.985663,0.000500,0.000000,-2.665588,4.213570,-2.985663,0.000500,0.000000,nan,nan,nan,nan,nan,0.001973,0
1788899799.102169,12.971831,-2.665510,4.213076,-2.985663,-2.665588,4.213570,-2.985663,0.000500,0.000000,-2.665588,4.213570,-2.985663,0.000500,0.000000,-2.665588,4.213570,-2.985663,0.000500,0.000000,nan,nan,nan,nan,nan,0.000000,0
1788899799.102169,12.971831,-2.665510,4.213076,-2.985663,-2.665588,4.213570,-2.985663,0.000500,0.000000,-2.665588,4.213570,-2.985663,0.000500,0.000000,-2.665588,4.213570,-2.985663,0.000500,0.000000,nan,nan,nan,nan,nan,0.000000,0
1788899799.151798,13.021460,-2.665510,4.213076,-2.985663,-2.665588,4.213570,-2.985663,0.000500,0.000000,-2.665588,4.213570,-2.985663,0.000500,0.000000,-2.665588,4.213570,-2.985663,0.000500,0.000000,nan,nan,nan,nan,nan,0.000000,0
1788899799.151798,13.021460,-2.665510,4.213076,-2.985663,-2.665588,4.213570,-2.985663,0.000500,0.000000,-2.665588,4.213570,-2.985663,0.000500,0.000000,-2.665588,4.213570,-2.985663,0.000500,0.000000,nan,nan,nan,nan,nan,0.000000,0
1788899799.201700,13.071362,-2.665510,4.213076,-2.985663,-2.665588,4.213570,-2.985663,0.000500,0.000000,-2.665588,4.213570,-2.985663,0.000500,0.000000,-2.665588,4.213570,-2.985663,0.000500,0.000000,nan,nan,nan,nan,nan,0.000000,0
1788899799.201700,13.071362,-2.665510,4.213076,-2.985663,-2.665588,4.213570,-2.985663,0.000500,0.000000,-2.665588,4.213570,-2.985663,0.000500,0.000000,-2.665588,4.213570,-2.985663,0.000500,0.000000,nan,nan,nan,nan,nan,0.000000,0
1788899799.251342,13.121004,-2.665510,4.213076,-2.985663,-2.665588,4.213570,-2.985663,0.000500,0.000000,-2.665588,4.213570,-2.985663,0.000500,0.000000,-2.665588,4.213570,-2.985663,0.000500,0.000000,nan,nan,nan,nan,nan,0.000000,0
1788899799.251342,13.121004,-2.665510,4.213076,-2.985663,-2.665588,4.213570,-2.985663,0.000500,0.000000,-2.665588,4.213570,-2.985663,0.000500,0.000000,-2.665588,4.213570,-2.985663,0.000500,0.000000,nan,nan,nan,nan,nan,0.000000,0
1788899799.301273,13.170934,-2.665510,4.213076,-2.985663,-2.665588,4.213570,-2.985663,0.000500,0.000000,-2.665588,4.213570,-2.985663,0.000500,0.000000,-2.665588,4.213570,-2.985663,0.000500,0.000000,nan,nan,nan,nan,nan,0.000000,0
1788899799.301273,13.170934,-2.665510,4.213076,-2.985663,-2.665588,4.213570,-2.985663,0.000500,0.000000,-2.665588,4.213570,-2.985663,0.000500,0.000000,-2.665588,4.213570,-2.985663,0.000500,0.000000,nan,nan,nan,nan,nan,0.000000,0
1788899799.351569,13.221231,-2.665510,4.213076,-2.985663,-2.665588,4.213570,-2.985663,0.000500,0.000000,-2.665588,4.213570,-2.985663,0.000500,0.000000,-2.665588,4.213570,-2.985663,0.000500,0.000000,nan,nan,nan,nan,nan,0.000000,0
1788899799.351569,13.221231,-2.665510,4.213076,-2.985663,-2.665588,4.213570,-2.985663,0.000500,0.000000,-2.665588,4.213570,-2.985663,0.000500,0.000000,-2.665588,4.213570,-2.985663,0.000500,0.000000,nan,nan,nan,nan,nan,0.000000,0
1788899799.401353,13.271015,-2.665510,4.213076,-2.985663,-2.665588,4.213570,-2.985663,0.000500,0.000000,-2.665588,4.213570,-2.985663,0.000500,0.000000,-2.665588,4.213570,-2.985663,0.000500,0.000000,nan,nan,nan,nan,nan,0.000000,0
1788899799.401353,13.271015,-2.665510,4.213076,-2.985663,-2.665588,4.213570,-2.985663,0.000500,0.000000,-2.665588,4.213570,-2.985663,0.000500,0.000000,-2.665588,4.213570,-2.985663,0.000500,0.000000,nan,nan,nan,nan,nan,0.000000,0
1788899799.450895,13.320557,-2.665510,4.213076,-2.985663,-2.665588,4.213570,-2.985663,0.000500,0.000000,-2.665588,4.213570,-2.985663,0.000500,0.000000,-2.665588,4.213570,-2.985663,0.000500,0.000000,nan,nan,nan,nan,nan,0.000000,0
1788899799.450895,13.320557,-2.665510,4.213076,-2.985663,-2.665588,4.213570,-2.985663,0.000500,0.000000,-2.665588,4.213570,-2.985663,0.000500,0.000000,-2.665588,4.213570,-2.985663,0.000500,0.000000,nan,nan,nan,nan,nan,0.000000,0
1788899799.501158,13.370820,-2.665510,4.213076,-2.985663,-2.665588,4.213570,-2.985663,0.000500,0.000000,-2.665588,4.213570,-2.985663,0.000500,0.000000,-2.665588,4.213570,-2.985663,0.000500,0.000000,nan,nan,nan,nan,nan,0.000000,0
1788899799.501158,13.370820,-2.665510,4.213076,-2.985663,-2.665588,4.213570,-2.985663,0.000500,0.000000,-2.665588,4.213570,-2.985663,0.000500,0.000000,-2.665588,4.213570,-2.985663,0.000500,0.000000,nan,nan,nan,nan,nan,0.000000,0
1788899799.551034,13.420696,-2.665510,4.213076,-2.985663,-2.665588,4.213570,-2.985663,0.000500,0.000000,-2.665588,4.213570,-2.985663,0.000500,0.000000,-2.665588,4.213570,-2.985663,0.000500,0.000000,nan,nan,nan,nan,nan,0.000000,0
1788899799.551034,13.420696,-2.665510,4.213076,-2.985663,-2.665588,4.213570,-2.985663,0.000500,0.000000,-2.665588,4.213570,-2.985663,0.000500,0.000000,-2.665588,4.213570,-2.985663,0.000500,0.000000,nan,nan,nan,nan,nan,0.000000,0
1788899799.601850,13.471512,-2.665510,4.213076,-2.985663,-2.665588,4.213570,-2.985663,0.000500,0.000000,-2.665588,4.213570,-2.985663,0.000500,0.000000,-2.665588,4.213570,-2.985663,0.000500,0.000000,nan,nan,nan,nan,nan,0.000000,0
1788899799.601850,13.471512,-2.665510,4.213076,-2.985663,-2.665588,4.213570,-2.985663,0.000500,0.000000,-2.665588,4.213570,-2.985663,0.000500,0.000000,-2.665588,4.213570,-2.985663,0.000500,0.000000,nan,nan,nan,nan,nan,0.000000,0
1788899799.651953,13.521615,-2.665510,4.213076,-2.985663,-2.665588,4.213570,-2.985663,0.000500,0.000000,-2.665588,4.213570,-2.985663,0.000500,0.000000,-2.665588,4.213570,-2.985663,0.000500,0.000000,nan,nan,nan,nan,nan,0.000000,0
1788899799.651953,13.521615,-2.665510,4.213076,-2.985663,-2.665588,4.213570,-2.985663,0.000500,0.000000,-2.665588,4.213570,-2.985663,0.000500,0.000000,-2.665588,4.213570,-2.985663,0.000500,0.000000,nan,nan,nan,nan,nan,0.000000,0
1788899799.701003,13.570665,-2.665510,4.213076,-2.985663,-2.665588,4.213570,-2.985663,0.000500,0.000000,-2.665588,4.213570,-2.985663,0.000500,0.000000,-2.665588,4.213570,-2.985663,0.000500,0.000000,nan,nan,nan,nan,nan,0.000000,0
1788899799.701003,13.570665,-2.665510,4.213076,-2.985663,-2.665588,4.213570,-2.985663,0.000500,0.000000,-2.665588,4.213570,-2.985663,0.000500,0.000000,-2.665588,4.213570,-2.985663,0.000500,0.000000,nan,nan,nan,nan,nan,0.000000,0
1788899799.751250,13.620911,-2.665510,4.213076,-2.985663,-2.665588,4.213570,-2.985663,0.000500,0.000000,-2.665588,4.213570,-2.985663,0.000500,0.000000,-2.665588,4.213570,-2.985663,0.000500,0.000000,nan,nan,nan,nan,nan,0.000000,0
1788899799.751250,13.620911,-2.665510,4.213076,-2.985663,-2.665588,4.213570,-2.985663,0.000500,0.000000,-2.665588,4.213570,-2.985663,0.000500,0.000000,-2.665588,4.213570,-2.985663,0.000500,0.000000,nan,nan,nan,nan,nan,0.000000,0
1788899799.801892,13.671554,-2.665510,4.213076,-2.985663,-2.665588,4.213570,-2.985663,0.000500,0.000000,-2.665588,4.213570,-2.985663,0.000500,0.000000,-2.665588,4.213570,-2.985663,0.000500,0.000000,nan,nan,nan,nan,nan,0.000000,0
1788899799.801892,13.671554,-2.665510,4.213076,-2.985663,-2.665588,4.213570,-2.985663,0.000500,0.000000,-2.665588,4.213570,-2.985663,0.000500,0.000000,-2.665588,4.213570,-2.985663,0.000500,0.000000,nan,nan,nan,nan,nan,0.000000,0
1788899799.851732,13.721394,-2.665510,4.213076,-2.985663,-2.665588,4.213570,-2.985663,0.000500,0.000000,-2.665588,4.213570,-2.985663,0.000500,0.000000,-2.665588,4.213570,-2.985663,0.000500,0.000000,nan,nan,nan,nan,nan,0.000000,0
1788899799.851732,13.721394,-2.665510,4.213076,-2.985663,-2.665588,4.213570,-2.985663,0.000500,0.000000,-2.665588,4.213570,-2.985663,0.000500,0.000000,-2.665588,4.213570,-2.985663,0.000500,0.000000,nan,nan,nan,nan,nan,0.000000,0
1788899799.901443,13.771105,-2.665510,4.213076,-2.985663,-2.665588,4.213570,-2.985663,0.000500,0.000000,-2.665588,4.213570,-2.985663,0.000500,0.000000,-2.665588,4.213570,-2.985663,0.000500,0.000000,nan,nan,nan,nan,nan,0.000000,0
1788899799.901443,13.771105,-2.665510,4.213076,-2.985663,-2.665588,4.213570,-2.985663,0.000500,0.000000,-2.665588,4.213570,-2.985663,0.000500,0.000000,-2.665588,4.213570,-2.985663,0.000500,0.000000,nan,nan,nan,nan,nan,0.000000,0
1788899799.951018,13.820680,-2.665510,4.213076,-2.985663,-2.665588,4.213570,-2.985663,0.000500,0.000000,-2.665588,4.213570,-2.985663,0.000500,0.000000,-2.665588,4.213570,-2.985663,0.000500,0.000000,nan,nan,nan,nan,nan,0.000000,0
1788899799.951018,13.820680,-2.665510,4.213076,-2.985663,-2.665588,4.213570,-2.985663,0.000500,0.000000,-2.665588,4.213570,-2.985663,0.000500,0.000000,-2.665588,4.213570,-2.985663,0.000500,0.000000,nan,nan,nan,nan,nan,0.000000,0
1788899800.001595,13.871256,-2.665510,4.213076,-2.985663,-2.665588,4.213570,-2.985663,0.000500,0.000000,-2.665588,4.213570,-2.985663,0.000500,0.000000,-2.665588,4.213570,-2.985663,0.000500,0.000000,nan,nan,nan,nan,nan,0.000000,0
1788899800.001595,13.871256,-2.665510,4.213076,-2.985663,-2.665588,4.213570,-2.985663,0.000500,0.000000,-2.665588,4.213570,-2.985663,0.000500,0.000000,-2.665588,4.213570,-2.985663,0.000500,0.000000,nan,nan,nan,nan,nan,0.000000,0
1788899800.051168,13.920830,-2.665510,4.213076,-2.985663,-2.665588,4.213570,-2.985663,0.000500,0.000000,-2.665588,4.213570,-2.985663,0.000500,0.000000,-2.665588,4.213570,-2.985663,0.000500,0.000000,nan,nan,nan,nan,nan,0.000000,0
1788899800.051168,13.920830,-2.665510,4.213076,-2.985663,-2.665588,4.213570,-2.985663,0.000500,0.000000,-2.665588,4.213570,-2.985663,0.000500,0.000000,-2.665588,4.213570,-2.985663,0.000500,0.000000,nan,nan,nan,nan,nan,0.000000,0
1788899800.101571,13.971233,-2.665510,4.213076,-2.985663,-2.665588,4.213570,-2.985663,0.000500,0.000000,-2.665588,4.213570,-2.985663,0.000500,0.000000,-2.665588,4.213570,-2.985663,0.000500,0.000000,nan,nan,nan,nan,nan,0.000000,0
1788899800.101571,13.971233,-2.665510,4.213076,-2.985663,-2.665588,4.213570,-2.985663,0.000500,0.000000,-2.665588,4.213570,-2.985663,0.000500,0.000000,-2.665588,4.213570,-2.985663,0.000500,0.000000,nan,nan,nan,nan,nan,0.000000,0
1788899800.151058,14.020720,-2.665510,4.213076,-2.985663,-2.665588,4.213570,-2.985663,0.000500,0.000000,-2.665588,4.213570,-2.985663,0.000500,0.000000,-2.665588,4.213570,-2.985663,0.000500,0.000000,nan,nan,nan,nan,nan,0.000000,0
1788899800.151058,14.020720,-2.665510,4.213076,-2.985663,-2.665588,4.213570,-2.985663,0.000500,0.000000,-2.665588,4.213570,-2.985663,0.000500,0.000000,-2.665588,4.213570,-2.985663,0.000500,0.000000,nan,nan,nan,nan,nan,0.000000,0
1788899800.201538,14.071200,-2.665510,4.213076,-2.985663,-2.665588,4.213570,-2.985663,0.000500,0.000000,-2.665588,4.213570,-2.985663,0.000500,0.000000,-2.665588,4.213570,-2.985663,0.000500,0.000000,nan,nan,nan,nan,nan,0.000000,0
1788899800.201538,14.071200,-2.665510,4.213076,-2.985663,-2.665588,4.213570,-2.985663,0.000500,0.000000,-2.665588,4.213570,-2.985663,0.000500,0.000000,-2.665588,4.213570,-2.985663,0.000500,0.000000,nan,nan,nan,nan,nan,0.000000,0
1788899800.251756,14.121418,-2.665510,4.213076,-2.985663,-2.665588,4.213570,-2.985663,0.000500,0.000000,-2.665588,4.213570,-2.985663,0.000500,0.000000,-2.665588,4.213570,-2.985663,0.000500,0.000000,nan,nan,nan,nan,nan,0.000000,0
1788899800.251756,14.121418,-2.665510,4.213076,-2.985663,-2.665588,4.213570,-2.985663,0.000500,0.000000,-2.665588,4.213570,-2.985663,0.000500,0.000000,-2.665588,4.213570,-2.985663,0.000500,0.000000,nan,nan,nan,nan,nan,0.000000,0
1788899800.301319,14.170981,-2.665510,4.213076,-2.985663,-2.665588,4.213570,-2.985663,0.000500,0.000000,-2.665588,4.213570,-2.985663,0.000500,0.000000,-2.665588,4.213570,-2.985663,0.000500,0.000000,nan,nan,nan,nan,nan,0.000000,0
1788899800.301319,14.170981,-2.665510,4.213076,-2.985663,-2.665588,4.213570,-2.985663,0.000500,0.000000,-2.665588,4.213570,-2.985663,0.000500,0.000000,-2.665588,4.213570,-2.985663,0.000500,0.000000,nan,nan,nan,nan,nan,0.000000,0
1788899800.351860,14.221522,-2.665510,4.213076,-2.985663,-2.665588,4.213570,-2.985663,0.000500,0.000000,-2.665588,4.213570,-2.985663,0.000500,0.000000,-2.665588,4.213570,-2.985663,0.000500,0.000000,nan,nan,nan,nan,nan,0.000000,0
1788899800.351860,14.221522,-2.665510,4.213076,-2.985663,-2.665588,4.213570,-2.985663,0.000500,0.000000,-2.665588,4.213570,-2.985663,0.000500,0.000000,-2.665588,4.213570,-2.985663,0.000500,0.000000,nan,nan,nan,nan,nan,0.000000,0
1788899800.401811,14.271472,-2.665510,4.213076,-2.985663,-2.665588,4.213570,-2.985663,0.000500,0.000000,-2.665588,4.213570,-2.985663,0.000500,0.000000,-2.665588,4.213570,-2.985663,0.000500,0.000000,nan,nan,nan,nan,nan,0.000000,0
1788899800.401811,14.271472,-2.665510,4.213076,-2.985663,-2.665588,4.213570,-2.985663,0.000500,0.000000,-2.665588,4.213570,-2.985663,0.000500,0.000000,-2.665588,4.213570,-2.985663,0.000500,0.000000,nan,nan,nan,nan,nan,0.000000,0
1788899800.451417,14.321079,-2.665510,4.213076,-2.985663,-2.665588,4.213570,-2.985663,0.000500,0.000000,-2.665588,4.213570,-2.985663,0.000500,0.000000,-2.665588,4.213570,-2.985663,0.000500,0.000000,nan,nan,nan,nan,nan,0.000000,0
1788899800.451417,14.321079,-2.665510,4.213076,-2.985663,-2.665588,4.213570,-2.985663,0.000500,0.000000,-2.665588,4.213570,-2.985663,0.000500,0.000000,-2.665588,4.213570,-2.985663,0.000500,0.000000,nan,nan,nan,nan,nan,0.000000,0
1788899800.501858,14.371519,-2.665510,4.213076,-2.985663,-2.665588,4.213570,-2.985663,0.000500,0.000000,-2.665588,4.213570,-2.985663,0.000500,0.000000,-2.665588,4.213570,-2.985663,0.000500,0.000000,nan,nan,nan,nan,nan,0.000000,0
1788899800.501858,14.371519,-2.665510,4.213076,-2.985663,-2.665588,4.213570,-2.985663,0.000500,0.000000,-2.665588,4.213570,-2.985663,0.000500,0.000000,-2.665588,4.213570,-2.985663,0.000500,0.000000,nan,nan,nan,nan,nan,0.000000,0
1788899800.551490,14.421152,-2.665510,4.213076,-2.985663,-2.665588,4.213570,-2.985663,0.000500,0.000000,-2.665588,4.213570,-2.985663,0.000500,0.000000,-2.665588,4.213570,-2.985663,0.000500,0.000000,nan,nan,nan,nan,nan,0.000000,0
1788899800.551490,14.421152,-2.665510,4.213076,-2.985663,-2.665588,4.213570,-2.985663,0.000500,0.000000,-2.665588,4.213570,-2.985663,0.000500,0.000000,-2.665588,4.213570,-2.985663,0.000500,0.000000,nan,nan,nan,nan,nan,0.000000,0
1788899800.601700,14.471361,-2.665510,4.213076,-2.985663,-2.665588,4.213570,-2.985663,0.000500,0.000000,-2.665588,4.213570,-2.985663,0.000500,0.000000,-2.665588,4.213570,-2.985663,0.000500,0.000000,nan,nan,nan,nan,nan,0.000000,0
1788899800.601700,14.471361,-2.665510,4.213076,-2.985663,-2.665588,4.213570,-2.985663,0.000500,0.000000,-2.665588,4.213570,-2.985663,0.000500,0.000000,-2.665588,4.213570,-2.985663,0.000500,0.000000,nan,nan,nan,nan,nan,0.000000,0
1788899800.651698,14.521359,-2.665510,4.213076,-2.985663,-2.665588,4.213570,-2.985663,0.000500,0.000000,-2.665588,4.213570,-2.985663,0.000500,0.000000,-2.665588,4.213570,-2.985663,0.000500,0.000000,nan,nan,nan,nan,nan,0.000000,0
1788899800.651698,14.521359,-2.665510,4.213076,-2.985663,-2.665588,4.213570,-2.985663,0.000500,0.000000,-2.665588,4.213570,-2.985663,0.000500,0.000000,-2.665588,4.213570,-2.985663,0.000500,0.000000,nan,nan,nan,nan,nan,0.000000,0
1788899800.701227,14.570889,-2.665510,4.213076,-2.985663,-2.665588,4.213570,-2.985663,0.000500,0.000000,-2.665588,4.213570,-2.985663,0.000500,0.000000,-2.665588,4.213570,-2.985663,0.000500,0.000000,nan,nan,nan,nan,nan,0.000000,0
1788899800.701227,14.570889,-2.665510,4.213076,-2.985663,-2.665588,4.213570,-2.985663,0.000500,0.000000,-2.665588,4.213570,-2.985663,0.000500,0.000000,-2.665588,4.213570,-2.985663,0.000500,0.000000,nan,nan,nan,nan,nan,0.000000,0
1788899800.751793,14.621455,-2.665510,4.213076,-2.985663,-2.665588,4.213570,-2.985663,0.000500,0.000000,-2.665588,4.213570,-2.985663,0.000500,0.000000,-2.665588,4.213570,-2.985663,0.000500,0.000000,nan,nan,nan,nan,nan,0.000000,0
1788899800.751793,14.621455,-2.665510,4.213076,-2.985663,-2.665588,4.213570,-2.985663,0.000500,0.000000,-2.665588,4.213570,-2.985663,0.000500,0.000000,-2.665588,4.213570,-2.985663,0.000500,0.000000,nan,nan,nan,nan,nan,0.000000,0
1788899800.801234,14.670896,-2.665510,4.213076,-2.985663,-2.665588,4.213570,-2.985663,0.000500,0.000000,-2.665588,4.213570,-2.985663,0.000500,0.000000,-2.665588,4.213570,-2.985663,0.000500,0.000000,nan,nan,nan,nan,nan,0.000000,0
1788899800.801234,14.670896,-2.665510,4.213076,-2.985663,-2.665588,4.213570,-2.985663,0.000500,0.000000,-2.665588,4.213570,-2.985663,0.000500,0.000000,-2.665588,4.213570,-2.985663,0.000500,0.000000,nan,nan,nan,nan,nan,0.000000,0
1788899800.851910,14.721572,-2.665510,4.213076,-2.985663,-2.665588,4.213570,-2.985663,0.000500,0.000000,-2.665588,4.213570,-2.985663,0.000500,0.000000,-2.665588,4.213570,-2.985663,0.000500,0.000000,nan,nan,nan,nan,nan,0.000000,0
1788899800.851910,14.721572,-2.665510,4.213076,-2.985663,-2.665588,4.213570,-2.985663,0.000500,0.000000,-2.665588,4.213570,-2.985663,0.000500,0.000000,-2.665588,4.213570,-2.985663,0.000500,0.000000,nan,nan,nan,nan,nan,0.000000,0
1788899800.901386,14.771048,-2.665510,4.213076,-2.985663,-2.665588,4.213570,-2.985663,0.000500,0.000000,-2.665588,4.213570,-2.985663,0.000500,0.000000,-2.665588,4.213570,-2.985663,0.000500,0.000000,nan,nan,nan,nan,nan,0.000000,0
1788899800.901386,14.771048,-2.665510,4.213076,-2.985663,-2.665588,4.213570,-2.985663,0.000500,0.000000,-2.665588,4.213570,-2.985663,0.000500,0.000000,-2.665588,4.213570,-2.985663,0.000500,0.000000,nan,nan,nan,nan,nan,0.000000,0
1788899800.951067,14.820729,-2.665510,4.213076,-2.985663,-2.665588,4.213570,-2.985663,0.000500,0.000000,-2.665588,4.213570,-2.985663,0.000500,0.000000,-2.665588,4.213570,-2.985663,0.000500,0.000000,nan,nan,nan,nan,nan,0.000000,0
1788899800.951067,14.820729,-2.665510,4.213076,-2.985663,-2.665588,4.213570,-2.985663,0.000500,0.000000,-2.665588,4.213570,-2.985663,0.000500,0.000000,-2.665588,4.213570,-2.985663,0.000500,0.000000,nan,nan,nan,nan,nan,0.000000,0
1788899801.001458,14.871120,-2.665510,4.213076,-2.985663,-2.665588,4.213570,-2.985663,0.000500,0.000000,-2.665588,4.213570,-2.985663,0.000500,0.000000,-2.665588,4.213570,-2.985663,0.000500,0.000000,nan,nan,nan,nan,nan,0.000000,0
1788899801.001458,14.871120,-2.665510,4.213076,-2.985663,-2.665588,4.213570,-2.985663,0.000500,0.000000,-2.665588,4.213570,-2.985663,0.000500,0.000000,-2.665588,4.213570,-2.985663,0.000500,0.000000,nan,nan,nan,nan,nan,0.000000,0
1788899801.051442,14.921104,-2.665510,4.213076,-2.985663,-2.665588,4.213570,-2.985663,0.000500,0.000000,-2.665588,4.213570,-2.985663,0.000500,0.000000,-2.665588,4.213570,-2.985663,0.000500,0.000000,nan,nan,nan,nan,nan,0.000000,0
1788899801.051442,14.921104,-2.665510,4.213076,-2.985663,-2.665588,4.213570,-2.985663,0.000500,0.000000,-2.665588,4.213570,-2.985663,0.000500,0.000000,-2.665588,4.213570,-2.985663,0.000500,0.000000,nan,nan,nan,nan,nan,0.000000,0
1788899801.101440,14.971102,-2.665510,4.213076,-2.985663,-2.665588,4.213570,-2.985663,0.000500,0.000000,-2.665588,4.213570,-2.985663,0.000500,0.000000,-2.665588,4.213570,-2.985663,0.000500,0.000000,nan,nan,nan,nan,nan,0.000000,0
1788899801.101440,14.971102,-2.665510,4.213076,-2.985663,-2.665588,4.213570,-2.985663,0.000500,0.000000,-2.665588,4.213570,-2.985663,0.000500,0.000000,-2.665588,4.213570,-2.985663,0.000500,0.000000,nan,nan,nan,nan,nan,0.000000,0
1788899801.201419,15.071081,-2.665510,4.213076,-2.985663,-2.665588,4.213570,-2.985663,0.000500,0.000000,-2.665588,4.213570,-2.985663,0.000500,0.000000,-2.665588,4.213570,-2.985663,0.000500,0.000000,nan,nan,nan,nan,nan,0.000000,0
1788899801.201419,15.071081,-2.665510,4.213076,-2.985663,-2.665588,4.213570,-2.985663,0.000500,0.000000,-2.665588,4.213570,-2.985663,0.000500,0.000000,-2.665588,4.213570,-2.985663,0.000500,0.000000,nan,nan,nan,nan,nan,0.000000,0
1788899801.251567,15.121228,-2.665510,4.213076,-2.985663,-2.665588,4.213570,-2.985663,0.000500,0.000000,-2.665588,4.213570,-2.985663,0.000500,0.000000,-2.665588,4.213570,-2.985663,0.000500,0.000000,nan,nan,nan,nan,nan,0.000000,0
1788899801.251567,15.121228,-2.665510,4.213076,-2.985663,-2.665588,4.213570,-2.985663,0.000500,0.000000,-2.665588,4.213570,-2.985663,0.000500,0.000000,-2.665588,4.213570,-2.985663,0.000500,0.000000,nan,nan,nan,nan,nan,0.000000,0
1788899801.302184,15.171846,-2.665510,4.213076,-2.985663,-2.665588,4.213570,-2.985663,0.000500,0.000000,-2.665588,4.213570,-2.985663,0.000500,0.000000,-2.665588,4.213570,-2.985663,0.000500,0.000000,nan,nan,nan,nan,nan,0.000000,0
1788899801.302184,15.171846,-2.665510,4.213076,-2.985663,-2.665588,4.213570,-2.985663,0.000500,0.000000,-2.665588,4.213570,-2.985663,0.000500,0.000000,-2.665588,4.213570,-2.985663,0.000500,0.000000,nan,nan,nan,nan,nan,0.000000,0
1788899801.351586,15.221248,-2.665510,4.213076,-2.985663,-2.665588,4.213570,-2.985663,0.000500,0.000000,-2.665588,4.213570,-2.985663,0.000500,0.000000,-2.665588,4.213570,-2.985663,0.000500,0.000000,nan,nan,nan,nan,nan,0.000000,0
1788899801.351586,15.221248,-2.665510,4.213076,-2.985663,-2.665588,4.213570,-2.985663,0.000500,0.000000,-2.665588,4.213570,-2.985663,0.000500,0.000000,-2.665588,4.213570,-2.985663,0.000500,0.000000,nan,nan,nan,nan,nan,0.000000,0
1788899801.401573,15.271235,-2.665510,4.213076,-2.985663,-2.665588,4.213570,-2.985663,0.000500,0.000000,-2.665588,4.213570,-2.985663,0.000500,0.000000,-2.665588,4.213570,-2.985663,0.000500,0.000000,nan,nan,nan,nan,nan,0.000000,0
1788899801.401573,15.271235,-2.665510,4.213076,-2.985663,-2.665588,4.213570,-2.985663,0.000500,0.000000,-2.665588,4.213570,-2.985663,0.000500,0.000000,-2.665588,4.213570,-2.985663,0.000500,0.000000,nan,nan,nan,nan,nan,0.000000,0
1788899801.451743,15.321405,-2.665510,4.213076,-2.985663,-2.665588,4.213570,-2.985663,0.000500,0.000000,-2.665588,4.213570,-2.985663,0.000500,0.000000,-2.665588,4.213570,-2.985663,0.000500,0.000000,nan,nan,nan,nan,nan,0.000000,0
1788899801.451743,15.321405,-2.665510,4.213076,-2.985663,-2.665588,4.213570,-2.985663,0.000500,0.000000,-2.665588,4.213570,-2.985663,0.000500,0.000000,-2.665588,4.213570,-2.985663,0.000500,0.000000,nan,nan,nan,nan,nan,0.000000,0
1788899801.500995,15.370657,-2.665510,4.213076,-2.985663,-2.665588,4.213570,-2.985663,0.000500,0.000000,-2.665588,4.213570,-2.985663,0.000500,0.000000,-2.665588,4.213570,-2.985663,0.000500,0.000000,nan,nan,nan,nan,nan,0.000000,0
1788899801.500995,15.370657,-2.665510,4.213076,-2.985663,-2.665588,4.213570,-2.985663,0.000500,0.000000,-2.665588,4.213570,-2.985663,0.000500,0.000000,-2.665588,4.213570,-2.985663,0.000500,0.000000,nan,nan,nan,nan,nan,0.000000,0
1788899801.551510,15.421172,-2.665510,4.213076,-2.985663,-2.665588,4.213570,-2.985663,0.000500,0.000000,-2.665588,4.213570,-2.985663,0.000500,0.000000,-2.665588,4.213570,-2.985663,0.000500,0.000000,nan,nan,nan,nan,nan,0.000000,0
1788899801.551510,15.421172,-2.665510,4.213076,-2.985663,-2.665588,4.213570,-2.985663,0.000500,0.000000,-2.665588,4.213570,-2.985663,0.000500,0.000000,-2.665588,4.213570,-2.985663,0.000500,0.000000,nan,nan,nan,nan,nan,0.000000,0
1788899801.601575,15.471237,-2.665510,4.213076,-2.985663,-2.665588,4.213570,-2.985663,0.000500,0.000000,-2.665588,4.213570,-2.985663,0.000500,0.000000,-2.665588,4.213570,-2.985663,0.000500,0.000000,nan,nan,nan,nan,nan,0.000000,0
1788899801.601575,15.471237,-2.665510,4.213076,-2.985663,-2.665588,4.213570,-2.985663,0.000500,0.000000,-2.665588,4.213570,-2.985663,0.000500,0.000000,-2.665588,4.213570,-2.985663,0.000500,0.000000,nan,nan,nan,nan,nan,0.000000,0
1788899801.651759,15.521421,-2.665510,4.213076,-2.985663,-2.665588,4.213570,-2.985663,0.000500,0.000000,-2.665588,4.213570,-2.985663,0.000500,0.000000,-2.665588,4.213570,-2.985663,0.000500,0.000000,nan,nan,nan,nan,nan,0.000000,0
1788899801.651759,15.521421,-2.665510,4.213076,-2.985663,-2.665588,4.213570,-2.985663,0.000500,0.000000,-2.665588,4.213570,-2.985663,0.000500,0.000000,-2.665588,4.213570,-2.985663,0.000500,0.000000,nan,nan,nan,nan,nan,0.000000,0
1788899801.700983,15.570644,-2.665510,4.213076,-2.985663,-2.665588,4.213570,-2.985663,0.000500,0.000000,-2.665588,4.213570,-2.985663,0.000500,0.000000,-2.665588,4.213570,-2.985663,0.000500,0.000000,nan,nan,nan,nan,nan,0.000000,0
1788899801.700983,15.570644,-2.665510,4.213076,-2.985663,-2.665588,4.213570,-2.985663,0.000500,0.000000,-2.665588,4.213570,-2.985663,0.000500,0.000000,-2.665588,4.213570,-2.985663,0.000500,0.000000,nan,nan,nan,nan,nan,0.000000,0
1788899801.751645,15.621307,-2.665510,4.213076,-2.985663,-2.665588,4.213570,-2.985663,0.000500,0.000000,-2.665588,4.213570,-2.985663,0.000500,0.000000,-2.665588,4.213570,-2.985663,0.000500,0.000000,nan,nan,nan,nan,nan,0.000000,0
1788899801.751645,15.621307,-2.665510,4.213076,-2.985663,-2.665588,4.213570,-2.985663,0.000500,0.000000,-2.665588,4.213570,-2.985663,0.000500,0.000000,-2.665588,4.213570,-2.985663,0.000500,0.000000,nan,nan,nan,nan,nan,0.000000,0
1788899801.801557,15.671219,-2.665510,4.213076,-2.985663,-2.665588,4.213570,-2.985663,0.000500,0.000000,-2.665588,4.213570,-2.985663,0.000500,0.000000,-2.665588,4.213570,-2.985663,0.000500,0.000000,nan,nan,nan,nan,nan,0.000000,0
1788899801.801557,15.671219,-2.665510,4.213076,-2.985663,-2.665588,4.213570,-2.985663,0.000500,0.000000,-2.665588,4.213570,-2.985663,0.000500,0.000000,-2.665588,4.213570,-2.985663,0.000500,0.000000,nan,nan,nan,nan,nan,0.000000,0
1788899801.851857,15.721519,-2.665510,4.213076,-2.985663,-2.665588,4.213570,-2.985663,0.000500,0.000000,-2.665588,4.213570,-2.985663,0.000500,0.000000,-2.665588,4.213570,-2.985663,0.000500,0.000000,nan,nan,nan,nan,nan,0.000000,0
1788899801.851857,15.721519,-2.665510,4.213076,-2.985663,-2.665588,4.213570,-2.985663,0.000500,0.000000,-2.665588,4.213570,-2.985663,0.000500,0.000000,-2.665588,4.213570,-2.985663,0.000500,0.000000,nan,nan,nan,nan,nan,0.000000,0
1788899801.901169,15.770830,-2.665510,4.213076,-2.985663,-2.665588,4.213570,-2.985663,0.000500,0.000000,-2.665588,4.213570,-2.985663,0.000500,0.000000,-2.665588,4.213570,-2.985663,0.000500,0.000000,nan,nan,nan,nan,nan,0.000000,0
1788899801.901169,15.770830,-2.665510,4.213076,-2.985663,-2.665588,4.213570,-2.985663,0.000500,0.000000,-2.665588,4.213570,-2.985663,0.000500,0.000000,-2.665588,4.213570,-2.985663,0.000500,0.000000,nan,nan,nan,nan,nan,0.000000,0
1788899801.951798,15.821460,-2.665510,4.213076,-2.985663,-2.665588,4.213570,-2.985663,0.000500,0.000000,-2.665588,4.213570,-2.985663,0.000500,0.000000,-2.665588,4.213570,-2.985663,0.000500,0.000000,nan,nan,nan,nan,nan,0.000000,0
1788899801.951798,15.821460,-2.665510,4.213076,-2.985663,-2.665588,4.213570,-2.985663,0.000500,0.000000,-2.665588,4.213570,-2.985663,0.000500,0.000000,-2.665588,4.213570,-2.985663,0.000500,0.000000,nan,nan,nan,nan,nan,0.000000,0
1788899802.001652,15.871314,-2.665495,4.212977,-2.985663,-2.665588,4.213570,-2.985663,0.000600,0.000000,-2.665588,4.213570,-2.985663,0.000600,0.000000,-2.665588,4.213570,-2.985663,0.000600,0.000000,nan,nan,nan,nan,nan,0.002006,0
1788899802.001652,15.871314,-2.665495,4.212977,-2.985663,-2.665588,4.213570,-2.985663,0.000600,0.000000,-2.665588,4.213570,-2.985663,0.000600,0.000000,-2.665588,4.213570,-2.985663,0.000600,0.000000,nan,nan,nan,nan,nan,0.002006,0
1788899802.051295,15.920957,-2.665495,4.212977,-2.985663,-2.665588,4.213570,-2.985663,0.000600,0.000000,-2.665588,4.213570,-2.985663,0.000600,0.000000,-2.665588,4.213570,-2.985663,0.000600,0.000000,nan,nan,nan,nan,nan,0.000000,0
1788899802.051295,15.920957,-2.665495,4.212977,-2.985663,-2.665588,4.213570,-2.985663,0.000600,0.000000,-2.665588,4.213570,-2.985663,0.000600,0.000000,-2.665588,4.213570,-2.985663,0.000600,0.000000,nan,nan,nan,nan,nan,0.000000,0
1788899802.101505,15.971167,-2.665495,4.212977,-2.985663,-2.665588,4.213570,-2.985663,0.000600,0.000000,-2.665588,4.213570,-2.985663,0.000600,0.000000,-2.665588,4.213570,-2.985663,0.000600,0.000000,nan,nan,nan,nan,nan,0.000000,0
1788899802.101505,15.971167,-2.665495,4.212977,-2.985663,-2.665588,4.213570,-2.985663,0.000600,0.000000,-2.665588,4.213570,-2.985663,0.000600,0.000000,-2.665588,4.213570,-2.985663,0.000600,0.000000,nan,nan,nan,nan,nan,0.000000,0
1788899802.151407,16.021069,-2.665495,4.212977,-2.985663,-2.665588,4.213570,-2.985663,0.000600,0.000000,-2.665588,4.213570,-2.985663,0.000600,0.000000,-2.665588,4.213570,-2.985663,0.000600,0.000000,nan,nan,nan,nan,nan,0.000000,0
1788899802.151407,16.021069,-2.665495,4.212977,-2.985663,-2.665588,4.213570,-2.985663,0.000600,0.000000,-2.665588,4.213570,-2.985663,0.000600,0.000000,-2.665588,4.213570,-2.985663,0.000600,0.000000,nan,nan,nan,nan,nan,0.000000,0
1788899802.201450,16.071112,-2.665495,4.212977,-2.985663,-2.665588,4.213570,-2.985663,0.000600,0.000000,-2.665588,4.213570,-2.985663,0.000600,0.000000,-2.665588,4.213570,-2.985663,0.000600,0.000000,nan,nan,nan,nan,nan,0.000000,0
1788899802.201450,16.071112,-2.665495,4.212977,-2.985663,-2.665588,4.213570,-2.985663,0.000600,0.000000,-2.665588,4.213570,-2.985663,0.000600,0.000000,-2.665588,4.213570,-2.985663,0.000600,0.000000,nan,nan,nan,nan,nan,0.000000,0
1788899802.251805,16.121466,-2.665495,4.212977,-2.985663,-2.665588,4.213570,-2.985663,0.000600,0.000000,-2.665588,4.213570,-2.985663,0.000600,0.000000,-2.665588,4.213570,-2.985663,0.000600,0.000000,nan,nan,nan,nan,nan,0.000000,0
1788899802.251805,16.121466,-2.665495,4.212977,-2.985663,-2.665588,4.213570,-2.985663,0.000600,0.000000,-2.665588,4.213570,-2.985663,0.000600,0.000000,-2.665588,4.213570,-2.985663,0.000600,0.000000,nan,nan,nan,nan,nan,0.000000,0
1788899802.301661,16.171323,-2.665495,4.212977,-2.985663,-2.665588,4.213570,-2.985663,0.000600,0.000000,-2.665588,4.213570,-2.985663,0.000600,0.000000,-2.665588,4.213570,-2.985663,0.000600,0.000000,nan,nan,nan,nan,nan,0.000000,0
1788899802.301661,16.171323,-2.665495,4.212977,-2.985663,-2.665588,4.213570,-2.985663,0.000600,0.000000,-2.665588,4.213570,-2.985663,0.000600,0.000000,-2.665588,4.213570,-2.985663,0.000600,0.000000,nan,nan,nan,nan,nan,0.000000,0
1788899802.351923,16.221585,-2.665495,4.212977,-2.985663,-2.665588,4.213570,-2.985663,0.000600,0.000000,-2.665588,4.213570,-2.985663,0.000600,0.000000,-2.665588,4.213570,-2.985663,0.000600,0.000000,nan,nan,nan,nan,nan,0.000000,0
1788899802.351923,16.221585,-2.665495,4.212977,-2.985663,-2.665588,4.213570,-2.985663,0.000600,0.000000,-2.665588,4.213570,-2.985663,0.000600,0.000000,-2.665588,4.213570,-2.985663,0.000600,0.000000,nan,nan,nan,nan,nan,0.000000,0
1788899802.400909,16.270571,-2.665495,4.212977,-2.985663,-2.665588,4.213570,-2.985663,0.000600,0.000000,-2.665588,4.213570,-2.985663,0.000600,0.000000,-2.665588,4.213570,-2.985663,0.000600,0.000000,nan,nan,nan,nan,nan,0.000000,0
1788899802.400909,16.270571,-2.665495,4.212977,-2.985663,-2.665588,4.213570,-2.985663,0.000600,0.000000,-2.665588,4.213570,-2.985663,0.000600,0.000000,-2.665588,4.213570,-2.985663,0.000600,0.000000,nan,nan,nan,nan,nan,0.000000,0
1788899802.451462,16.321124,-2.665495,4.212977,-2.985663,-2.665588,4.213570,-2.985663,0.000600,0.000000,-2.665588,4.213570,-2.985663,0.000600,0.000000,-2.665588,4.213570,-2.985663,0.000600,0.000000,nan,nan,nan,nan,nan,0.000000,0
1788899802.451462,16.321124,-2.665495,4.212977,-2.985663,-2.665588,4.213570,-2.985663,0.000600,0.000000,-2.665588,4.213570,-2.985663,0.000600,0.000000,-2.665588,4.213570,-2.985663,0.000600,0.000000,nan,nan,nan,nan,nan,0.000000,0
1788899802.501513,16.371175,-2.665495,4.212977,-2.985663,-2.665588,4.213570,-2.985663,0.000600,0.000000,-2.665588,4.213570,-2.985663,0.000600,0.000000,-2.665588,4.213570,-2.985663,0.000600,0.000000,nan,nan,nan,nan,nan,0.000000,0
1788899802.501513,16.371175,-2.665495,4.212977,-2.985663,-2.665588,4.213570,-2.985663,0.000600,0.000000,-2.665588,4.213570,-2.985663,0.000600,0.000000,-2.665588,4.213570,-2.985663,0.000600,0.000000,nan,nan,nan,nan,nan,0.000000,0
1788899802.551443,16.421105,-2.665495,4.212977,-2.985663,-2.665588,4.213570,-2.985663,0.000600,0.000000,-2.665588,4.213570,-2.985663,0.000600,0.000000,-2.665588,4.213570,-2.985663,0.000600,0.000000,nan,nan,nan,nan,nan,0.000000,0
1788899802.551443,16.421105,-2.665495,4.212977,-2.985663,-2.665588,4.213570,-2.985663,0.000600,0.000000,-2.665588,4.213570,-2.985663,0.000600,0.000000,-2.665588,4.213570,-2.985663,0.000600,0.000000,nan,nan,nan,nan,nan,0.000000,0
1788899802.601040,16.470702,-2.665495,4.212977,-2.985663,-2.665588,4.213570,-2.985663,0.000600,0.000000,-2.665588,4.213570,-2.985663,0.000600,0.000000,-2.665588,4.213570,-2.985663,0.000600,0.000000,nan,nan,nan,nan,nan,0.000000,0
1788899802.601040,16.470702,-2.665495,4.212977,-2.985663,-2.665588,4.213570,-2.985663,0.000600,0.000000,-2.665588,4.213570,-2.985663,0.000600,0.000000,-2.665588,4.213570,-2.985663,0.000600,0.000000,nan,nan,nan,nan,nan,0.000000,0
1788899802.650997,16.520659,-2.665495,4.212977,-2.985663,-2.665588,4.213570,-2.985663,0.000600,0.000000,-2.665588,4.213570,-2.985663,0.000600,0.000000,-2.665588,4.213570,-2.985663,0.000600,0.000000,nan,nan,nan,nan,nan,0.000000,0
1788899802.650997,16.520659,-2.665495,4.212977,-2.985663,-2.665588,4.213570,-2.985663,0.000600,0.000000,-2.665588,4.213570,-2.985663,0.000600,0.000000,-2.665588,4.213570,-2.985663,0.000600,0.000000,nan,nan,nan,nan,nan,0.000000,0
1788899802.701480,16.571142,-2.665495,4.212977,-2.985663,-2.665588,4.213570,-2.985663,0.000600,0.000000,-2.665588,4.213570,-2.985663,0.000600,0.000000,-2.665588,4.213570,-2.985663,0.000600,0.000000,nan,nan,nan,nan,nan,0.000000,0
1788899802.701480,16.571142,-2.665495,4.212977,-2.985663,-2.665588,4.213570,-2.985663,0.000600,0.000000,-2.665588,4.213570,-2.985663,0.000600,0.000000,-2.665588,4.213570,-2.985663,0.000600,0.000000,nan,nan,nan,nan,nan,0.000000,0
1788899802.751361,16.621023,-2.665495,4.212977,-2.985663,-2.665588,4.213570,-2.985663,0.000600,0.000000,-2.665588,4.213570,-2.985663,0.000600,0.000000,-2.665588,4.213570,-2.985663,0.000600,0.000000,nan,nan,nan,nan,nan,0.000000,0
1788899802.751361,16.621023,-2.665495,4.212977,-2.985663,-2.665588,4.213570,-2.985663,0.000600,0.000000,-2.665588,4.213570,-2.985663,0.000600,0.000000,-2.665588,4.213570,-2.985663,0.000600,0.000000,nan,nan,nan,nan,nan,0.000000,0
1788899802.801549,16.671211,-2.665495,4.212977,-2.985663,-2.665588,4.213570,-2.985663,0.000600,0.000000,-2.665588,4.213570,-2.985663,0.000600,0.000000,-2.665588,4.213570,-2.985663,0.000600,0.000000,nan,nan,nan,nan,nan,0.000000,0
1788899802.801549,16.671211,-2.665495,4.212977,-2.985663,-2.665588,4.213570,-2.985663,0.000600,0.000000,-2.665588,4.213570,-2.985663,0.000600,0.000000,-2.665588,4.213570,-2.985663,0.000600,0.000000,nan,nan,nan,nan,nan,0.000000,0
1788899802.851476,16.721138,-2.665495,4.212977,-2.985663,-2.665588,4.213570,-2.985663,0.000600,0.000000,-2.665588,4.213570,-2.985663,0.000600,0.000000,-2.665588,4.213570,-2.985663,0.000600,0.000000,nan,nan,nan,nan,nan,0.000000,0
1788899802.851476,16.721138,-2.665495,4.212977,-2.985663,-2.665588,4.213570,-2.985663,0.000600,0.000000,-2.665588,4.213570,-2.985663,0.000600,0.000000,-2.665588,4.213570,-2.985663,0.000600,0.000000,nan,nan,nan,nan,nan,0.000000,0
1788899802.901087,16.770749,-2.665495,4.212977,-2.985663,-2.665588,4.213570,-2.985663,0.000600,0.000000,-2.665588,4.213570,-2.985663,0.000600,0.000000,-2.665588,4.213570,-2.985663,0.000600,0.000000,nan,nan,nan,nan,nan,0.000000,0
1788899802.901087,16.770749,-2.665495,4.212977,-2.985663,-2.665588,4.213570,-2.985663,0.000600,0.000000,-2.665588,4.213570,-2.985663,0.000600,0.000000,-2.665588,4.213570,-2.985663,0.000600,0.000000,nan,nan,nan,nan,nan,0.000000,0
1788899802.951415,16.821077,-2.665495,4.212977,-2.985663,-2.665588,4.213570,-2.985663,0.000600,0.000000,-2.665588,4.213570,-2.985663,0.000600,0.000000,-2.665588,4.213570,-2.985663,0.000600,0.000000,nan,nan,nan,nan,nan,0.000000,0
1788899802.951415,16.821077,-2.665495,4.212977,-2.985663,-2.665588,4.213570,-2.985663,0.000600,0.000000,-2.665588,4.213570,-2.985663,0.000600,0.000000,-2.665588,4.213570,-2.985663,0.000600,0.000000,nan,nan,nan,nan,nan,0.000000,0
1788899803.001566,16.871228,-2.665495,4.212977,-2.985663,-2.665588,4.213570,-2.985663,0.000600,0.000000,-2.665588,4.213570,-2.985663,0.000600,0.000000,-2.665588,4.213570,-2.985663,0.000600,0.000000,nan,nan,nan,nan,nan,0.000000,0
1788899803.001566,16.871228,-2.665495,4.212977,-2.985663,-2.665588,4.213570,-2.985663,0.000600,0.000000,-2.665588,4.213570,-2.985663,0.000600,0.000000,-2.665588,4.213570,-2.985663,0.000600,0.000000,nan,nan,nan,nan,nan,0.000000,0
1788899803.051579,16.921241,-2.665495,4.212977,-2.985663,-2.665588,4.213570,-2.985663,0.000600,0.000000,-2.665588,4.213570,-2.985663,0.000600,0.000000,-2.665588,4.213570,-2.985663,0.000600,0.000000,nan,nan,nan,nan,nan,0.000000,0
1788899803.051579,16.921241,-2.665495,4.212977,-2.985663,-2.665588,4.213570,-2.985663,0.000600,0.000000,-2.665588,4.213570,-2.985663,0.000600,0.000000,-2.665588,4.213570,-2.985663,0.000600,0.000000,nan,nan,nan,nan,nan,0.000000,0
1788899803.104405,16.974067,-2.665495,4.212977,-2.985663,-2.665588,4.213570,-2.985663,0.000600,0.000000,-2.665588,4.213570,-2.985663,0.000600,0.000000,-2.665588,4.213570,-2.985663,0.000600,0.000000,nan,nan,nan,nan,nan,0.000000,0
1788899803.104405,16.974067,-2.665495,4.212977,-2.985663,-2.665588,4.213570,-2.985663,0.000600,0.000000,-2.665588,4.213570,-2.985663,0.000600,0.000000,-2.665588,4.213570,-2.985663,0.000600,0.000000,nan,nan,nan,nan,nan,0.000000,0
1788899803.152177,17.021839,-2.665495,4.212977,-2.985663,-2.665588,4.213570,-2.985663,0.000600,0.000000,-2.665588,4.213570,-2.985663,0.000600,0.000000,-2.665588,4.213570,-2.985663,0.000600,0.000000,nan,nan,nan,nan,nan,0.000000,0
1788899803.152177,17.021839,-2.665495,4.212977,-2.985663,-2.665588,4.213570,-2.985663,0.000600,0.000000,-2.665588,4.213570,-2.985663,0.000600,0.000000,-2.665588,4.213570,-2.985663,0.000600,0.000000,nan,nan,nan,nan,nan,0.000000,0
1788899803.201856,17.071518,-2.665495,4.212977,-2.985663,-2.665588,4.213570,-2.985663,0.000600,0.000000,-2.665588,4.213570,-2.985663,0.000600,0.000000,-2.665588,4.213570,-2.985663,0.000600,0.000000,nan,nan,nan,nan,nan,0.000000,0
1788899803.201856,17.071518,-2.665495,4.212977,-2.985663,-2.665588,4.213570,-2.985663,0.000600,0.000000,-2.665588,4.213570,-2.985663,0.000600,0.000000,-2.665588,4.213570,-2.985663,0.000600,0.000000,nan,nan,nan,nan,nan,0.000000,0
1788899803.251419,17.121081,-2.665495,4.212977,-2.985663,-2.665588,4.213570,-2.985663,0.000600,0.000000,-2.665588,4.213570,-2.985663,0.000600,0.000000,-2.665588,4.213570,-2.985663,0.000600,0.000000,nan,nan,nan,nan,nan,0.000000,0
1788899803.251419,17.121081,-2.665495,4.212977,-2.985663,-2.665588,4.213570,-2.985663,0.000600,0.000000,-2.665588,4.213570,-2.985663,0.000600,0.000000,-2.665588,4.213570,-2.985663,0.000600,0.000000,nan,nan,nan,nan,nan,0.000000,0
1788899803.301358,17.171020,-2.665495,4.212977,-2.985663,-2.665588,4.213570,-2.985663,0.000600,0.000000,-2.665588,4.213570,-2.985663,0.000600,0.000000,-2.665588,4.213570,-2.985663,0.000600,0.000000,nan,nan,nan,nan,nan,0.000000,0
1788899803.301358,17.171020,-2.665495,4.212977,-2.985663,-2.665588,4.213570,-2.985663,0.000600,0.000000,-2.665588,4.213570,-2.985663,0.000600,0.000000,-2.665588,4.213570,-2.985663,0.000600,0.000000,nan,nan,nan,nan,nan,0.000000,0
1788899803.351547,17.221208,-2.665495,4.212977,-2.985663,-2.665588,4.213570,-2.985663,0.000600,0.000000,-2.665588,4.213570,-2.985663,0.000600,0.000000,-2.665588,4.213570,-2.985663,0.000600,0.000000,nan,nan,nan,nan,nan,0.000000,0
1788899803.351547,17.221208,-2.665495,4.212977,-2.985663,-2.665588,4.213570,-2.985663,0.000600,0.000000,-2.665588,4.213570,-2.985663,0.000600,0.000000,-2.665588,4.213570,-2.985663,0.000600,0.000000,nan,nan,nan,nan,nan,0.000000,0
1788899803.401682,17.271343,-2.665495,4.212977,-2.985663,-2.665588,4.213570,-2.985663,0.000600,0.000000,-2.665588,4.213570,-2.985663,0.000600,0.000000,-2.665588,4.213570,-2.985663,0.000600,0.000000,nan,nan,nan,nan,nan,0.000000,0
1788899803.401682,17.271343,-2.665495,4.212977,-2.985663,-2.665588,4.213570,-2.985663,0.000600,0.000000,-2.665588,4.213570,-2.985663,0.000600,0.000000,-2.665588,4.213570,-2.985663,0.000600,0.000000,nan,nan,nan,nan,nan,0.000000,0
1788899803.451056,17.320718,-2.665495,4.212977,-2.985663,-2.665588,4.213570,-2.985663,0.000600,0.000000,-2.665588,4.213570,-2.985663,0.000600,0.000000,-2.665588,4.213570,-2.985663,0.000600,0.000000,nan,nan,nan,nan,nan,0.000000,0
1788899803.451056,17.320718,-2.665495,4.212977,-2.985663,-2.665588,4.213570,-2.985663,0.000600,0.000000,-2.665588,4.213570,-2.985663,0.000600,0.000000,-2.665588,4.213570,-2.985663,0.000600,0.000000,nan,nan,nan,nan,nan,0.000000,0
1788899803.501804,17.371466,-2.665495,4.212977,-2.985663,-2.665588,4.213570,-2.985663,0.000600,0.000000,-2.665588,4.213570,-2.985663,0.000600,0.000000,-2.665588,4.213570,-2.985663,0.000600,0.000000,nan,nan,nan,nan,nan,0.000000,0
1788899803.501804,17.371466,-2.665495,4.212977,-2.985663,-2.665588,4.213570,-2.985663,0.000600,0.000000,-2.665588,4.213570,-2.985663,0.000600,0.000000,-2.665588,4.213570,-2.985663,0.000600,0.000000,nan,nan,nan,nan,nan,0.000000,0
1788899803.551741,17.421403,-2.665495,4.212977,-2.985663,-2.665588,4.213570,-2.985663,0.000600,0.000000,-2.665588,4.213570,-2.985663,0.000600,0.000000,-2.665588,4.213570,-2.985663,0.000600,0.000000,nan,nan,nan,nan,nan,0.000000,0
1788899803.551741,17.421403,-2.665495,4.212977,-2.985663,-2.665588,4.213570,-2.985663,0.000600,0.000000,-2.665588,4.213570,-2.985663,0.000600,0.000000,-2.665588,4.213570,-2.985663,0.000600,0.000000,nan,nan,nan,nan,nan,0.000000,0
1788899803.601704,17.471366,-2.665495,4.212977,-2.985663,-2.665588,4.213570,-2.985663,0.000600,0.000000,-2.665588,4.213570,-2.985663,0.000600,0.000000,-2.665588,4.213570,-2.985663,0.000600,0.000000,nan,nan,nan,nan,nan,0.000000,0
1788899803.601704,17.471366,-2.665495,4.212977,-2.985663,-2.665588,4.213570,-2.985663,0.000600,0.000000,-2.665588,4.213570,-2.985663,0.000600,0.000000,-2.665588,4.213570,-2.985663,0.000600,0.000000,nan,nan,nan,nan,nan,0.000000,0
1788899803.651709,17.521371,-2.665495,4.212977,-2.985663,-2.665588,4.213570,-2.985663,0.000600,0.000000,-2.665588,4.213570,-2.985663,0.000600,0.000000,-2.665588,4.213570,-2.985663,0.000600,0.000000,nan,nan,nan,nan,nan,0.000000,0
1788899803.651709,17.521371,-2.665495,4.212977,-2.985663,-2.665588,4.213570,-2.985663,0.000600,0.000000,-2.665588,4.213570,-2.985663,0.000600,0.000000,-2.665588,4.213570,-2.985663,0.000600,0.000000,nan,nan,nan,nan,nan,0.000000,0
1788899803.701699,17.571361,-2.665495,4.212977,-2.985663,-2.665588,4.213570,-2.985663,0.000600,0.000000,-2.665588,4.213570,-2.985663,0.000600,0.000000,-2.665588,4.213570,-2.985663,0.000600,0.000000,nan,nan,nan,nan,nan,0.000000,0
1788899803.701699,17.571361,-2.665495,4.212977,-2.985663,-2.665588,4.213570,-2.985663,0.000600,0.000000,-2.665588,4.213570,-2.985663,0.000600,0.000000,-2.665588,4.213570,-2.985663,0.000600,0.000000,nan,nan,nan,nan,nan,0.000000,0
1788899803.751411,17.621073,-2.665495,4.212977,-2.985663,-2.665588,4.213570,-2.985663,0.000600,0.000000,-2.665588,4.213570,-2.985663,0.000600,0.000000,-2.665588,4.213570,-2.985663,0.000600,0.000000,nan,nan,nan,nan,nan,0.000000,0
1788899803.751411,17.621073,-2.665495,4.212977,-2.985663,-2.665588,4.213570,-2.985663,0.000600,0.000000,-2.665588,4.213570,-2.985663,0.000600,0.000000,-2.665588,4.213570,-2.985663,0.000600,0.000000,nan,nan,nan,nan,nan,0.000000,0
1788899803.801335,17.670997,-2.665495,4.212977,-2.985663,-2.665588,4.213570,-2.985663,0.000600,0.000000,-2.665588,4.213570,-2.985663,0.000600,0.000000,-2.665588,4.213570,-2.985663,0.000600,0.000000,nan,nan,nan,nan,nan,0.000000,0
1788899803.801335,17.670997,-2.665495,4.212977,-2.985663,-2.665588,4.213570,-2.985663,0.000600,0.000000,-2.665588,4.213570,-2.985663,0.000600,0.000000,-2.665588,4.213570,-2.985663,0.000600,0.000000,nan,nan,nan,nan,nan,0.000000,0
1788899803.851830,17.721492,-2.665495,4.212977,-2.985663,-2.665588,4.213570,-2.985663,0.000600,0.000000,-2.665588,4.213570,-2.985663,0.000600,0.000000,-2.665588,4.213570,-2.985663,0.000600,0.000000,nan,nan,nan,nan,nan,0.000000,0
1788899803.851830,17.721492,-2.665495,4.212977,-2.985663,-2.665588,4.213570,-2.985663,0.000600,0.000000,-2.665588,4.213570,-2.985663,0.000600,0.000000,-2.665588,4.213570,-2.985663,0.000600,0.000000,nan,nan,nan,nan,nan,0.000000,0
1788899803.901534,17.771195,-2.665495,4.212977,-2.985663,-2.665588,4.213570,-2.985663,0.000600,0.000000,-2.665588,4.213570,-2.985663,0.000600,0.000000,-2.665588,4.213570,-2.985663,0.000600,0.000000,nan,nan,nan,nan,nan,0.000000,0
1788899803.901534,17.771195,-2.665495,4.212977,-2.985663,-2.665588,4.213570,-2.985663,0.000600,0.000000,-2.665588,4.213570,-2.985663,0.000600,0.000000,-2.665588,4.213570,-2.985663,0.000600,0.000000,nan,nan,nan,nan,nan,0.000000,0
1788899803.951945,17.821607,-2.665495,4.212977,-2.985663,-2.665588,4.213570,-2.985663,0.000600,0.000000,-2.665588,4.213570,-2.985663,0.000600,0.000000,-2.665588,4.213570,-2.985663,0.000600,0.000000,nan,nan,nan,nan,nan,0.000000,0
1788899803.951945,17.821607,-2.665495,4.212977,-2.985663,-2.665588,4.213570,-2.985663,0.000600,0.000000,-2.665588,4.213570,-2.985663,0.000600,0.000000,-2.665588,4.213570,-2.985663,0.000600,0.000000,nan,nan,nan,nan,nan,0.000000,0
1788899804.001717,17.871379,-2.665495,4.212977,-2.985663,-2.665588,4.213570,-2.985663,0.000600,0.000000,-2.665588,4.213570,-2.985663,0.000600,0.000000,-2.665588,4.213570,-2.985663,0.000600,0.000000,nan,nan,nan,nan,nan,0.000000,0
1788899804.001717,17.871379,-2.665495,4.212977,-2.985663,-2.665588,4.213570,-2.985663,0.000600,0.000000,-2.665588,4.213570,-2.985663,0.000600,0.000000,-2.665588,4.213570,-2.985663,0.000600,0.000000,nan,nan,nan,nan,nan,0.000000,0
1788899804.051910,17.921572,-2.665495,4.212977,-2.985663,-2.665588,4.213570,-2.985663,0.000600,0.000000,-2.665588,4.213570,-2.985663,0.000600,0.000000,-2.665588,4.213570,-2.985663,0.000600,0.000000,nan,nan,nan,nan,nan,0.000000,0
1788899804.051910,17.921572,-2.665495,4.212977,-2.985663,-2.665588,4.213570,-2.985663,0.000600,0.000000,-2.665588,4.213570,-2.985663,0.000600,0.000000,-2.665588,4.213570,-2.985663,0.000600,0.000000,nan,nan,nan,nan,nan,0.000000,0
1788899804.101503,17.971165,-2.665495,4.212977,-2.985663,-2.665588,4.213570,-2.985663,0.000600,0.000000,-2.665588,4.213570,-2.985663,0.000600,0.000000,-2.665588,4.213570,-2.985663,0.000600,0.000000,nan,nan,nan,nan,nan,0.000000,0
1788899804.101503,17.971165,-2.665495,4.212977,-2.985663,-2.665588,4.213570,-2.985663,0.000600,0.000000,-2.665588,4.213570,-2.985663,0.000600,0.000000,-2.665588,4.213570,-2.985663,0.000600,0.000000,nan,nan,nan,nan,nan,0.000000,0
1788899804.151865,18.021527,-2.665479,4.212878,-2.985663,-2.665588,4.213570,-2.985663,0.000700,0.000000,-2.665588,4.213570,-2.985663,0.000700,0.000000,-2.665588,4.213570,-2.985663,0.000700,0.000000,nan,nan,nan,nan,nan,0.001986,0
1788899804.151865,18.021527,-2.665479,4.212878,-2.985663,-2.665588,4.213570,-2.985663,0.000700,0.000000,-2.665588,4.213570,-2.985663,0.000700,0.000000,-2.665588,4.213570,-2.985663,0.000700,0.000000,nan,nan,nan,nan,nan,0.001986,0
1788899804.201686,18.071348,-2.665479,4.212878,-2.985663,-2.665588,4.213570,-2.985663,0.000700,0.000000,-2.665588,4.213570,-2.985663,0.000700,0.000000,-2.665588,4.213570,-2.985663,0.000700,0.000000,nan,nan,nan,nan,nan,0.000000,0
1788899804.201686,18.071348,-2.665479,4.212878,-2.985663,-2.665588,4.213570,-2.985663,0.000700,0.000000,-2.665588,4.213570,-2.985663,0.000700,0.000000,-2.665588,4.213570,-2.985663,0.000700,0.000000,nan,nan,nan,nan,nan,0.000000,0
1788899804.251720,18.121382,-2.665479,4.212878,-2.985663,-2.665588,4.213570,-2.985663,0.000700,0.000000,-2.665588,4.213570,-2.985663,0.000700,0.000000,-2.665588,4.213570,-2.985663,0.000700,0.000000,nan,nan,nan,nan,nan,0.000000,0
1788899804.251720,18.121382,-2.665479,4.212878,-2.985663,-2.665588,4.213570,-2.985663,0.000700,0.000000,-2.665588,4.213570,-2.985663,0.000700,0.000000,-2.665588,4.213570,-2.985663,0.000700,0.000000,nan,nan,nan,nan,nan,0.000000,0
1788899804.301296,18.170958,-2.665479,4.212878,-2.985663,-2.665588,4.213570,-2.985663,0.000700,0.000000,-2.665588,4.213570,-2.985663,0.000700,0.000000,-2.665588,4.213570,-2.985663,0.000700,0.000000,nan,nan,nan,nan,nan,0.000000,0
1788899804.301296,18.170958,-2.665479,4.212878,-2.985663,-2.665588,4.213570,-2.985663,0.000700,0.000000,-2.665588,4.213570,-2.985663,0.000700,0.000000,-2.665588,4.213570,-2.985663,0.000700,0.000000,nan,nan,nan,nan,nan,0.000000,0
1788899804.351697,18.221359,-2.665479,4.212878,-2.985663,-2.665588,4.213570,-2.985663,0.000700,0.000000,-2.665588,4.213570,-2.985663,0.000700,0.000000,-2.665588,4.213570,-2.985663,0.000700,0.000000,nan,nan,nan,nan,nan,0.000000,0
1788899804.351697,18.221359,-2.665479,4.212878,-2.985663,-2.665588,4.213570,-2.985663,0.000700,0.000000,-2.665588,4.213570,-2.985663,0.000700,0.000000,-2.665588,4.213570,-2.985663,0.000700,0.000000,nan,nan,nan,nan,nan,0.000000,0
1788899804.401502,18.271164,-2.665479,4.212878,-2.985663,-2.665588,4.213570,-2.985663,0.000700,0.000000,-2.665588,4.213570,-2.985663,0.000700,0.000000,-2.665588,4.213570,-2.985663,0.000700,0.000000,nan,nan,nan,nan,nan,0.000000,0
1788899804.401502,18.271164,-2.665479,4.212878,-2.985663,-2.665588,4.213570,-2.985663,0.000700,0.000000,-2.665588,4.213570,-2.985663,0.000700,0.000000,-2.665588,4.213570,-2.985663,0.000700,0.000000,nan,nan,nan,nan,nan,0.000000,0
1788899804.451433,18.321095,-2.665479,4.212878,-2.985663,-2.665588,4.213570,-2.985663,0.000700,0.000000,-2.665588,4.213570,-2.985663,0.000700,0.000000,-2.665588,4.213570,-2.985663,0.000700,0.000000,nan,nan,nan,nan,nan,0.000000,0
1788899804.451433,18.321095,-2.665479,4.212878,-2.985663,-2.665588,4.213570,-2.985663,0.000700,0.000000,-2.665588,4.213570,-2.985663,0.000700,0.000000,-2.665588,4.213570,-2.985663,0.000700,0.000000,nan,nan,nan,nan,nan,0.000000,0
1788899804.500962,18.370624,-2.665479,4.212878,-2.985663,-2.665588,4.213570,-2.985663,0.000700,0.000000,-2.665588,4.213570,-2.985663,0.000700,0.000000,-2.665588,4.213570,-2.985663,0.000700,0.000000,nan,nan,nan,nan,nan,0.000000,0
1788899804.500962,18.370624,-2.665479,4.212878,-2.985663,-2.665588,4.213570,-2.985663,0.000700,0.000000,-2.665588,4.213570,-2.985663,0.000700,0.000000,-2.665588,4.213570,-2.985663,0.000700,0.000000,nan,nan,nan,nan,nan,0.000000,0
1788899804.551672,18.421334,-2.665479,4.212878,-2.985663,-2.665588,4.213570,-2.985663,0.000700,0.000000,-2.665588,4.213570,-2.985663,0.000700,0.000000,-2.665588,4.213570,-2.985663,0.000700,0.000000,nan,nan,nan,nan,nan,0.000000,0
1788899804.551672,18.421334,-2.665479,4.212878,-2.985663,-2.665588,4.213570,-2.985663,0.000700,0.000000,-2.665588,4.213570,-2.985663,0.000700,0.000000,-2.665588,4.213570,-2.985663,0.000700,0.000000,nan,nan,nan,nan,nan,0.000000,0
1788899804.601265,18.470927,-2.665479,4.212878,-2.985663,-2.665588,4.213570,-2.985663,0.000700,0.000000,-2.665588,4.213570,-2.985663,0.000700,0.000000,-2.665588,4.213570,-2.985663,0.000700,0.000000,nan,nan,nan,nan,nan,0.000000,0
1788899804.601265,18.470927,-2.665479,4.212878,-2.985663,-2.665588,4.213570,-2.985663,0.000700,0.000000,-2.665588,4.213570,-2.985663,0.000700,0.000000,-2.665588,4.213570,-2.985663,0.000700,0.000000,nan,nan,nan,nan,nan,0.000000,0
1788899804.651821,18.521483,-2.665479,4.212878,-2.985663,-2.665588,4.213570,-2.985663,0.000700,0.000000,-2.665588,4.213570,-2.985663,0.000700,0.000000,-2.665588,4.213570,-2.985663,0.000700,0.000000,nan,nan,nan,nan,nan,0.000000,0
1788899804.651821,18.521483,-2.665479,4.212878,-2.985663,-2.665588,4.213570,-2.985663,0.000700,0.000000,-2.665588,4.213570,-2.985663,0.000700,0.000000,-2.665588,4.213570,-2.985663,0.000700,0.000000,nan,nan,nan,nan,nan,0.000000,0
1788899804.701647,18.571309,-2.665479,4.212878,-2.985663,-2.665588,4.213570,-2.985663,0.000700,0.000000,-2.665588,4.213570,-2.985663,0.000700,0.000000,-2.665588,4.213570,-2.985663,0.000700,0.000000,nan,nan,nan,nan,nan,0.000000,0
1788899804.701647,18.571309,-2.665479,4.212878,-2.985663,-2.665588,4.213570,-2.985663,0.000700,0.000000,-2.665588,4.213570,-2.985663,0.000700,0.000000,-2.665588,4.213570,-2.985663,0.000700,0.000000,nan,nan,nan,nan,nan,0.000000,0
1788899804.750916,18.620578,-2.665479,4.212878,-2.985663,-2.665588,4.213570,-2.985663,0.000700,0.000000,-2.665588,4.213570,-2.985663,0.000700,0.000000,-2.665588,4.213570,-2.985663,0.000700,0.000000,nan,nan,nan,nan,nan,0.000000,0
1788899804.750916,18.620578,-2.665479,4.212878,-2.985663,-2.665588,4.213570,-2.985663,0.000700,0.000000,-2.665588,4.213570,-2.985663,0.000700,0.000000,-2.665588,4.213570,-2.985663,0.000700,0.000000,nan,nan,nan,nan,nan,0.000000,0
1788899804.801931,18.671593,-2.665479,4.212878,-2.985663,-2.665588,4.213570,-2.985663,0.000700,0.000000,-2.665588,4.213570,-2.985663,0.000700,0.000000,-2.665588,4.213570,-2.985663,0.000700,0.000000,nan,nan,nan,nan,nan,0.000000,0
1788899804.801931,18.671593,-2.665479,4.212878,-2.985663,-2.665588,4.213570,-2.985663,0.000700,0.000000,-2.665588,4.213570,-2.985663,0.000700,0.000000,-2.665588,4.213570,-2.985663,0.000700,0.000000,nan,nan,nan,nan,nan,0.000000,0
1788899804.851938,18.721600,-2.665479,4.212878,-2.985663,-2.665588,4.213570,-2.985663,0.000700,0.000000,-2.665588,4.213570,-2.985663,0.000700,0.000000,-2.665588,4.213570,-2.985663,0.000700,0.000000,nan,nan,nan,nan,nan,0.000000,0
1788899804.851938,18.721600,-2.665479,4.212878,-2.985663,-2.665588,4.213570,-2.985663,0.000700,0.000000,-2.665588,4.213570,-2.985663,0.000700,0.000000,-2.665588,4.213570,-2.985663,0.000700,0.000000,nan,nan,nan,nan,nan,0.000000,0
1788899804.901247,18.770909,-2.665479,4.212878,-2.985663,-2.665588,4.213570,-2.985663,0.000700,0.000000,-2.665588,4.213570,-2.985663,0.000700,0.000000,-2.665588,4.213570,-2.985663,0.000700,0.000000,nan,nan,nan,nan,nan,0.000000,0
1788899804.901247,18.770909,-2.665479,4.212878,-2.985663,-2.665588,4.213570,-2.985663,0.000700,0.000000,-2.665588,4.213570,-2.985663,0.000700,0.000000,-2.665588,4.213570,-2.985663,0.000700,0.000000,nan,nan,nan,nan,nan,0.000000,0
1788899804.951953,18.821615,-2.665479,4.212878,-2.985663,-2.665588,4.213570,-2.985663,0.000700,0.000000,-2.665588,4.213570,-2.985663,0.000700,0.000000,-2.665588,4.213570,-2.985663,0.000700,0.000000,nan,nan,nan,nan,nan,0.000000,0
1788899804.951953,18.821615,-2.665479,4.212878,-2.985663,-2.665588,4.213570,-2.985663,0.000700,0.000000,-2.665588,4.213570,-2.985663,0.000700,0.000000,-2.665588,4.213570,-2.985663,0.000700,0.000000,nan,nan,nan,nan,nan,0.000000,0
1788899805.001837,18.871498,-2.665479,4.212878,-2.985663,-2.665588,4.213570,-2.985663,0.000700,0.000000,-2.665588,4.213570,-2.985663,0.000700,0.000000,-2.665588,4.213570,-2.985663,0.000700,0.000000,nan,nan,nan,nan,nan,0.000000,0
1788899805.001837,18.871498,-2.665479,4.212878,-2.985663,-2.665588,4.213570,-2.985663,0.000700,0.000000,-2.665588,4.213570,-2.985663,0.000700,0.000000,-2.665588,4.213570,-2.985663,0.000700,0.000000,nan,nan,nan,nan,nan,0.000000,0
1788899805.051064,18.920726,-2.665479,4.212878,-2.985663,-2.665588,4.213570,-2.985663,0.000700,0.000000,-2.665588,4.213570,-2.985663,0.000700,0.000000,-2.665588,4.213570,-2.985663,0.000700,0.000000,nan,nan,nan,nan,nan,0.000000,0
1788899805.051064,18.920726,-2.665479,4.212878,-2.985663,-2.665588,4.213570,-2.985663,0.000700,0.000000,-2.665588,4.213570,-2.985663,0.000700,0.000000,-2.665588,4.213570,-2.985663,0.000700,0.000000,nan,nan,nan,nan,nan,0.000000,0
1788899805.101514,18.971176,-2.665479,4.212878,-2.985663,-2.665588,4.213570,-2.985663,0.000700,0.000000,-2.665588,4.213570,-2.985663,0.000700,0.000000,-2.665588,4.213570,-2.985663,0.000700,0.000000,nan,nan,nan,nan,nan,0.000000,0
1788899805.101514,18.971176,-2.665479,4.212878,-2.985663,-2.665588,4.213570,-2.985663,0.000700,0.000000,-2.665588,4.213570,-2.985663,0.000700,0.000000,-2.665588,4.213570,-2.985663,0.000700,0.000000,nan,nan,nan,nan,nan,0.000000,0
1788899805.153777,19.023439,-2.665479,4.212878,-2.985663,-2.665588,4.213570,-2.985663,0.000700,0.000000,-2.665588,4.213570,-2.985663,0.000700,0.000000,-2.665588,4.213570,-2.985663,0.000700,0.000000,nan,nan,nan,nan,nan,0.000000,0
1788899805.153777,19.023439,-2.665479,4.212878,-2.985663,-2.665588,4.213570,-2.985663,0.000700,0.000000,-2.665588,4.213570,-2.985663,0.000700,0.000000,-2.665588,4.213570,-2.985663,0.000700,0.000000,nan,nan,nan,nan,nan,0.000000,0
1788899805.201489,19.071151,-2.665479,4.212878,-2.985663,-2.665588,4.213570,-2.985663,0.000700,0.000000,-2.665588,4.213570,-2.985663,0.000700,0.000000,-2.665588,4.213570,-2.985663,0.000700,0.000000,nan,nan,nan,nan,nan,0.000000,0
1788899805.201489,19.071151,-2.665479,4.212878,-2.985663,-2.665588,4.213570,-2.985663,0.000700,0.000000,-2.665588,4.213570,-2.985663,0.000700,0.000000,-2.665588,4.213570,-2.985663,0.000700,0.000000,nan,nan,nan,nan,nan,0.000000,0
1788899805.250979,19.120641,-2.665479,4.212878,-2.985663,-2.665588,4.213570,-2.985663,0.000700,0.000000,-2.665588,4.213570,-2.985663,0.000700,0.000000,-2.665588,4.213570,-2.985663,0.000700,0.000000,nan,nan,nan,nan,nan,0.000000,0
1788899805.250979,19.120641,-2.665479,4.212878,-2.985663,-2.665588,4.213570,-2.985663,0.000700,0.000000,-2.665588,4.213570,-2.985663,0.000700,0.000000,-2.665588,4.213570,-2.985663,0.000700,0.000000,nan,nan,nan,nan,nan,0.000000,0
1788899805.301504,19.171166,-2.665479,4.212878,-2.985663,-2.665588,4.213570,-2.985663,0.000700,0.000000,-2.665588,4.213570,-2.985663,0.000700,0.000000,-2.665588,4.213570,-2.985663,0.000700,0.000000,nan,nan,nan,nan,nan,0.000000,0
1788899805.301504,19.171166,-2.665479,4.212878,-2.985663,-2.665588,4.213570,-2.985663,0.000700,0.000000,-2.665588,4.213570,-2.985663,0.000700,0.000000,-2.665588,4.213570,-2.985663,0.000700,0.000000,nan,nan,nan,nan,nan,0.000000,0
1788899805.351556,19.221218,-2.665479,4.212878,-2.985663,-2.665588,4.213570,-2.985663,0.000700,0.000000,-2.665588,4.213570,-2.985663,0.000700,0.000000,-2.665588,4.213570,-2.985663,0.000700,0.000000,nan,nan,nan,nan,nan,0.000000,0
1788899805.351556,19.221218,-2.665479,4.212878,-2.985663,-2.665588,4.213570,-2.985663,0.000700,0.000000,-2.665588,4.213570,-2.985663,0.000700,0.000000,-2.665588,4.213570,-2.985663,0.000700,0.000000,nan,nan,nan,nan,nan,0.000000,0
1788899805.401508,19.271170,-2.665479,4.212878,-2.985663,-2.665588,4.213570,-2.985663,0.000700,0.000000,-2.665588,4.213570,-2.985663,0.000700,0.000000,-2.665588,4.213570,-2.985663,0.000700,0.000000,nan,nan,nan,nan,nan,0.000000,0
1788899805.401508,19.271170,-2.665479,4.212878,-2.985663,-2.665588,4.213570,-2.985663,0.000700,0.000000,-2.665588,4.213570,-2.985663,0.000700,0.000000,-2.665588,4.213570,-2.985663,0.000700,0.000000,nan,nan,nan,nan,nan,0.000000,0
1788899805.451885,19.321547,-2.665479,4.212878,-2.985663,-2.665588,4.213570,-2.985663,0.000700,0.000000,-2.665588,4.213570,-2.985663,0.000700,0.000000,-2.665588,4.213570,-2.985663,0.000700,0.000000,nan,nan,nan,nan,nan,0.000000,0
1788899805.451885,19.321547,-2.665479,4.212878,-2.985663,-2.665588,4.213570,-2.985663,0.000700,0.000000,-2.665588,4.213570,-2.985663,0.000700,0.000000,-2.665588,4.213570,-2.985663,0.000700,0.000000,nan,nan,nan,nan,nan,0.000000,0
1788899805.501061,19.370723,-2.665479,4.212878,-2.985663,-2.665588,4.213570,-2.985663,0.000700,0.000000,-2.665588,4.213570,-2.985663,0.000700,0.000000,-2.665588,4.213570,-2.985663,0.000700,0.000000,nan,nan,nan,nan,nan,0.000000,0
1788899805.501061,19.370723,-2.665479,4.212878,-2.985663,-2.665588,4.213570,-2.985663,0.000700,0.000000,-2.665588,4.213570,-2.985663,0.000700,0.000000,-2.665588,4.213570,-2.985663,0.000700,0.000000,nan,nan,nan,nan,nan,0.000000,0
1788899805.551577,19.421238,-2.665479,4.212878,-2.985663,-2.665588,4.213570,-2.985663,0.000700,0.000000,-2.665588,4.213570,-2.985663,0.000700,0.000000,-2.665588,4.213570,-2.985663,0.000700,0.000000,nan,nan,nan,nan,nan,0.000000,0
1788899805.551577,19.421238,-2.665479,4.212878,-2.985663,-2.665588,4.213570,-2.985663,0.000700,0.000000,-2.665588,4.213570,-2.985663,0.000700,0.000000,-2.665588,4.213570,-2.985663,0.000700,0.000000,nan,nan,nan,nan,nan,0.000000,0
1788899805.601732,19.471394,-2.665479,4.212878,-2.985663,-2.665588,4.213570,-2.985663,0.000700,0.000000,-2.665588,4.213570,-2.985663,0.000700,0.000000,-2.665588,4.213570,-2.985663,0.000700,0.000000,nan,nan,nan,nan,nan,0.000000,0
1788899805.601732,19.471394,-2.665479,4.212878,-2.985663,-2.665588,4.213570,-2.985663,0.000700,0.000000,-2.665588,4.213570,-2.985663,0.000700,0.000000,-2.665588,4.213570,-2.985663,0.000700,0.000000,nan,nan,nan,nan,nan,0.000000,0
1788899805.651645,19.521307,-2.665479,4.212878,-2.985663,-2.665588,4.213570,-2.985663,0.000700,0.000000,-2.665588,4.213570,-2.985663,0.000700,0.000000,-2.665588,4.213570,-2.985663,0.000700,0.000000,nan,nan,nan,nan,nan,0.000000,0
1788899805.651645,19.521307,-2.665479,4.212878,-2.985663,-2.665588,4.213570,-2.985663,0.000700,0.000000,-2.665588,4.213570,-2.985663,0.000700,0.000000,-2.665588,4.213570,-2.985663,0.000700,0.000000,nan,nan,nan,nan,nan,0.000000,0
1788899805.701413,19.571075,-2.665479,4.212878,-2.985663,-2.665588,4.213570,-2.985663,0.000700,0.000000,-2.665588,4.213570,-2.985663,0.000700,0.000000,-2.665588,4.213570,-2.985663,0.000700,0.000000,nan,nan,nan,nan,nan,0.000000,0
1788899805.701413,19.571075,-2.665479,4.212878,-2.985663,-2.665588,4.213570,-2.985663,0.000700,0.000000,-2.665588,4.213570,-2.985663,0.000700,0.000000,-2.665588,4.213570,-2.985663,0.000700,0.000000,nan,nan,nan,nan,nan,0.000000,0
1788899805.751488,19.621150,-2.665479,4.212878,-2.985663,-2.665588,4.213570,-2.985663,0.000700,0.000000,-2.665588,4.213570,-2.985663,0.000700,0.000000,-2.665588,4.213570,-2.985663,0.000700,0.000000,nan,nan,nan,nan,nan,0.000000,0
1788899805.751488,19.621150,-2.665479,4.212878,-2.985663,-2.665588,4.213570,-2.985663,0.000700,0.000000,-2.665588,4.213570,-2.985663,0.000700,0.000000,-2.665588,4.213570,-2.985663,0.000700,0.000000,nan,nan,nan,nan,nan,0.000000,0
1788899805.801803,19.671465,-2.665479,4.212878,-2.985663,-2.665588,4.213570,-2.985663,0.000700,0.000000,-2.665588,4.213570,-2.985663,0.000700,0.000000,-2.665588,4.213570,-2.985663,0.000700,0.000000,nan,nan,nan,nan,nan,0.000000,0
1788899805.801803,19.671465,-2.665479,4.212878,-2.985663,-2.665588,4.213570,-2.985663,0.000700,0.000000,-2.665588,4.213570,-2.985663,0.000700,0.000000,-2.665588,4.213570,-2.985663,0.000700,0.000000,nan,nan,nan,nan,nan,0.000000,0
1788899805.851560,19.721222,-2.665479,4.212878,-2.985663,-2.665588,4.213570,-2.985663,0.000700,0.000000,-2.665588,4.213570,-2.985663,0.000700,0.000000,-2.665588,4.213570,-2.985663,0.000700,0.000000,nan,nan,nan,nan,nan,0.000000,0
1788899805.851560,19.721222,-2.665479,4.212878,-2.985663,-2.665588,4.213570,-2.985663,0.000700,0.000000,-2.665588,4.213570,-2.985663,0.000700,0.000000,-2.665588,4.213570,-2.985663,0.000700,0.000000,nan,nan,nan,nan,nan,0.000000,0
1788899805.901753,19.771415,-2.665479,4.212878,-2.985663,-2.665588,4.213570,-2.985663,0.000700,0.000000,-2.665588,4.213570,-2.985663,0.000700,0.000000,-2.665588,4.213570,-2.985663,0.000700,0.000000,nan,nan,nan,nan,nan,0.000000,0
1788899805.901753,19.771415,-2.665479,4.212878,-2.985663,-2.665588,4.213570,-2.985663,0.000700,0.000000,-2.665588,4.213570,-2.985663,0.000700,0.000000,-2.665588,4.213570,-2.985663,0.000700,0.000000,nan,nan,nan,nan,nan,0.000000,0
1788899805.951518,19.821180,-2.665479,4.212878,-2.985663,-2.665588,4.213570,-2.985663,0.000700,0.000000,-2.665588,4.213570,-2.985663,0.000700,0.000000,-2.665588,4.213570,-2.985663,0.000700,0.000000,nan,nan,nan,nan,nan,0.000000,0
1788899805.951518,19.821180,-2.665479,4.212878,-2.985663,-2.665588,4.213570,-2.985663,0.000700,0.000000,-2.665588,4.213570,-2.985663,0.000700,0.000000,-2.665588,4.213570,-2.985663,0.000700,0.000000,nan,nan,nan,nan,nan,0.000000,0
1788899806.001369,19.871031,-2.665479,4.212878,-2.985663,-2.665588,4.213570,-2.985663,0.000700,0.000000,-2.665588,4.213570,-2.985663,0.000700,0.000000,-2.665588,4.213570,-2.985663,0.000700,0.000000,nan,nan,nan,nan,nan,0.000000,0
1788899806.001369,19.871031,-2.665479,4.212878,-2.985663,-2.665588,4.213570,-2.985663,0.000700,0.000000,-2.665588,4.213570,-2.985663,0.000700,0.000000,-2.665588,4.213570,-2.985663,0.000700,0.000000,nan,nan,nan,nan,nan,0.000000,0
1788899806.051508,19.921170,-2.665479,4.212878,-2.985663,-2.665588,4.213570,-2.985663,0.000700,0.000000,-2.665588,4.213570,-2.985663,0.000700,0.000000,-2.665588,4.213570,-2.985663,0.000700,0.000000,nan,nan,nan,nan,nan,0.000000,0
1788899806.051508,19.921170,-2.665479,4.212878,-2.985663,-2.665588,4.213570,-2.985663,0.000700,0.000000,-2.665588,4.213570,-2.985663,0.000700,0.000000,-2.665588,4.213570,-2.985663,0.000700,0.000000,nan,nan,nan,nan,nan,0.000000,0
1788899806.101648,19.971310,-2.665479,4.212878,-2.985663,-2.665588,4.213570,-2.985663,0.000700,0.000000,-2.665588,4.213570,-2.985663,0.000700,0.000000,-2.665588,4.213570,-2.985663,0.000700,0.000000,nan,nan,nan,nan,nan,0.000000,0
1788899806.101648,19.971310,-2.665479,4.212878,-2.985663,-2.665588,4.213570,-2.985663,0.000700,0.000000,-2.665588,4.213570,-2.985663,0.000700,0.000000,-2.665588,4.213570,-2.985663,0.000700,0.000000,nan,nan,nan,nan,nan,0.000000,0
1788899806.151912,20.021574,-2.665479,4.212878,-2.985663,-2.665588,4.213570,-2.985663,0.000700,0.000000,-2.665588,4.213570,-2.985663,0.000700,0.000000,-2.665588,4.213570,-2.985663,0.000700,0.000000,nan,nan,nan,nan,nan,0.000000,0
1788899806.151912,20.021574,-2.665479,4.212878,-2.985663,-2.665588,4.213570,-2.985663,0.000700,0.000000,-2.665588,4.213570,-2.985663,0.000700,0.000000,-2.665588,4.213570,-2.985663,0.000700,0.000000,nan,nan,nan,nan,nan,0.000000,0
1788899806.201149,20.070811,-2.665479,4.212878,-2.985663,-2.665588,4.213570,-2.985663,0.000700,0.000000,-2.665588,4.213570,-2.985663,0.000700,0.000000,-2.665588,4.213570,-2.985663,0.000700,0.000000,nan,nan,nan,nan,nan,0.000000,0
1788899806.201149,20.070811,-2.665479,4.212878,-2.985663,-2.665588,4.213570,-2.985663,0.000700,0.000000,-2.665588,4.213570,-2.985663,0.000700,0.000000,-2.665588,4.213570,-2.985663,0.000700,0.000000,nan,nan,nan,nan,nan,0.000000,0
1788899806.251449,20.121111,-2.665479,4.212878,-2.985663,-2.665588,4.213570,-2.985663,0.000700,0.000000,-2.665588,4.213570,-2.985663,0.000700,0.000000,-2.665588,4.213570,-2.985663,0.000700,0.000000,nan,nan,nan,nan,nan,0.000000,0
1788899806.251449,20.121111,-2.665479,4.212878,-2.985663,-2.665588,4.213570,-2.985663,0.000700,0.000000,-2.665588,4.213570,-2.985663,0.000700,0.000000,-2.665588,4.213570,-2.985663,0.000700,0.000000,nan,nan,nan,nan,nan,0.000000,0
1788899806.301246,20.170908,-2.665479,4.212878,-2.985663,-2.665588,4.213570,-2.985663,0.000700,0.000000,-2.665588,4.213570,-2.985663,0.000700,0.000000,-2.665588,4.213570,-2.985663,0.000700,0.000000,nan,nan,nan,nan,nan,0.000000,0
1788899806.301246,20.170908,-2.665479,4.212878,-2.985663,-2.665588,4.213570,-2.985663,0.000700,0.000000,-2.665588,4.213570,-2.985663,0.000700,0.000000,-2.665588,4.213570,-2.985663,0.000700,0.000000,nan,nan,nan,nan,nan,0.000000,0
1788899806.351883,20.221545,-2.665479,4.212878,-2.985663,-2.665588,4.213570,-2.985663,0.000700,0.000000,-2.665588,4.213570,-2.985663,0.000700,0.000000,-2.665588,4.213570,-2.985663,0.000700,0.000000,nan,nan,nan,nan,nan,0.000000,0
1788899806.351883,20.221545,-2.665479,4.212878,-2.985663,-2.665588,4.213570,-2.985663,0.000700,0.000000,-2.665588,4.213570,-2.985663,0.000700,0.000000,-2.665588,4.213570,-2.985663,0.000700,0.000000,nan,nan,nan,nan,nan,0.000000,0
1788899806.401517,20.271179,-2.665479,4.212878,-2.985663,-2.665588,4.213570,-2.985663,0.000700,0.000000,-2.665588,4.213570,-2.985663,0.000700,0.000000,-2.665588,4.213570,-2.985663,0.000700,0.000000,nan,nan,nan,nan,nan,0.000000,0
1788899806.401517,20.271179,-2.665479,4.212878,-2.985663,-2.665588,4.213570,-2.985663,0.000700,0.000000,-2.665588,4.213570,-2.985663,0.000700,0.000000,-2.665588,4.213570,-2.985663,0.000700,0.000000,nan,nan,nan,nan,nan,0.000000,0
1788899806.451191,20.320853,-2.665479,4.212878,-2.985663,-2.665588,4.213570,-2.985663,0.000700,0.000000,-2.665588,4.213570,-2.985663,0.000700,0.000000,-2.665588,4.213570,-2.985663,0.000700,0.000000,nan,nan,nan,nan,nan,0.000000,0
1788899806.451191,20.320853,-2.665479,4.212878,-2.985663,-2.665588,4.213570,-2.985663,0.000700,0.000000,-2.665588,4.213570,-2.985663,0.000700,0.000000,-2.665588,4.213570,-2.985663,0.000700,0.000000,nan,nan,nan,nan,nan,0.000000,0
1788899806.501320,20.370982,-2.665479,4.212878,-2.985663,-2.665588,4.213570,-2.985663,0.000700,0.000000,-2.665588,4.213570,-2.985663,0.000700,0.000000,-2.665588,4.213570,-2.985663,0.000700,0.000000,nan,nan,nan,nan,nan,0.000000,0
1788899806.501320,20.370982,-2.665479,4.212878,-2.985663,-2.665588,4.213570,-2.985663,0.000700,0.000000,-2.665588,4.213570,-2.985663,0.000700,0.000000,-2.665588,4.213570,-2.985663,0.000700,0.000000,nan,nan,nan,nan,nan,0.000000,0
1788899806.551571,20.421232,-2.665479,4.212878,-2.985663,-2.665588,4.213570,-2.985663,0.000700,0.000000,-2.665588,4.213570,-2.985663,0.000700,0.000000,-2.665588,4.213570,-2.985663,0.000700,0.000000,nan,nan,nan,nan,nan,0.000000,0
1788899806.551571,20.421232,-2.665479,4.212878,-2.985663,-2.665588,4.213570,-2.985663,0.000700,0.000000,-2.665588,4.213570,-2.985663,0.000700,0.000000,-2.665588,4.213570,-2.985663,0.000700,0.000000,nan,nan,nan,nan,nan,0.000000,0
1788899806.601273,20.470935,-2.665479,4.212878,-2.985663,-2.665588,4.213570,-2.985663,0.000700,0.000000,-2.665588,4.213570,-2.985663,0.000700,0.000000,-2.665588,4.213570,-2.985663,0.000700,0.000000,nan,nan,nan,nan,nan,0.000000,0
1788899806.601273,20.470935,-2.665479,4.212878,-2.985663,-2.665588,4.213570,-2.985663,0.000700,0.000000,-2.665588,4.213570,-2.985663,0.000700,0.000000,-2.665588,4.213570,-2.985663,0.000700,0.000000,nan,nan,nan,nan,nan,0.000000,0
1788899806.651815,20.521477,-2.665479,4.212878,-2.985663,-2.665588,4.213570,-2.985663,0.000700,0.000000,-2.665588,4.213570,-2.985663,0.000700,0.000000,-2.665588,4.213570,-2.985663,0.000700,0.000000,nan,nan,nan,nan,nan,0.000000,0
1788899806.651815,20.521477,-2.665479,4.212878,-2.985663,-2.665588,4.213570,-2.985663,0.000700,0.000000,-2.665588,4.213570,-2.985663,0.000700,0.000000,-2.665588,4.213570,-2.985663,0.000700,0.000000,nan,nan,nan,nan,nan,0.000000,0
1788899806.701562,20.571224,-2.665479,4.212878,-2.985663,-2.665588,4.213570,-2.985663,0.000700,0.000000,-2.665588,4.213570,-2.985663,0.000700,0.000000,-2.665588,4.213570,-2.985663,0.000700,0.000000,nan,nan,nan,nan,nan,0.000000,0
1788899806.701562,20.571224,-2.665479,4.212878,-2.985663,-2.665588,4.213570,-2.985663,0.000700,0.000000,-2.665588,4.213570,-2.985663,0.000700,0.000000,-2.665588,4.213570,-2.985663,0.000700,0.000000,nan,nan,nan,nan,nan,0.000000,0
1788899806.751235,20.620897,-2.665479,4.212878,-2.985663,-2.665588,4.213570,-2.985663,0.000700,0.000000,-2.665588,4.213570,-2.985663,0.000700,0.000000,-2.665588,4.213570,-2.985663,0.000700,0.000000,nan,nan,nan,nan,nan,0.000000,0
1788899806.751235,20.620897,-2.665479,4.212878,-2.985663,-2.665588,4.213570,-2.985663,0.000700,0.000000,-2.665588,4.213570,-2.985663,0.000700,0.000000,-2.665588,4.213570,-2.985663,0.000700,0.000000,nan,nan,nan,nan,nan,0.000000,0
1788899806.801263,20.670925,-2.665464,4.212779,-2.985663,-2.665588,4.213570,-2.985663,0.000800,0.000000,-2.665588,4.213570,-2.985663,0.000800,0.000000,-2.665588,4.213570,-2.985663,0.000800,0.000000,nan,nan,nan,nan,nan,0.001999,0
1788899806.801263,20.670925,-2.665464,4.212779,-2.985663,-2.665588,4.213570,-2.985663,0.000800,0.000000,-2.665588,4.213570,-2.985663,0.000800,0.000000,-2.665588,4.213570,-2.985663,0.000800,0.000000,nan,nan,nan,nan,nan,0.001999,0
1788899806.851569,20.721231,-2.665464,4.212779,-2.985663,-2.665588,4.213570,-2.985663,0.000800,0.000000,-2.665588,4.213570,-2.985663,0.000800,0.000000,-2.665588,4.213570,-2.985663,0.000800,0.000000,nan,nan,nan,nan,nan,0.000000,0
1788899806.851569,20.721231,-2.665464,4.212779,-2.985663,-2.665588,4.213570,-2.985663,0.000800,0.000000,-2.665588,4.213570,-2.985663,0.000800,0.000000,-2.665588,4.213570,-2.985663,0.000800,0.000000,nan,nan,nan,nan,nan,0.000000,0
1788899806.901434,20.771096,-2.665464,4.212779,-2.985663,-2.665588,4.213570,-2.985663,0.000800,0.000000,-2.665588,4.213570,-2.985663,0.000800,0.000000,-2.665588,4.213570,-2.985663,0.000800,0.000000,nan,nan,nan,nan,nan,0.000000,0
1788899806.901434,20.771096,-2.665464,4.212779,-2.985663,-2.665588,4.213570,-2.985663,0.000800,0.000000,-2.665588,4.213570,-2.985663,0.000800,0.000000,-2.665588,4.213570,-2.985663,0.000800,0.000000,nan,nan,nan,nan,nan,0.000000,0
1788899806.950984,20.820646,-2.665464,4.212779,-2.985663,-2.665588,4.213570,-2.985663,0.000800,0.000000,-2.665588,4.213570,-2.985663,0.000800,0.000000,-2.665588,4.213570,-2.985663,0.000800,0.000000,nan,nan,nan,nan,nan,0.000000,0
1788899806.950984,20.820646,-2.665464,4.212779,-2.985663,-2.665588,4.213570,-2.985663,0.000800,0.000000,-2.665588,4.213570,-2.985663,0.000800,0.000000,-2.665588,4.213570,-2.985663,0.000800,0.000000,nan,nan,nan,nan,nan,0.000000,0
1788899807.001768,20.871430,-2.665464,4.212779,-2.985663,-2.665588,4.213570,-2.985663,0.000800,0.000000,-2.665588,4.213570,-2.985663,0.000800,0.000000,-2.665588,4.213570,-2.985663,0.000800,0.000000,nan,nan,nan,nan,nan,0.000000,0
1788899807.001768,20.871430,-2.665464,4.212779,-2.985663,-2.665588,4.213570,-2.985663,0.000800,0.000000,-2.665588,4.213570,-2.985663,0.000800,0.000000,-2.665588,4.213570,-2.985663,0.000800,0.000000,nan,nan,nan,nan,nan,0.000000,0
1788899807.051926,20.921588,-2.665464,4.212779,-2.985663,-2.665588,4.213570,-2.985663,0.000800,0.000000,-2.665588,4.213570,-2.985663,0.000800,0.000000,-2.665588,4.213570,-2.985663,0.000800,0.000000,nan,nan,nan,nan,nan,0.000000,0
1788899807.051926,20.921588,-2.665464,4.212779,-2.985663,-2.665588,4.213570,-2.985663,0.000800,0.000000,-2.665588,4.213570,-2.985663,0.000800,0.000000,-2.665588,4.213570,-2.985663,0.000800,0.000000,nan,nan,nan,nan,nan,0.000000,0
1788899807.101637,20.971299,-2.665464,4.212779,-2.985663,-2.665588,4.213570,-2.985663,0.000800,0.000000,-2.665588,4.213570,-2.985663,0.000800,0.000000,-2.665588,4.213570,-2.985663,0.000800,0.000000,nan,nan,nan,nan,nan,0.000000,0
1788899807.101637,20.971299,-2.665464,4.212779,-2.985663,-2.665588,4.213570,-2.985663,0.000800,0.000000,-2.665588,4.213570,-2.985663,0.000800,0.000000,-2.665588,4.213570,-2.985663,0.000800,0.000000,nan,nan,nan,nan,nan,0.000000,0
1788899807.151518,21.021179,-2.665464,4.212779,-2.985663,-2.665588,4.213570,-2.985663,0.000800,0.000000,-2.665588,4.213570,-2.985663,0.000800,0.000000,-2.665588,4.213570,-2.985663,0.000800,0.000000,nan,nan,nan,nan,nan,0.000000,0
1788899807.151518,21.021179,-2.665464,4.212779,-2.985663,-2.665588,4.213570,-2.985663,0.000800,0.000000,-2.665588,4.213570,-2.985663,0.000800,0.000000,-2.665588,4.213570,-2.985663,0.000800,0.000000,nan,nan,nan,nan,nan,0.000000,0
1788899807.201776,21.071437,-2.665464,4.212779,-2.985663,-2.665588,4.213570,-2.985663,0.000800,0.000000,-2.665588,4.213570,-2.985663,0.000800,0.000000,-2.665588,4.213570,-2.985663,0.000800,0.000000,nan,nan,nan,nan,nan,0.000000,0
1788899807.201776,21.071437,-2.665464,4.212779,-2.985663,-2.665588,4.213570,-2.985663,0.000800,0.000000,-2.665588,4.213570,-2.985663,0.000800,0.000000,-2.665588,4.213570,-2.985663,0.000800,0.000000,nan,nan,nan,nan,nan,0.000000,0
1788899807.251791,21.121452,-2.665464,4.212779,-2.985663,-2.665588,4.213570,-2.985663,0.000800,0.000000,-2.665588,4.213570,-2.985663,0.000800,0.000000,-2.665588,4.213570,-2.985663,0.000800,0.000000,nan,nan,nan,nan,nan,0.000000,0
1788899807.251791,21.121452,-2.665464,4.212779,-2.985663,-2.665588,4.213570,-2.985663,0.000800,0.000000,-2.665588,4.213570,-2.985663,0.000800,0.000000,-2.665588,4.213570,-2.985663,0.000800,0.000000,nan,nan,nan,nan,nan,0.000000,0
1788899807.301183,21.170845,-2.665464,4.212779,-2.985663,-2.665588,4.213570,-2.985663,0.000800,0.000000,-2.665588,4.213570,-2.985663,0.000800,0.000000,-2.665588,4.213570,-2.985663,0.000800,0.000000,nan,nan,nan,nan,nan,0.000000,0
1788899807.301183,21.170845,-2.665464,4.212779,-2.985663,-2.665588,4.213570,-2.985663,0.000800,0.000000,-2.665588,4.213570,-2.985663,0.000800,0.000000,-2.665588,4.213570,-2.985663,0.000800,0.000000,nan,nan,nan,nan,nan,0.000000,0
1788899807.351763,21.221425,-2.665464,4.212779,-2.985663,-2.665588,4.213570,-2.985663,0.000800,0.000000,-2.665588,4.213570,-2.985663,0.000800,0.000000,-2.665588,4.213570,-2.985663,0.000800,0.000000,nan,nan,nan,nan,nan,0.000000,0
1788899807.351763,21.221425,-2.665464,4.212779,-2.985663,-2.665588,4.213570,-2.985663,0.000800,0.000000,-2.665588,4.213570,-2.985663,0.000800,0.000000,-2.665588,4.213570,-2.985663,0.000800,0.000000,nan,nan,nan,nan,nan,0.000000,0
1788899807.401644,21.271305,-2.665464,4.212779,-2.985663,-2.665588,4.213570,-2.985663,0.000800,0.000000,-2.665588,4.213570,-2.985663,0.000800,0.000000,-2.665588,4.213570,-2.985663,0.000800,0.000000,nan,nan,nan,nan,nan,0.000000,0
1788899807.401644,21.271305,-2.665464,4.212779,-2.985663,-2.665588,4.213570,-2.985663,0.000800,0.000000,-2.665588,4.213570,-2.985663,0.000800,0.000000,-2.665588,4.213570,-2.985663,0.000800,0.000000,nan,nan,nan,nan,nan,0.000000,0
1788899807.451576,21.321237,-2.665464,4.212779,-2.985663,-2.665588,4.213570,-2.985663,0.000800,0.000000,-2.665588,4.213570,-2.985663,0.000800,0.000000,-2.665588,4.213570,-2.985663,0.000800,0.000000,nan,nan,nan,nan,nan,0.000000,0
1788899807.451576,21.321237,-2.665464,4.212779,-2.985663,-2.665588,4.213570,-2.985663,0.000800,0.000000,-2.665588,4.213570,-2.985663,0.000800,0.000000,-2.665588,4.213570,-2.985663,0.000800,0.000000,nan,nan,nan,nan,nan,0.000000,0
1788899807.501502,21.371163,-2.665464,4.212779,-2.985663,-2.665588,4.213570,-2.985663,0.000800,0.000000,-2.665588,4.213570,-2.985663,0.000800,0.000000,-2.665588,4.213570,-2.985663,0.000800,0.000000,nan,nan,nan,nan,nan,0.000000,0
1788899807.501502,21.371163,-2.665464,4.212779,-2.985663,-2.665588,4.213570,-2.985663,0.000800,0.000000,-2.665588,4.213570,-2.985663,0.000800,0.000000,-2.665588,4.213570,-2.985663,0.000800,0.000000,nan,nan,nan,nan,nan,0.000000,0
1788899807.551712,21.421374,-2.665464,4.212779,-2.985663,-2.665588,4.213570,-2.985663,0.000800,0.000000,-2.665588,4.213570,-2.985663,0.000800,0.000000,-2.665588,4.213570,-2.985663,0.000800,0.000000,nan,nan,nan,nan,nan,0.000000,0
1788899807.551712,21.421374,-2.665464,4.212779,-2.985663,-2.665588,4.213570,-2.985663,0.000800,0.000000,-2.665588,4.213570,-2.985663,0.000800,0.000000,-2.665588,4.213570,-2.985663,0.000800,0.000000,nan,nan,nan,nan,nan,0.000000,0
1788899807.601640,21.471301,-2.665464,4.212779,-2.985663,-2.665588,4.213570,-2.985663,0.000800,0.000000,-2.665588,4.213570,-2.985663,0.000800,0.000000,-2.665588,4.213570,-2.985663,0.000800,0.000000,nan,nan,nan,nan,nan,0.000000,0
1788899807.601640,21.471301,-2.665464,4.212779,-2.985663,-2.665588,4.213570,-2.985663,0.000800,0.000000,-2.665588,4.213570,-2.985663,0.000800,0.000000,-2.665588,4.213570,-2.985663,0.000800,0.000000,nan,nan,nan,nan,nan,0.000000,0
1788899807.651891,21.521553,-2.665464,4.212779,-2.985663,-2.665588,4.213570,-2.985663,0.000800,0.000000,-2.665588,4.213570,-2.985663,0.000800,0.000000,-2.665588,4.213570,-2.985663,0.000800,0.000000,nan,nan,nan,nan,nan,0.000000,0
1788899807.651891,21.521553,-2.665464,4.212779,-2.985663,-2.665588,4.213570,-2.985663,0.000800,0.000000,-2.665588,4.213570,-2.985663,0.000800,0.000000,-2.665588,4.213570,-2.985663,0.000800,0.000000,nan,nan,nan,nan,nan,0.000000,0
1788899807.701859,21.571521,-2.665464,4.212779,-2.985663,-2.665588,4.213570,-2.985663,0.000800,0.000000,-2.665588,4.213570,-2.985663,0.000800,0.000000,-2.665588,4.213570,-2.985663,0.000800,0.000000,nan,nan,nan,nan,nan,0.000000,0
1788899807.701859,21.571521,-2.665464,4.212779,-2.985663,-2.665588,4.213570,-2.985663,0.000800,0.000000,-2.665588,4.213570,-2.985663,0.000800,0.000000,-2.665588,4.213570,-2.985663,0.000800,0.000000,nan,nan,nan,nan,nan,0.000000,0
1788899807.751278,21.620940,-2.665464,4.212779,-2.985663,-2.665588,4.213570,-2.985663,0.000800,0.000000,-2.665588,4.213570,-2.985663,0.000800,0.000000,-2.665588,4.213570,-2.985663,0.000800,0.000000,nan,nan,nan,nan,nan,0.000000,0
1788899807.751278,21.620940,-2.665464,4.212779,-2.985663,-2.665588,4.213570,-2.985663,0.000800,0.000000,-2.665588,4.213570,-2.985663,0.000800,0.000000,-2.665588,4.213570,-2.985663,0.000800,0.000000,nan,nan,nan,nan,nan,0.000000,0
1788899807.801330,21.670991,-2.665464,4.212779,-2.985663,-2.665588,4.213570,-2.985663,0.000800,0.000000,-2.665588,4.213570,-2.985663,0.000800,0.000000,-2.665588,4.213570,-2.985663,0.000800,0.000000,nan,nan,nan,nan,nan,0.000000,0
1788899807.801330,21.670991,-2.665464,4.212779,-2.985663,-2.665588,4.213570,-2.985663,0.000800,0.000000,-2.665588,4.213570,-2.985663,0.000800,0.000000,-2.665588,4.213570,-2.985663,0.000800,0.000000,nan,nan,nan,nan,nan,0.000000,0
1788899807.851822,21.721484,-2.665464,4.212779,-2.985663,-2.665588,4.213570,-2.985663,0.000800,0.000000,-2.665588,4.213570,-2.985663,0.000800,0.000000,-2.665588,4.213570,-2.985663,0.000800,0.000000,nan,nan,nan,nan,nan,0.000000,0
1788899807.851822,21.721484,-2.665464,4.212779,-2.985663,-2.665588,4.213570,-2.985663,0.000800,0.000000,-2.665588,4.213570,-2.985663,0.000800,0.000000,-2.665588,4.213570,-2.985663,0.000800,0.000000,nan,nan,nan,nan,nan,0.000000,0
1788899807.901547,21.771209,-2.665464,4.212779,-2.985663,-2.665588,4.213570,-2.985663,0.000800,0.000000,-2.665588,4.213570,-2.985663,0.000800,0.000000,-2.665588,4.213570,-2.985663,0.000800,0.000000,nan,nan,nan,nan,nan,0.000000,0
1788899807.901547,21.771209,-2.665464,4.212779,-2.985663,-2.665588,4.213570,-2.985663,0.000800,0.000000,-2.665588,4.213570,-2.985663,0.000800,0.000000,-2.665588,4.213570,-2.985663,0.000800,0.000000,nan,nan,nan,nan,nan,0.000000,0
1788899807.951374,21.821036,-2.665464,4.212779,-2.985663,-2.665588,4.213570,-2.985663,0.000800,0.000000,-2.665588,4.213570,-2.985663,0.000800,0.000000,-2.665588,4.213570,-2.985663,0.000800,0.000000,nan,nan,nan,nan,nan,0.000000,0
1788899807.951374,21.821036,-2.665464,4.212779,-2.985663,-2.665588,4.213570,-2.985663,0.000800,0.000000,-2.665588,4.213570,-2.985663,0.000800,0.000000,-2.665588,4.213570,-2.985663,0.000800,0.000000,nan,nan,nan,nan,nan,0.000000,0
1788899808.001476,21.871138,-2.665464,4.212779,-2.985663,-2.665588,4.213570,-2.985663,0.000800,0.000000,-2.665588,4.213570,-2.985663,0.000800,0.000000,-2.665588,4.213570,-2.985663,0.000800,0.000000,nan,nan,nan,nan,nan,0.000000,0
1788899808.001476,21.871138,-2.665464,4.212779,-2.985663,-2.665588,4.213570,-2.985663,0.000800,0.000000,-2.665588,4.213570,-2.985663,0.000800,0.000000,-2.665588,4.213570,-2.985663,0.000800,0.000000,nan,nan,nan,nan,nan,0.000000,0
1788899808.051352,21.921013,-2.665464,4.212779,-2.985663,-2.665588,4.213570,-2.985663,0.000800,0.000000,-2.665588,4.213570,-2.985663,0.000800,0.000000,-2.665588,4.213570,-2.985663,0.000800,0.000000,nan,nan,nan,nan,nan,0.000000,0
1788899808.051352,21.921013,-2.665464,4.212779,-2.985663,-2.665588,4.213570,-2.985663,0.000800,0.000000,-2.665588,4.213570,-2.985663,0.000800,0.000000,-2.665588,4.213570,-2.985663,0.000800,0.000000,nan,nan,nan,nan,nan,0.000000,0
1788899808.101576,21.971238,-2.665464,4.212779,-2.985663,-2.665588,4.213570,-2.985663,0.000800,0.000000,-2.665588,4.213570,-2.985663,0.000800,0.000000,-2.665588,4.213570,-2.985663,0.000800,0.000000,nan,nan,nan,nan,nan,0.000000,0
1788899808.101576,21.971238,-2.665464,4.212779,-2.985663,-2.665588,4.213570,-2.985663,0.000800,0.000000,-2.665588,4.213570,-2.985663,0.000800,0.000000,-2.665588,4.213570,-2.985663,0.000800,0.000000,nan,nan,nan,nan,nan,0.000000,0
1788899808.151703,22.021365,-2.665464,4.212779,-2.985663,-2.665588,4.213570,-2.985663,0.000800,0.000000,-2.665588,4.213570,-2.985663,0.000800,0.000000,-2.665588,4.213570,-2.985663,0.000800,0.000000,nan,nan,nan,nan,nan,0.000000,0
1788899808.151703,22.021365,-2.665464,4.212779,-2.985663,-2.665588,4.213570,-2.985663,0.000800,0.000000,-2.665588,4.213570,-2.985663,0.000800,0.000000,-2.665588,4.213570,-2.985663,0.000800,0.000000,nan,nan,nan,nan,nan,0.000000,0
1788899808.201972,22.071633,-2.665464,4.212779,-2.985663,-2.665588,4.213570,-2.985663,0.000800,0.000000,-2.665588,4.213570,-2.985663,0.000800,0.000000,-2.665588,4.213570,-2.985663,0.000800,0.000000,nan,nan,nan,nan,nan,0.000000,0
1788899808.201972,22.071633,-2.665464,4.212779,-2.985663,-2.665588,4.213570,-2.985663,0.000800,0.000000,-2.665588,4.213570,-2.985663,0.000800,0.000000,-2.665588,4.213570,-2.985663,0.000800,0.000000,nan,nan,nan,nan,nan,0.000000,0
1788899808.251855,22.121517,-2.665464,4.212779,-2.985663,-2.665588,4.213570,-2.985663,0.000800,0.000000,-2.665588,4.213570,-2.985663,0.000800,0.000000,-2.665588,4.213570,-2.985663,0.000800,0.000000,nan,nan,nan,nan,nan,0.000000,0
1788899808.251855,22.121517,-2.665464,4.212779,-2.985663,-2.665588,4.213570,-2.985663,0.000800,0.000000,-2.665588,4.213570,-2.985663,0.000800,0.000000,-2.665588,4.213570,-2.985663,0.000800,0.000000,nan,nan,nan,nan,nan,0.000000,0
1788899808.301656,22.171318,-2.665464,4.212779,-2.985663,-2.665588,4.213570,-2.985663,0.000800,0.000000,-2.665588,4.213570,-2.985663,0.000800,0.000000,-2.665588,4.213570,-2.985663,0.000800,0.000000,nan,nan,nan,nan,nan,0.000000,0
1788899808.301656,22.171318,-2.665464,4.212779,-2.985663,-2.665588,4.213570,-2.985663,0.000800,0.000000,-2.665588,4.213570,-2.985663,0.000800,0.000000,-2.665588,4.213570,-2.985663,0.000800,0.000000,nan,nan,nan,nan,nan,0.000000,0
1788899808.351591,22.221253,-2.665464,4.212779,-2.985663,-2.665588,4.213570,-2.985663,0.000800,0.000000,-2.665588,4.213570,-2.985663,0.000800,0.000000,-2.665588,4.213570,-2.985663,0.000800,0.000000,nan,nan,nan,nan,nan,0.000000,0
1788899808.351591,22.221253,-2.665464,4.212779,-2.985663,-2.665588,4.213570,-2.985663,0.000800,0.000000,-2.665588,4.213570,-2.985663,0.000800,0.000000,-2.665588,4.213570,-2.985663,0.000800,0.000000,nan,nan,nan,nan,nan,0.000000,0
1788899808.401765,22.271427,-2.665464,4.212779,-2.985663,-2.665588,4.213570,-2.985663,0.000800,0.000000,-2.665588,4.213570,-2.985663,0.000800,0.000000,-2.665588,4.213570,-2.985663,0.000800,0.000000,nan,nan,nan,nan,nan,0.000000,0
1788899808.401765,22.271427,-2.665464,4.212779,-2.985663,-2.665588,4.213570,-2.985663,0.000800,0.000000,-2.665588,4.213570,-2.985663,0.000800,0.000000,-2.665588,4.213570,-2.985663,0.000800,0.000000,nan,nan,nan,nan,nan,0.000000,0
1788899808.450937,22.320599,-2.665464,4.212779,-2.985663,-2.665588,4.213570,-2.985663,0.000800,0.000000,-2.665588,4.213570,-2.985663,0.000800,0.000000,-2.665588,4.213570,-2.985663,0.000800,0.000000,nan,nan,nan,nan,nan,0.000000,0
1788899808.450937,22.320599,-2.665464,4.212779,-2.985663,-2.665588,4.213570,-2.985663,0.000800,0.000000,-2.665588,4.213570,-2.985663,0.000800,0.000000,-2.665588,4.213570,-2.985663,0.000800,0.000000,nan,nan,nan,nan,nan,0.000000,0
1788899808.501542,22.371204,-2.665464,4.212779,-2.985663,-2.665588,4.213570,-2.985663,0.000800,0.000000,-2.665588,4.213570,-2.985663,0.000800,0.000000,-2.665588,4.213570,-2.985663,0.000800,0.000000,nan,nan,nan,nan,nan,0.000000,0
1788899808.501542,22.371204,-2.665464,4.212779,-2.985663,-2.665588,4.213570,-2.985663,0.000800,0.000000,-2.665588,4.213570,-2.985663,0.000800,0.000000,-2.665588,4.213570,-2.985663,0.000800,0.000000,nan,nan,nan,nan,nan,0.000000,0
1788899808.551068,22.420730,-2.665464,4.212779,-2.985663,-2.665588,4.213570,-2.985663,0.000800,0.000000,-2.665588,4.213570,-2.985663,0.000800,0.000000,-2.665588,4.213570,-2.985663,0.000800,0.000000,nan,nan,nan,nan,nan,0.000000,0
1788899808.551068,22.420730,-2.665464,4.212779,-2.985663,-2.665588,4.213570,-2.985663,0.000800,0.000000,-2.665588,4.213570,-2.985663,0.000800,0.000000,-2.665588,4.213570,-2.985663,0.000800,0.000000,nan,nan,nan,nan,nan,0.000000,0
1788899808.601570,22.471232,-2.665464,4.212779,-2.985663,-2.665588,4.213570,-2.985663,0.000800,0.000000,-2.665588,4.213570,-2.985663,0.000800,0.000000,-2.665588,4.213570,-2.985663,0.000800,0.000000,nan,nan,nan,nan,nan,0.000000,0
1788899808.601570,22.471232,-2.665464,4.212779,-2.985663,-2.665588,4.213570,-2.985663,0.000800,0.000000,-2.665588,4.213570,-2.985663,0.000800,0.000000,-2.665588,4.213570,-2.985663,0.000800,0.000000,nan,nan,nan,nan,nan,0.000000,0
1788899808.651326,22.520988,-2.665464,4.212779,-2.985663,-2.665588,4.213570,-2.985663,0.000800,0.000000,-2.665588,4.213570,-2.985663,0.000800,0.000000,-2.665588,4.213570,-2.985663,0.000800,0.000000,nan,nan,nan,nan,nan,0.000000,0
1788899808.651326,22.520988,-2.665464,4.212779,-2.985663,-2.665588,4.213570,-2.985663,0.000800,0.000000,-2.665588,4.213570,-2.985663,0.000800,0.000000,-2.665588,4.213570,-2.985663,0.000800,0.000000,nan,nan,nan,nan,nan,0.000000,0
1788899808.701038,22.570699,-2.665464,4.212779,-2.985663,-2.665588,4.213570,-2.985663,0.000800,0.000000,-2.665588,4.213570,-2.985663,0.000800,0.000000,-2.665588,4.213570,-2.985663,0.000800,0.000000,nan,nan,nan,nan,nan,0.000000,0
1788899808.701038,22.570699,-2.665464,4.212779,-2.985663,-2.665588,4.213570,-2.985663,0.000800,0.000000,-2.665588,4.213570,-2.985663,0.000800,0.000000,-2.665588,4.213570,-2.985663,0.000800,0.000000,nan,nan,nan,nan,nan,0.000000,0
1788899808.751924,22.621586,-2.665464,4.212779,-2.985663,-2.665588,4.213570,-2.985663,0.000800,0.000000,-2.665588,4.213570,-2.985663,0.000800,0.000000,-2.665588,4.213570,-2.985663,0.000800,0.000000,nan,nan,nan,nan,nan,0.000000,0
1788899808.751924,22.621586,-2.665464,4.212779,-2.985663,-2.665588,4.213570,-2.985663,0.000800,0.000000,-2.665588,4.213570,-2.985663,0.000800,0.000000,-2.665588,4.213570,-2.985663,0.000800,0.000000,nan,nan,nan,nan,nan,0.000000,0
1788899808.801453,22.671115,-2.665464,4.212779,-2.985663,-2.665588,4.213570,-2.985663,0.000800,0.000000,-2.665588,4.213570,-2.985663,0.000800,0.000000,-2.665588,4.213570,-2.985663,0.000800,0.000000,nan,nan,nan,nan,nan,0.000000,0
1788899808.801453,22.671115,-2.665464,4.212779,-2.985663,-2.665588,4.213570,-2.985663,0.000800,0.000000,-2.665588,4.213570,-2.985663,0.000800,0.000000,-2.665588,4.213570,-2.985663,0.000800,0.000000,nan,nan,nan,nan,nan,0.000000,0
1788899808.851571,22.721233,-2.665464,4.212779,-2.985663,-2.665588,4.213570,-2.985663,0.000800,0.000000,-2.665588,4.213570,-2.985663,0.000800,0.000000,-2.665588,4.213570,-2.985663,0.000800,0.000000,nan,nan,nan,nan,nan,0.000000,0
1788899808.851571,22.721233,-2.665464,4.212779,-2.985663,-2.665588,4.213570,-2.985663,0.000800,0.000000,-2.665588,4.213570,-2.985663,0.000800,0.000000,-2.665588,4.213570,-2.985663,0.000800,0.000000,nan,nan,nan,nan,nan,0.000000,0
1788899808.902623,22.772285,-2.665464,4.212779,-2.985663,-2.665588,4.213570,-2.985663,0.000800,0.000000,-2.665588,4.213570,-2.985663,0.000800,0.000000,-2.665588,4.213570,-2.985663,0.000800,0.000000,nan,nan,nan,nan,nan,0.000000,0
1788899808.902623,22.772285,-2.665464,4.212779,-2.985663,-2.665588,4.213570,-2.985663,0.000800,0.000000,-2.665588,4.213570,-2.985663,0.000800,0.000000,-2.665588,4.213570,-2.985663,0.000800,0.000000,nan,nan,nan,nan,nan,0.000000,0
1788899808.951942,22.821604,-2.665464,4.212779,-2.985663,-2.665588,4.213570,-2.985663,0.000800,0.000000,-2.665588,4.213570,-2.985663,0.000800,0.000000,-2.665588,4.213570,-2.985663,0.000800,0.000000,nan,nan,nan,nan,nan,0.000000,0
1788899808.951942,22.821604,-2.665464,4.212779,-2.985663,-2.665588,4.213570,-2.985663,0.000800,0.000000,-2.665588,4.213570,-2.985663,0.000800,0.000000,-2.665588,4.213570,-2.985663,0.000800,0.000000,nan,nan,nan,nan,nan,0.000000,0
1788899809.001477,22.871139,-2.665464,4.212779,-2.985663,-2.665588,4.213570,-2.985663,0.000800,0.000000,-2.665588,4.213570,-2.985663,0.000800,0.000000,-2.665588,4.213570,-2.985663,0.000800,0.000000,nan,nan,nan,nan,nan,0.000000,0
1788899809.001477,22.871139,-2.665464,4.212779,-2.985663,-2.665588,4.213570,-2.985663,0.000800,0.000000,-2.665588,4.213570,-2.985663,0.000800,0.000000,-2.665588,4.213570,-2.985663,0.000800,0.000000,nan,nan,nan,nan,nan,0.000000,0
1788899809.051906,22.921568,-2.665464,4.212779,-2.985663,-2.665588,4.213570,-2.985663,0.000800,0.000000,-2.665588,4.213570,-2.985663,0.000800,0.000000,-2.665588,4.213570,-2.985663,0.000800,0.000000,nan,nan,nan,nan,nan,0.000000,0
1788899809.051906,22.921568,-2.665464,4.212779,-2.985663,-2.665588,4.213570,-2.985663,0.000800,0.000000,-2.665588,4.213570,-2.985663,0.000800,0.000000,-2.665588,4.213570,-2.985663,0.000800,0.000000,nan,nan,nan,nan,nan,0.000000,0
1788899809.101557,22.971218,-2.665464,4.212779,-2.985663,-2.665588,4.213570,-2.985663,0.000800,0.000000,-2.665588,4.213570,-2.985663,0.000800,0.000000,-2.665588,4.213570,-2.985663,0.000800,0.000000,nan,nan,nan,nan,nan,0.000000,0
1788899809.101557,22.971218,-2.665464,4.212779,-2.985663,-2.665588,4.213570,-2.985663,0.000800,0.000000,-2.665588,4.213570,-2.985663,0.000800,0.000000,-2.665588,4.213570,-2.985663,0.000800,0.000000,nan,nan,nan,nan,nan,0.000000,0
1788899809.151248,23.020910,-2.665464,4.212779,-2.985663,-2.665588,4.213570,-2.985663,0.000800,0.000000,-2.665588,4.213570,-2.985663,0.000800,0.000000,-2.665588,4.213570,-2.985663,0.000800,0.000000,nan,nan,nan,nan,nan,0.000000,0
1788899809.151248,23.020910,-2.665464,4.212779,-2.985663,-2.665588,4.213570,-2.985663,0.000800,0.000000,-2.665588,4.213570,-2.985663,0.000800,0.000000,-2.665588,4.213570,-2.985663,0.000800,0.000000,nan,nan,nan,nan,nan,0.000000,0
1788899809.201879,23.071541,-2.665464,4.212779,-2.985663,-2.665588,4.213570,-2.985663,0.000800,0.000000,-2.665588,4.213570,-2.985663,0.000800,0.000000,-2.665588,4.213570,-2.985663,0.000800,0.000000,nan,nan,nan,nan,nan,0.000000,0
1788899809.201879,23.071541,-2.665464,4.212779,-2.985663,-2.665588,4.213570,-2.985663,0.000800,0.000000,-2.665588,4.213570,-2.985663,0.000800,0.000000,-2.665588,4.213570,-2.985663,0.000800,0.000000,nan,nan,nan,nan,nan,0.000000,0
1788899809.251511,23.121172,-2.665464,4.212779,-2.985663,-2.665588,4.213570,-2.985663,0.000800,0.000000,-2.665588,4.213570,-2.985663,0.000800,0.000000,-2.665588,4.213570,-2.985663,0.000800,0.000000,nan,nan,nan,nan,nan,0.000000,0
1788899809.251511,23.121172,-2.665464,4.212779,-2.985663,-2.665588,4.213570,-2.985663,0.000800,0.000000,-2.665588,4.213570,-2.985663,0.000800,0.000000,-2.665588,4.213570,-2.985663,0.000800,0.000000,nan,nan,nan,nan,nan,0.000000,0
1788899809.301389,23.171051,-2.665448,4.212681,-2.985663,-2.665588,4.213570,-2.985663,0.000900,0.000000,-2.665588,4.213570,-2.985663,0.000900,0.000000,-2.665588,4.213570,-2.985663,0.000900,0.000000,nan,nan,nan,nan,nan,0.002005,0
1788899809.301389,23.171051,-2.665448,4.212681,-2.985663,-2.665588,4.213570,-2.985663,0.000900,0.000000,-2.665588,4.213570,-2.985663,0.000900,0.000000,-2.665588,4.213570,-2.985663,0.000900,0.000000,nan,nan,nan,nan,nan,0.002005,0
1788899809.351929,23.221591,-2.665448,4.212681,-2.985663,-2.665588,4.213570,-2.985663,0.000900,0.000000,-2.665588,4.213570,-2.985663,0.000900,0.000000,-2.665588,4.213570,-2.985663,0.000900,0.000000,nan,nan,nan,nan,nan,0.000000,0
1788899809.351929,23.221591,-2.665448,4.212681,-2.985663,-2.665588,4.213570,-2.985663,0.000900,0.000000,-2.665588,4.213570,-2.985663,0.000900,0.000000,-2.665588,4.213570,-2.985663,0.000900,0.000000,nan,nan,nan,nan,nan,0.000000,0
1788899809.401349,23.271011,-2.665448,4.212681,-2.985663,-2.665588,4.213570,-2.985663,0.000900,0.000000,-2.665588,4.213570,-2.985663,0.000900,0.000000,-2.665588,4.213570,-2.985663,0.000900,0.000000,nan,nan,nan,nan,nan,0.000000,0
1788899809.401349,23.271011,-2.665448,4.212681,-2.985663,-2.665588,4.213570,-2.985663,0.000900,0.000000,-2.665588,4.213570,-2.985663,0.000900,0.000000,-2.665588,4.213570,-2.985663,0.000900,0.000000,nan,nan,nan,nan,nan,0.000000,0
1788899809.451023,23.320685,-2.665448,4.212681,-2.985663,-2.665588,4.213570,-2.985663,0.000900,0.000000,-2.665588,4.213570,-2.985663,0.000900,0.000000,-2.665588,4.213570,-2.985663,0.000900,0.000000,nan,nan,nan,nan,nan,0.000000,0
1788899809.451023,23.320685,-2.665448,4.212681,-2.985663,-2.665588,4.213570,-2.985663,0.000900,0.000000,-2.665588,4.213570,-2.985663,0.000900,0.000000,-2.665588,4.213570,-2.985663,0.000900,0.000000,nan,nan,nan,nan,nan,0.000000,0
1788899809.501363,23.371025,-2.665448,4.212681,-2.985663,-2.665588,4.213570,-2.985663,0.000900,0.000000,-2.665588,4.213570,-2.985663,0.000900,0.000000,-2.665588,4.213570,-2.985663,0.000900,0.000000,nan,nan,nan,nan,nan,0.000000,0
1788899809.501363,23.371025,-2.665448,4.212681,-2.985663,-2.665588,4.213570,-2.985663,0.000900,0.000000,-2.665588,4.213570,-2.985663,0.000900,0.000000,-2.665588,4.213570,-2.985663,0.000900,0.000000,nan,nan,nan,nan,nan,0.000000,0
1788899809.551502,23.421164,-2.665448,4.212681,-2.985663,-2.665588,4.213570,-2.985663,0.000900,0.000000,-2.665588,4.213570,-2.985663,0.000900,0.000000,-2.665588,4.213570,-2.985663,0.000900,0.000000,nan,nan,nan,nan,nan,0.000000,0
1788899809.551502,23.421164,-2.665448,4.212681,-2.985663,-2.665588,4.213570,-2.985663,0.000900,0.000000,-2.665588,4.213570,-2.985663,0.000900,0.000000,-2.665588,4.213570,-2.985663,0.000900,0.000000,nan,nan,nan,nan,nan,0.000000,0
1788899809.601575,23.471237,-2.665448,4.212681,-2.985663,-2.665588,4.213570,-2.985663,0.000900,0.000000,-2.665588,4.213570,-2.985663,0.000900,0.000000,-2.665588,4.213570,-2.985663,0.000900,0.000000,nan,nan,nan,nan,nan,0.000000,0
1788899809.601575,23.471237,-2.665448,4.212681,-2.985663,-2.665588,4.213570,-2.985663,0.000900,0.000000,-2.665588,4.213570,-2.985663,0.000900,0.000000,-2.665588,4.213570,-2.985663,0.000900,0.000000,nan,nan,nan,nan,nan,0.000000,0
1788899809.651143,23.520805,-2.665448,4.212681,-2.985663,-2.665588,4.213570,-2.985663,0.000900,0.000000,-2.665588,4.213570,-2.985663,0.000900,0.000000,-2.665588,4.213570,-2.985663,0.000900,0.000000,nan,nan,nan,nan,nan,0.000000,0
1788899809.651143,23.520805,-2.665448,4.212681,-2.985663,-2.665588,4.213570,-2.985663,0.000900,0.000000,-2.665588,4.213570,-2.985663,0.000900,0.000000,-2.665588,4.213570,-2.985663,0.000900,0.000000,nan,nan,nan,nan,nan,0.000000,0
1788899809.701419,23.571081,-2.665448,4.212681,-2.985663,-2.665588,4.213570,-2.985663,0.000900,0.000000,-2.665588,4.213570,-2.985663,0.000900,0.000000,-2.665588,4.213570,-2.985663,0.000900,0.000000,nan,nan,nan,nan,nan,0.000000,0
1788899809.701419,23.571081,-2.665448,4.212681,-2.985663,-2.665588,4.213570,-2.985663,0.000900,0.000000,-2.665588,4.213570,-2.985663,0.000900,0.000000,-2.665588,4.213570,-2.985663,0.000900,0.000000,nan,nan,nan,nan,nan,0.000000,0
1788899809.751428,23.621090,-2.665448,4.212681,-2.985663,-2.665588,4.213570,-2.985663,0.000900,0.000000,-2.665588,4.213570,-2.985663,0.000900,0.000000,-2.665588,4.213570,-2.985663,0.000900,0.000000,nan,nan,nan,nan,nan,0.000000,0
1788899809.751428,23.621090,-2.665448,4.212681,-2.985663,-2.665588,4.213570,-2.985663,0.000900,0.000000,-2.665588,4.213570,-2.985663,0.000900,0.000000,-2.665588,4.213570,-2.985663,0.000900,0.000000,nan,nan,nan,nan,nan,0.000000,0
1788899809.801474,23.671136,-2.665448,4.212681,-2.985663,-2.665588,4.213570,-2.985663,0.000900,0.000000,-2.665588,4.213570,-2.985663,0.000900,0.000000,-2.665588,4.213570,-2.985663,0.000900,0.000000,nan,nan,nan,nan,nan,0.000000,0
1788899809.801474,23.671136,-2.665448,4.212681,-2.985663,-2.665588,4.213570,-2.985663,0.000900,0.000000,-2.665588,4.213570,-2.985663,0.000900,0.000000,-2.665588,4.213570,-2.985663,0.000900,0.000000,nan,nan,nan,nan,nan,0.000000,0
1788899809.851704,23.721366,-2.665448,4.212681,-2.985663,-2.665588,4.213570,-2.985663,0.000900,0.000000,-2.665588,4.213570,-2.985663,0.000900,0.000000,-2.665588,4.213570,-2.985663,0.000900,0.000000,nan,nan,nan,nan,nan,0.000000,0
1788899809.851704,23.721366,-2.665448,4.212681,-2.985663,-2.665588,4.213570,-2.985663,0.000900,0.000000,-2.665588,4.213570,-2.985663,0.000900,0.000000,-2.665588,4.213570,-2.985663,0.000900,0.000000,nan,nan,nan,nan,nan,0.000000,0
1788899809.901200,23.770862,-2.665448,4.212681,-2.985663,-2.665588,4.213570,-2.985663,0.000900,0.000000,-2.665588,4.213570,-2.985663,0.000900,0.000000,-2.665588,4.213570,-2.985663,0.000900,0.000000,nan,nan,nan,nan,nan,0.000000,0
1788899809.901200,23.770862,-2.665448,4.212681,-2.985663,-2.665588,4.213570,-2.985663,0.000900,0.000000,-2.665588,4.213570,-2.985663,0.000900,0.000000,-2.665588,4.213570,-2.985663,0.000900,0.000000,nan,nan,nan,nan,nan,0.000000,0
1788899809.951591,23.821253,-2.665448,4.212681,-2.985663,-2.665588,4.213570,-2.985663,0.000900,0.000000,-2.665588,4.213570,-2.985663,0.000900,0.000000,-2.665588,4.213570,-2.985663,0.000900,0.000000,nan,nan,nan,nan,nan,0.000000,0
1788899809.951591,23.821253,-2.665448,4.212681,-2.985663,-2.665588,4.213570,-2.985663,0.000900,0.000000,-2.665588,4.213570,-2.985663,0.000900,0.000000,-2.665588,4.213570,-2.985663,0.000900,0.000000,nan,nan,nan,nan,nan,0.000000,0
1788899810.001451,23.871113,-2.665448,4.212681,-2.985663,-2.665588,4.213570,-2.985663,0.000900,0.000000,-2.665588,4.213570,-2.985663,0.000900,0.000000,-2.665588,4.213570,-2.985663,0.000900,0.000000,nan,nan,nan,nan,nan,0.000000,0
1788899810.001451,23.871113,-2.665448,4.212681,-2.985663,-2.665588,4.213570,-2.985663,0.000900,0.000000,-2.665588,4.213570,-2.985663,0.000900,0.000000,-2.665588,4.213570,-2.985663,0.000900,0.000000,nan,nan,nan,nan,nan,0.000000,0
1788899810.051434,23.921096,-2.665448,4.212681,-2.985663,-2.665588,4.213570,-2.985663,0.000900,0.000000,-2.665588,4.213570,-2.985663,0.000900,0.000000,-2.665588,4.213570,-2.985663,0.000900,0.000000,nan,nan,nan,nan,nan,0.000000,0
1788899810.051434,23.921096,-2.665448,4.212681,-2.985663,-2.665588,4.213570,-2.985663,0.000900,0.000000,-2.665588,4.213570,-2.985663,0.000900,0.000000,-2.665588,4.213570,-2.985663,0.000900,0.000000,nan,nan,nan,nan,nan,0.000000,0
1788899810.101079,23.970741,-2.665448,4.212681,-2.985663,-2.665588,4.213570,-2.985663,0.000900,0.000000,-2.665588,4.213570,-2.985663,0.000900,0.000000,-2.665588,4.213570,-2.985663,0.000900,0.000000,nan,nan,nan,nan,nan,0.000000,0
1788899810.101079,23.970741,-2.665448,4.212681,-2.985663,-2.665588,4.213570,-2.985663,0.000900,0.000000,-2.665588,4.213570,-2.985663,0.000900,0.000000,-2.665588,4.213570,-2.985663,0.000900,0.000000,nan,nan,nan,nan,nan,0.000000,0
1788899810.151119,24.020781,-2.665448,4.212681,-2.985663,-2.665588,4.213570,-2.985663,0.000900,0.000000,-2.665588,4.213570,-2.985663,0.000900,0.000000,-2.665588,4.213570,-2.985663,0.000900,0.000000,nan,nan,nan,nan,nan,0.000000,0
1788899810.151119,24.020781,-2.665448,4.212681,-2.985663,-2.665588,4.213570,-2.985663,0.000900,0.000000,-2.665588,4.213570,-2.985663,0.000900,0.000000,-2.665588,4.213570,-2.985663,0.000900,0.000000,nan,nan,nan,nan,nan,0.000000,0
1788899810.201838,24.071500,-2.665448,4.212681,-2.985663,-2.665588,4.213570,-2.985663,0.000900,0.000000,-2.665588,4.213570,-2.985663,0.000900,0.000000,-2.665588,4.213570,-2.985663,0.000900,0.000000,nan,nan,nan,nan,nan,0.000000,0
1788899810.201838,24.071500,-2.665448,4.212681,-2.985663,-2.665588,4.213570,-2.985663,0.000900,0.000000,-2.665588,4.213570,-2.985663,0.000900,0.000000,-2.665588,4.213570,-2.985663,0.000900,0.000000,nan,nan,nan,nan,nan,0.000000,0
1788899810.251202,24.120864,-2.665448,4.212681,-2.985663,-2.665588,4.213570,-2.985663,0.000900,0.000000,-2.665588,4.213570,-2.985663,0.000900,0.000000,-2.665588,4.213570,-2.985663,0.000900,0.000000,nan,nan,nan,nan,nan,0.000000,0
1788899810.251202,24.120864,-2.665448,4.212681,-2.985663,-2.665588,4.213570,-2.985663,0.000900,0.000000,-2.665588,4.213570,-2.985663,0.000900,0.000000,-2.665588,4.213570,-2.985663,0.000900,0.000000,nan,nan,nan,nan,nan,0.000000,0
1788899810.301060,24.170722,-2.665448,4.212681,-2.985663,-2.665588,4.213570,-2.985663,0.000900,0.000000,-2.665588,4.213570,-2.985663,0.000900,0.000000,-2.665588,4.213570,-2.985663,0.000900,0.000000,nan,nan,nan,nan,nan,0.000000,0
1788899810.301060,24.170722,-2.665448,4.212681,-2.985663,-2.665588,4.213570,-2.985663,0.000900,0.000000,-2.665588,4.213570,-2.985663,0.000900,0.000000,-2.665588,4.213570,-2.985663,0.000900,0.000000,nan,nan,nan,nan,nan,0.000000,0
1788899810.351218,24.220880,-2.665448,4.212681,-2.985663,-2.665588,4.213570,-2.985663,0.000900,0.000000,-2.665588,4.213570,-2.985663,0.000900,0.000000,-2.665588,4.213570,-2.985663,0.000900,0.000000,nan,nan,nan,nan,nan,0.000000,0
1788899810.351218,24.220880,-2.665448,4.212681,-2.985663,-2.665588,4.213570,-2.985663,0.000900,0.000000,-2.665588,4.213570,-2.985663,0.000900,0.000000,-2.665588,4.213570,-2.985663,0.000900,0.000000,nan,nan,nan,nan,nan,0.000000,0
1788899810.401129,24.270791,-2.665448,4.212681,-2.985663,-2.665588,4.213570,-2.985663,0.000900,0.000000,-2.665588,4.213570,-2.985663,0.000900,0.000000,-2.665588,4.213570,-2.985663,0.000900,0.000000,nan,nan,nan,nan,nan,0.000000,0
1788899810.401129,24.270791,-2.665448,4.212681,-2.985663,-2.665588,4.213570,-2.985663,0.000900,0.000000,-2.665588,4.213570,-2.985663,0.000900,0.000000,-2.665588,4.213570,-2.985663,0.000900,0.000000,nan,nan,nan,nan,nan,0.000000,0
1788899810.451894,24.321556,-2.665448,4.212681,-2.985663,-2.665588,4.213570,-2.985663,0.000900,0.000000,-2.665588,4.213570,-2.985663,0.000900,0.000000,-2.665588,4.213570,-2.985663,0.000900,0.000000,nan,nan,nan,nan,nan,0.000000,0
1788899810.451894,24.321556,-2.665448,4.212681,-2.985663,-2.665588,4.213570,-2.985663,0.000900,0.000000,-2.665588,4.213570,-2.985663,0.000900,0.000000,-2.665588,4.213570,-2.985663,0.000900,0.000000,nan,nan,nan,nan,nan,0.000000,0
1788899810.502064,24.371725,-2.665448,4.212681,-2.985663,-2.665588,4.213570,-2.985663,0.000900,0.000000,-2.665588,4.213570,-2.985663,0.000900,0.000000,-2.665588,4.213570,-2.985663,0.000900,0.000000,nan,nan,nan,nan,nan,0.000000,0
1788899810.502064,24.371725,-2.665448,4.212681,-2.985663,-2.665588,4.213570,-2.985663,0.000900,0.000000,-2.665588,4.213570,-2.985663,0.000900,0.000000,-2.665588,4.213570,-2.985663,0.000900,0.000000,nan,nan,nan,nan,nan,0.000000,0
1788899810.551701,24.421363,-2.665448,4.212681,-2.985663,-2.665588,4.213570,-2.985663,0.000900,0.000000,-2.665588,4.213570,-2.985663,0.000900,0.000000,-2.665588,4.213570,-2.985663,0.000900,0.000000,nan,nan,nan,nan,nan,0.000000,0
1788899810.551701,24.421363,-2.665448,4.212681,-2.985663,-2.665588,4.213570,-2.985663,0.000900,0.000000,-2.665588,4.213570,-2.985663,0.000900,0.000000,-2.665588,4.213570,-2.985663,0.000900,0.000000,nan,nan,nan,nan,nan,0.000000,0
1788899810.601306,24.470968,-2.665448,4.212681,-2.985663,-2.665588,4.213570,-2.985663,0.000900,0.000000,-2.665588,4.213570,-2.985663,0.000900,0.000000,-2.665588,4.213570,-2.985663,0.000900,0.000000,nan,nan,nan,nan,nan,0.000000,0
1788899810.601306,24.470968,-2.665448,4.212681,-2.985663,-2.665588,4.213570,-2.985663,0.000900,0.000000,-2.665588,4.213570,-2.985663,0.000900,0.000000,-2.665588,4.213570,-2.985663,0.000900,0.000000,nan,nan,nan,nan,nan,0.000000,0
1788899810.651056,24.520718,-2.665448,4.212681,-2.985663,-2.665588,4.213570,-2.985663,0.000900,0.000000,-2.665588,4.213570,-2.985663,0.000900,0.000000,-2.665588,4.213570,-2.985663,0.000900,0.000000,nan,nan,nan,nan,nan,0.000000,0
1788899810.651056,24.520718,-2.665448,4.212681,-2.985663,-2.665588,4.213570,-2.985663,0.000900,0.000000,-2.665588,4.213570,-2.985663,0.000900,0.000000,-2.665588,4.213570,-2.985663,0.000900,0.000000,nan,nan,nan,nan,nan,0.000000,0
1788899810.701051,24.570713,-2.665448,4.212681,-2.985663,-2.665588,4.213570,-2.985663,0.000900,0.000000,-2.665588,4.213570,-2.985663,0.000900,0.000000,-2.665588,4.213570,-2.985663,0.000900,0.000000,nan,nan,nan,nan,nan,0.000000,0
1788899810.701051,24.570713,-2.665448,4.212681,-2.985663,-2.665588,4.213570,-2.985663,0.000900,0.000000,-2.665588,4.213570,-2.985663,0.000900,0.000000,-2.665588,4.213570,-2.985663,0.000900,0.000000,nan,nan,nan,nan,nan,0.000000,0
1788899810.751067,24.620729,-2.665448,4.212681,-2.985663,-2.665588,4.213570,-2.985663,0.000900,0.000000,-2.665588,4.213570,-2.985663,0.000900,0.000000,-2.665588,4.213570,-2.985663,0.000900,0.000000,nan,nan,nan,nan,nan,0.000000,0
1788899810.751067,24.620729,-2.665448,4.212681,-2.985663,-2.665588,4.213570,-2.985663,0.000900,0.000000,-2.665588,4.213570,-2.985663,0.000900,0.000000,-2.665588,4.213570,-2.985663,0.000900,0.000000,nan,nan,nan,nan,nan,0.000000,0
1788899810.804247,24.673909,-2.665448,4.212681,-2.985663,-2.665588,4.213570,-2.985663,0.000900,0.000000,-2.665588,4.213570,-2.985663,0.000900,0.000000,-2.665588,4.213570,-2.985663,0.000900,0.000000,nan,nan,nan,nan,nan,0.000000,0
1788899810.804247,24.673909,-2.665448,4.212681,-2.985663,-2.665588,4.213570,-2.985663,0.000900,0.000000,-2.665588,4.213570,-2.985663,0.000900,0.000000,-2.665588,4.213570,-2.985663,0.000900,0.000000,nan,nan,nan,nan,nan,0.000000,0
1788899810.852654,24.722316,-2.665448,4.212681,-2.985663,-2.665588,4.213570,-2.985663,0.000900,0.000000,-2.665588,4.213570,-2.985663,0.000900,0.000000,-2.665588,4.213570,-2.985663,0.000900,0.000000,nan,nan,nan,nan,nan,0.000000,0
1788899810.852654,24.722316,-2.665448,4.212681,-2.985663,-2.665588,4.213570,-2.985663,0.000900,0.000000,-2.665588,4.213570,-2.985663,0.000900,0.000000,-2.665588,4.213570,-2.985663,0.000900,0.000000,nan,nan,nan,nan,nan,0.000000,0
1788899810.913072,24.782733,-2.665448,4.212681,-2.985663,-2.665588,4.213570,-2.985663,0.000900,0.000000,-2.665588,4.213570,-2.985663,0.000900,0.000000,-2.665588,4.213570,-2.985663,0.000900,0.000000,nan,nan,nan,nan,nan,0.000000,0
1788899810.913072,24.782733,-2.665448,4.212681,-2.985663,-2.665588,4.213570,-2.985663,0.000900,0.000000,-2.665588,4.213570,-2.985663,0.000900,0.000000,-2.665588,4.213570,-2.985663,0.000900,0.000000,nan,nan,nan,nan,nan,0.000000,0
1788899810.976775,24.846437,-2.665448,4.212681,-2.985663,-2.665588,4.213570,-2.985663,0.000900,0.000000,-2.665588,4.213570,-2.985663,0.000900,0.000000,-2.665588,4.213570,-2.985663,0.000900,0.000000,nan,nan,nan,nan,nan,0.000000,0
1788899810.976775,24.846437,-2.665448,4.212681,-2.985663,-2.665588,4.213570,-2.985663,0.000900,0.000000,-2.665588,4.213570,-2.985663,0.000900,0.000000,-2.665588,4.213570,-2.985663,0.000900,0.000000,nan,nan,nan,nan,nan,0.000000,0
1788899811.027852,24.897514,-2.665448,4.212681,-2.985663,-2.665588,4.213570,-2.985663,0.000900,0.000000,-2.665588,4.213570,-2.985663,0.000900,0.000000,-2.665588,4.213570,-2.985663,0.000900,0.000000,nan,nan,nan,nan,nan,0.000000,0
1788899811.027852,24.897514,-2.665448,4.212681,-2.985663,-2.665588,4.213570,-2.985663,0.000900,0.000000,-2.665588,4.213570,-2.985663,0.000900,0.000000,-2.665588,4.213570,-2.985663,0.000900,0.000000,nan,nan,nan,nan,nan,0.000000,0
1788899811.085262,24.954924,-2.665448,4.212681,-2.985663,-2.665588,4.213570,-2.985663,0.000900,0.000000,-2.665588,4.213570,-2.985663,0.000900,0.000000,-2.665588,4.213570,-2.985663,0.000900,0.000000,nan,nan,nan,nan,nan,0.000000,0
1788899811.085262,24.954924,-2.665448,4.212681,-2.985663,-2.665588,4.213570,-2.985663,0.000900,0.000000,-2.665588,4.213570,-2.985663,0.000900,0.000000,-2.665588,4.213570,-2.985663,0.000900,0.000000,nan,nan,nan,nan,nan,0.000000,0
1788899811.151288,25.020950,-2.665448,4.212681,-2.985663,-2.665588,4.213570,-2.985663,0.000900,0.000000,-2.665588,4.213570,-2.985663,0.000900,0.000000,-2.665588,4.213570,-2.985663,0.000900,0.000000,nan,nan,nan,nan,nan,0.000000,0
1788899811.151288,25.020950,-2.665448,4.212681,-2.985663,-2.665588,4.213570,-2.985663,0.000900,0.000000,-2.665588,4.213570,-2.985663,0.000900,0.000000,-2.665588,4.213570,-2.985663,0.000900,0.000000,nan,nan,nan,nan,nan,0.000000,0
1788899811.201147,25.070809,-2.665448,4.212681,-2.985663,-2.665588,4.213570,-2.985663,0.000900,0.000000,-2.665588,4.213570,-2.985663,0.000900,0.000000,-2.665588,4.213570,-2.985663,0.000900,0.000000,nan,nan,nan,nan,nan,0.000000,0
1788899811.201147,25.070809,-2.665448,4.212681,-2.985663,-2.665588,4.213570,-2.985663,0.000900,0.000000,-2.665588,4.213570,-2.985663,0.000900,0.000000,-2.665588,4.213570,-2.985663,0.000900,0.000000,nan,nan,nan,nan,nan,0.000000,0
1788899811.251409,25.121070,-2.665448,4.212681,-2.985663,-2.665588,4.213570,-2.985663,0.000900,0.000000,-2.665588,4.213570,-2.985663,0.000900,0.000000,-2.665588,4.213570,-2.985663,0.000900,0.000000,nan,nan,nan,nan,nan,0.000000,0
1788899811.251409,25.121070,-2.665448,4.212681,-2.985663,-2.665588,4.213570,-2.985663,0.000900,0.000000,-2.665588,4.213570,-2.985663,0.000900,0.000000,-2.665588,4.213570,-2.985663,0.000900,0.000000,nan,nan,nan,nan,nan,0.000000,0
1788899811.302178,25.171840,-2.665448,4.212681,-2.985663,-2.665588,4.213570,-2.985663,0.000900,0.000000,-2.665588,4.213570,-2.985663,0.000900,0.000000,-2.665588,4.213570,-2.985663,0.000900,0.000000,nan,nan,nan,nan,nan,0.000000,0
1788899811.302178,25.171840,-2.665448,4.212681,-2.985663,-2.665588,4.213570,-2.985663,0.000900,0.000000,-2.665588,4.213570,-2.985663,0.000900,0.000000,-2.665588,4.213570,-2.985663,0.000900,0.000000,nan,nan,nan,nan,nan,0.000000,0
1788899811.351852,25.221514,-2.665448,4.212681,-2.985663,-2.665588,4.213570,-2.985663,0.000900,0.000000,-2.665588,4.213570,-2.985663,0.000900,0.000000,-2.665588,4.213570,-2.985663,0.000900,0.000000,nan,nan,nan,nan,nan,0.000000,0
1788899811.351852,25.221514,-2.665448,4.212681,-2.985663,-2.665588,4.213570,-2.985663,0.000900,0.000000,-2.665588,4.213570,-2.985663,0.000900,0.000000,-2.665588,4.213570,-2.985663,0.000900,0.000000,nan,nan,nan,nan,nan,0.000000,0
1788899811.401453,25.271114,-2.665448,4.212681,-2.985663,-2.665588,4.213570,-2.985663,0.000900,0.000000,-2.665588,4.213570,-2.985663,0.000900,0.000000,-2.665588,4.213570,-2.985663,0.000900,0.000000,nan,nan,nan,nan,nan,0.000000,0
1788899811.401453,25.271114,-2.665448,4.212681,-2.985663,-2.665588,4.213570,-2.985663,0.000900,0.000000,-2.665588,4.213570,-2.985663,0.000900,0.000000,-2.665588,4.213570,-2.985663,0.000900,0.000000,nan,nan,nan,nan,nan,0.000000,0
1788899811.451775,25.321437,-2.665448,4.212681,-2.985663,-2.665588,4.213570,-2.985663,0.000900,0.000000,-2.665588,4.213570,-2.985663,0.000900,0.000000,-2.665588,4.213570,-2.985663,0.000900,0.000000,nan,nan,nan,nan,nan,0.000000,0
1788899811.451775,25.321437,-2.665448,4.212681,-2.985663,-2.665588,4.213570,-2.985663,0.000900,0.000000,-2.665588,4.213570,-2.985663,0.000900,0.000000,-2.665588,4.213570,-2.985663,0.000900,0.000000,nan,nan,nan,nan,nan,0.000000,0
1788899811.501842,25.371504,-2.665448,4.212681,-2.985663,-2.665588,4.213570,-2.985663,0.000900,0.000000,-2.665588,4.213570,-2.985663,0.000900,0.000000,-2.665588,4.213570,-2.985663,0.000900,0.000000,nan,nan,nan,nan,nan,0.000000,0
1788899811.501842,25.371504,-2.665448,4.212681,-2.985663,-2.665588,4.213570,-2.985663,0.000900,0.000000,-2.665588,4.213570,-2.985663,0.000900,0.000000,-2.665588,4.213570,-2.985663,0.000900,0.000000,nan,nan,nan,nan,nan,0.000000,0
1788899811.551461,25.421123,-2.665448,4.212681,-2.985663,-2.665588,4.213570,-2.985663,0.000900,0.000000,-2.665588,4.213570,-2.985663,0.000900,0.000000,-2.665588,4.213570,-2.985663,0.000900,0.000000,nan,nan,nan,nan,nan,0.000000,0
1788899811.551461,25.421123,-2.665448,4.212681,-2.985663,-2.665588,4.213570,-2.985663,0.000900,0.000000,-2.665588,4.213570,-2.985663,0.000900,0.000000,-2.665588,4.213570,-2.985663,0.000900,0.000000,nan,nan,nan,nan,nan,0.000000,0
1788899811.601921,25.471583,-2.665448,4.212681,-2.985663,-2.665588,4.213570,-2.985663,0.000900,0.000000,-2.665588,4.213570,-2.985663,0.000900,0.000000,-2.665588,4.213570,-2.985663,0.000900,0.000000,nan,nan,nan,nan,nan,0.000000,0
1788899811.601921,25.471583,-2.665448,4.212681,-2.985663,-2.665588,4.213570,-2.985663,0.000900,0.000000,-2.665588,4.213570,-2.985663,0.000900,0.000000,-2.665588,4.213570,-2.985663,0.000900,0.000000,nan,nan,nan,nan,nan,0.000000,0
1788899811.651873,25.521535,-2.665433,4.212582,-2.985663,-2.665588,4.213570,-2.985663,0.001000,0.000000,-2.665588,4.213570,-2.985663,0.001000,0.000000,-2.665588,4.213570,-2.985663,0.001000,0.000000,nan,nan,nan,nan,nan,0.002002,0
1788899811.651873,25.521535,-2.665433,4.212582,-2.985663,-2.665588,4.213570,-2.985663,0.001000,0.000000,-2.665588,4.213570,-2.985663,0.001000,0.000000,-2.665588,4.213570,-2.985663,0.001000,0.000000,nan,nan,nan,nan,nan,0.002002,0
1788899811.701570,25.571231,-2.665433,4.212582,-2.985663,-2.665588,4.213570,-2.985663,0.001000,0.000000,-2.665588,4.213570,-2.985663,0.001000,0.000000,-2.665588,4.213570,-2.985663,0.001000,0.000000,nan,nan,nan,nan,nan,0.000000,0
1788899811.701570,25.571231,-2.665433,4.212582,-2.985663,-2.665588,4.213570,-2.985663,0.001000,0.000000,-2.665588,4.213570,-2.985663,0.001000,0.000000,-2.665588,4.213570,-2.985663,0.001000,0.000000,nan,nan,nan,nan,nan,0.000000,0
1788899811.751892,25.621554,-2.665433,4.212582,-2.985663,-2.665588,4.213570,-2.985663,0.001000,0.000000,-2.665588,4.213570,-2.985663,0.001000,0.000000,-2.665588,4.213570,-2.985663,0.001000,0.000000,nan,nan,nan,nan,nan,0.000000,0
1788899811.751892,25.621554,-2.665433,4.212582,-2.985663,-2.665588,4.213570,-2.985663,0.001000,0.000000,-2.665588,4.213570,-2.985663,0.001000,0.000000,-2.665588,4.213570,-2.985663,0.001000,0.000000,nan,nan,nan,nan,nan,0.000000,0
1788899811.801445,25.671107,-2.665433,4.212582,-2.985663,-2.665588,4.213570,-2.985663,0.001000,0.000000,-2.665588,4.213570,-2.985663,0.001000,0.000000,-2.665588,4.213570,-2.985663,0.001000,0.000000,nan,nan,nan,nan,nan,0.000000,0
1788899811.801445,25.671107,-2.665433,4.212582,-2.985663,-2.665588,4.213570,-2.985663,0.001000,0.000000,-2.665588,4.213570,-2.985663,0.001000,0.000000,-2.665588,4.213570,-2.985663,0.001000,0.000000,nan,nan,nan,nan,nan,0.000000,0
1788899811.851140,25.720801,-2.665433,4.212582,-2.985663,-2.665588,4.213570,-2.985663,0.001000,0.000000,-2.665588,4.213570,-2.985663,0.001000,0.000000,-2.665588,4.213570,-2.985663,0.001000,0.000000,nan,nan,nan,nan,nan,0.000000,0
1788899811.851140,25.720801,-2.665433,4.212582,-2.985663,-2.665588,4.213570,-2.985663,0.001000,0.000000,-2.665588,4.213570,-2.985663,0.001000,0.000000,-2.665588,4.213570,-2.985663,0.001000,0.000000,nan,nan,nan,nan,nan,0.000000,0
1788899811.901716,25.771378,-2.665433,4.212582,-2.985663,-2.665588,4.213570,-2.985663,0.001000,0.000000,-2.665588,4.213570,-2.985663,0.001000,0.000000,-2.665588,4.213570,-2.985663,0.001000,0.000000,nan,nan,nan,nan,nan,0.000000,0
1788899811.901716,25.771378,-2.665433,4.212582,-2.985663,-2.665588,4.213570,-2.985663,0.001000,0.000000,-2.665588,4.213570,-2.985663,0.001000,0.000000,-2.665588,4.213570,-2.985663,0.001000,0.000000,nan,nan,nan,nan,nan,0.000000,0
1788899811.951565,25.821226,-2.665433,4.212582,-2.985663,-2.665588,4.213570,-2.985663,0.001000,0.000000,-2.665588,4.213570,-2.985663,0.001000,0.000000,-2.665588,4.213570,-2.985663,0.001000,0.000000,nan,nan,nan,nan,nan,0.000000,0
1788899811.951565,25.821226,-2.665433,4.212582,-2.985663,-2.665588,4.213570,-2.985663,0.001000,0.000000,-2.665588,4.213570,-2.985663,0.001000,0.000000,-2.665588,4.213570,-2.985663,0.001000,0.000000,nan,nan,nan,nan,nan,0.000000,0
1788899812.002991,25.872653,-2.665433,4.212582,-2.985663,-2.665588,4.213570,-2.985663,0.001000,0.000000,-2.665588,4.213570,-2.985663,0.001000,0.000000,-2.665588,4.213570,-2.985663,0.001000,0.000000,nan,nan,nan,nan,nan,0.000000,0
1788899812.002991,25.872653,-2.665433,4.212582,-2.985663,-2.665588,4.213570,-2.985663,0.001000,0.000000,-2.665588,4.213570,-2.985663,0.001000,0.000000,-2.665588,4.213570,-2.985663,0.001000,0.000000,nan,nan,nan,nan,nan,0.000000,0
1788899812.051525,25.921187,-2.665433,4.212582,-2.985663,-2.665588,4.213570,-2.985663,0.001000,0.000000,-2.665588,4.213570,-2.985663,0.001000,0.000000,-2.665588,4.213570,-2.985663,0.001000,0.000000,nan,nan,nan,nan,nan,0.000000,0
1788899812.051525,25.921187,-2.665433,4.212582,-2.985663,-2.665588,4.213570,-2.985663,0.001000,0.000000,-2.665588,4.213570,-2.985663,0.001000,0.000000,-2.665588,4.213570,-2.985663,0.001000,0.000000,nan,nan,nan,nan,nan,0.000000,0
1788899812.101041,25.970703,-2.665433,4.212582,-2.985663,-2.665588,4.213570,-2.985663,0.001000,0.000000,-2.665588,4.213570,-2.985663,0.001000,0.000000,-2.665588,4.213570,-2.985663,0.001000,0.000000,nan,nan,nan,nan,nan,0.000000,0
1788899812.101041,25.970703,-2.665433,4.212582,-2.985663,-2.665588,4.213570,-2.985663,0.001000,0.000000,-2.665588,4.213570,-2.985663,0.001000,0.000000,-2.665588,4.213570,-2.985663,0.001000,0.000000,nan,nan,nan,nan,nan,0.000000,0
1788899812.151066,26.020728,-2.665433,4.212582,-2.985663,-2.665588,4.213570,-2.985663,0.001000,0.000000,-2.665588,4.213570,-2.985663,0.001000,0.000000,-2.665588,4.213570,-2.985663,0.001000,0.000000,nan,nan,nan,nan,nan,0.000000,0
1788899812.151066,26.020728,-2.665433,4.212582,-2.985663,-2.665588,4.213570,-2.985663,0.001000,0.000000,-2.665588,4.213570,-2.985663,0.001000,0.000000,-2.665588,4.213570,-2.985663,0.001000,0.000000,nan,nan,nan,nan,nan,0.000000,0
1788899812.200960,26.070622,-2.665433,4.212582,-2.985663,-2.665588,4.213570,-2.985663,0.001000,0.000000,-2.665588,4.213570,-2.985663,0.001000,0.000000,-2.665588,4.213570,-2.985663,0.001000,0.000000,nan,nan,nan,nan,nan,0.000000,0
1788899812.200960,26.070622,-2.665433,4.212582,-2.985663,-2.665588,4.213570,-2.985663,0.001000,0.000000,-2.665588,4.213570,-2.985663,0.001000,0.000000,-2.665588,4.213570,-2.985663,0.001000,0.000000,nan,nan,nan,nan,nan,0.000000,0
1788899812.251929,26.121591,-2.665433,4.212582,-2.985663,-2.665588,4.213570,-2.985663,0.001000,0.000000,-2.665588,4.213570,-2.985663,0.001000,0.000000,-2.665588,4.213570,-2.985663,0.001000,0.000000,nan,nan,nan,nan,nan,0.000000,0
1788899812.251929,26.121591,-2.665433,4.212582,-2.985663,-2.665588,4.213570,-2.985663,0.001000,0.000000,-2.665588,4.213570,-2.985663,0.001000,0.000000,-2.665588,4.213570,-2.985663,0.001000,0.000000,nan,nan,nan,nan,nan,0.000000,0
1788899812.301236,26.170898,-2.665433,4.212582,-2.985663,-2.665588,4.213570,-2.985663,0.001000,0.000000,-2.665588,4.213570,-2.985663,0.001000,0.000000,-2.665588,4.213570,-2.985663,0.001000,0.000000,nan,nan,nan,nan,nan,0.000000,0
1788899812.301236,26.170898,-2.665433,4.212582,-2.985663,-2.665588,4.213570,-2.985663,0.001000,0.000000,-2.665588,4.213570,-2.985663,0.001000,0.000000,-2.665588,4.213570,-2.985663,0.001000,0.000000,nan,nan,nan,nan,nan,0.000000,0
1788899812.351426,26.221088,-2.665433,4.212582,-2.985663,-2.665588,4.213570,-2.985663,0.001000,0.000000,-2.665588,4.213570,-2.985663,0.001000,0.000000,-2.665588,4.213570,-2.985663,0.001000,0.000000,nan,nan,nan,nan,nan,0.000000,0
1788899812.351426,26.221088,-2.665433,4.212582,-2.985663,-2.665588,4.213570,-2.985663,0.001000,0.000000,-2.665588,4.213570,-2.985663,0.001000,0.000000,-2.665588,4.213570,-2.985663,0.001000,0.000000,nan,nan,nan,nan,nan,0.000000,0
1788899812.401612,26.271273,-2.665433,4.212582,-2.985663,-2.665588,4.213570,-2.985663,0.001000,0.000000,-2.665588,4.213570,-2.985663,0.001000,0.000000,-2.665588,4.213570,-2.985663,0.001000,0.000000,nan,nan,nan,nan,nan,0.000000,0
1788899812.401612,26.271273,-2.665433,4.212582,-2.985663,-2.665588,4.213570,-2.985663,0.001000,0.000000,-2.665588,4.213570,-2.985663,0.001000,0.000000,-2.665588,4.213570,-2.985663,0.001000,0.000000,nan,nan,nan,nan,nan,0.000000,0
1788899812.452524,26.322186,-2.665433,4.212582,-2.985663,-2.665588,4.213570,-2.985663,0.001000,0.000000,-2.665588,4.213570,-2.985663,0.001000,0.000000,-2.665588,4.213570,-2.985663,0.001000,0.000000,nan,nan,nan,nan,nan,0.000000,0
1788899812.452524,26.322186,-2.665433,4.212582,-2.985663,-2.665588,4.213570,-2.985663,0.001000,0.000000,-2.665588,4.213570,-2.985663,0.001000,0.000000,-2.665588,4.213570,-2.985663,0.001000,0.000000,nan,nan,nan,nan,nan,0.000000,0
1788899812.503408,26.373070,-2.665433,4.212582,-2.985663,-2.665588,4.213570,-2.985663,0.001000,0.000000,-2.665588,4.213570,-2.985663,0.001000,0.000000,-2.665588,4.213570,-2.985663,0.001000,0.000000,nan,nan,nan,nan,nan,0.000000,0
1788899812.503408,26.373070,-2.665433,4.212582,-2.985663,-2.665588,4.213570,-2.985663,0.001000,0.000000,-2.665588,4.213570,-2.985663,0.001000,0.000000,-2.665588,4.213570,-2.985663,0.001000,0.000000,nan,nan,nan,nan,nan,0.000000,0
1788899812.553718,26.423380,-2.665433,4.212582,-2.985663,-2.665588,4.213570,-2.985663,0.001000,0.000000,-2.665588,4.213570,-2.985663,0.001000,0.000000,-2.665588,4.213570,-2.985663,0.001000,0.000000,nan,nan,nan,nan,nan,0.000000,0
1788899812.553718,26.423380,-2.665433,4.212582,-2.985663,-2.665588,4.213570,-2.985663,0.001000,0.000000,-2.665588,4.213570,-2.985663,0.001000,0.000000,-2.665588,4.213570,-2.985663,0.001000,0.000000,nan,nan,nan,nan,nan,0.000000,0
1788899812.604618,26.474280,-2.665433,4.212582,-2.985663,-2.665588,4.213570,-2.985663,0.001000,0.000000,-2.665588,4.213570,-2.985663,0.001000,0.000000,-2.665588,4.213570,-2.985663,0.001000,0.000000,nan,nan,nan,nan,nan,0.000000,0
1788899812.604618,26.474280,-2.665433,4.212582,-2.985663,-2.665588,4.213570,-2.985663,0.001000,0.000000,-2.665588,4.213570,-2.985663,0.001000,0.000000,-2.665588,4.213570,-2.985663,0.001000,0.000000,nan,nan,nan,nan,nan,0.000000,0
1788899812.655688,26.525350,-2.665433,4.212582,-2.985663,-2.665588,4.213570,-2.985663,0.001000,0.000000,-2.665588,4.213570,-2.985663,0.001000,0.000000,-2.665588,4.213570,-2.985663,0.001000,0.000000,nan,nan,nan,nan,nan,0.000000,0
1788899812.655688,26.525350,-2.665433,4.212582,-2.985663,-2.665588,4.213570,-2.985663,0.001000,0.000000,-2.665588,4.213570,-2.985663,0.001000,0.000000,-2.665588,4.213570,-2.985663,0.001000,0.000000,nan,nan,nan,nan,nan,0.000000,0
1788899812.705895,26.575557,-2.665433,4.212582,-2.985663,-2.665588,4.213570,-2.985663,0.001000,0.000000,-2.665588,4.213570,-2.985663,0.001000,0.000000,-2.665588,4.213570,-2.985663,0.001000,0.000000,nan,nan,nan,nan,nan,0.000000,0
1788899812.705895,26.575557,-2.665433,4.212582,-2.985663,-2.665588,4.213570,-2.985663,0.001000,0.000000,-2.665588,4.213570,-2.985663,0.001000,0.000000,-2.665588,4.213570,-2.985663,0.001000,0.000000,nan,nan,nan,nan,nan,0.000000,0
1788899812.776484,26.646146,-2.665433,4.212582,-2.985663,-2.665588,4.213570,-2.985663,0.001000,0.000000,-2.665588,4.213570,-2.985663,0.001000,0.000000,-2.665588,4.213570,-2.985663,0.001000,0.000000,nan,nan,nan,nan,nan,0.000000,0
1788899812.776484,26.646146,-2.665433,4.212582,-2.985663,-2.665588,4.213570,-2.985663,0.001000,0.000000,-2.665588,4.213570,-2.985663,0.001000,0.000000,-2.665588,4.213570,-2.985663,0.001000,0.000000,nan,nan,nan,nan,nan,0.000000,0
1788899812.826163,26.695825,-2.665433,4.212582,-2.985663,-2.665588,4.213570,-2.985663,0.001000,0.000000,-2.665588,4.213570,-2.985663,0.001000,0.000000,-2.665588,4.213570,-2.985663,0.001000,0.000000,nan,nan,nan,nan,nan,0.000000,0
1788899812.826163,26.695825,-2.665433,4.212582,-2.985663,-2.665588,4.213570,-2.985663,0.001000,0.000000,-2.665588,4.213570,-2.985663,0.001000,0.000000,-2.665588,4.213570,-2.985663,0.001000,0.000000,nan,nan,nan,nan,nan,0.000000,0
1788899812.876342,26.746004,-2.665433,4.212582,-2.985663,-2.665588,4.213570,-2.985663,0.001000,0.000000,-2.665588,4.213570,-2.985663,0.001000,0.000000,-2.665588,4.213570,-2.985663,0.001000,0.000000,nan,nan,nan,nan,nan,0.000000,0
1788899812.876342,26.746004,-2.665433,4.212582,-2.985663,-2.665588,4.213570,-2.985663,0.001000,0.000000,-2.665588,4.213570,-2.985663,0.001000,0.000000,-2.665588,4.213570,-2.985663,0.001000,0.000000,nan,nan,nan,nan,nan,0.000000,0
1788899812.927286,26.796948,-2.665433,4.212582,-2.985663,-2.665588,4.213570,-2.985663,0.001000,0.000000,-2.665588,4.213570,-2.985663,0.001000,0.000000,-2.665588,4.213570,-2.985663,0.001000,0.000000,nan,nan,nan,nan,nan,0.000000,0
1788899812.927286,26.796948,-2.665433,4.212582,-2.985663,-2.665588,4.213570,-2.985663,0.001000,0.000000,-2.665588,4.213570,-2.985663,0.001000,0.000000,-2.665588,4.213570,-2.985663,0.001000,0.000000,nan,nan,nan,nan,nan,0.000000,0
1788899812.977801,26.847463,-2.665433,4.212582,-2.985663,-2.665588,4.213570,-2.985663,0.001000,0.000000,-2.665588,4.213570,-2.985663,0.001000,0.000000,-2.665588,4.213570,-2.985663,0.001000,0.000000,nan,nan,nan,nan,nan,0.000000,0
1788899812.977801,26.847463,-2.665433,4.212582,-2.985663,-2.665588,4.213570,-2.985663,0.001000,0.000000,-2.665588,4.213570,-2.985663,0.001000,0.000000,-2.665588,4.213570,-2.985663,0.001000,0.000000,nan,nan,nan,nan,nan,0.000000,0
1788899813.029160,26.898822,-2.665433,4.212582,-2.985663,-2.665588,4.213570,-2.985663,0.001000,0.000000,-2.665588,4.213570,-2.985663,0.001000,0.000000,-2.665588,4.213570,-2.985663,0.001000,0.000000,nan,nan,nan,nan,nan,0.000000,0
1788899813.029160,26.898822,-2.665433,4.212582,-2.985663,-2.665588,4.213570,-2.985663,0.001000,0.000000,-2.665588,4.213570,-2.985663,0.001000,0.000000,-2.665588,4.213570,-2.985663,0.001000,0.000000,nan,nan,nan,nan,nan,0.000000,0
1788899813.080714,26.950376,-2.665433,4.212582,-2.985663,-2.665588,4.213570,-2.985663,0.001000,0.000000,-2.665588,4.213570,-2.985663,0.001000,0.000000,-2.665588,4.213570,-2.985663,0.001000,0.000000,nan,nan,nan,nan,nan,0.000000,0
1788899813.080714,26.950376,-2.665433,4.212582,-2.985663,-2.665588,4.213570,-2.985663,0.001000,0.000000,-2.665588,4.213570,-2.985663,0.001000,0.000000,-2.665588,4.213570,-2.985663,0.001000,0.000000,nan,nan,nan,nan,nan,0.000000,0
1788899813.130045,26.999707,-2.665433,4.212582,-2.985663,-2.665588,4.213570,-2.985663,0.001000,0.000000,-2.665588,4.213570,-2.985663,0.001000,0.000000,-2.665588,4.213570,-2.985663,0.001000,0.000000,nan,nan,nan,nan,nan,0.000000,0
1788899813.130045,26.999707,-2.665433,4.212582,-2.985663,-2.665588,4.213570,-2.985663,0.001000,0.000000,-2.665588,4.213570,-2.985663,0.001000,0.000000,-2.665588,4.213570,-2.985663,0.001000,0.000000,nan,nan,nan,nan,nan,0.000000,0
1788899813.179253,27.048915,-2.665433,4.212582,-2.985663,-2.665588,4.213570,-2.985663,0.001000,0.000000,-2.665588,4.213570,-2.985663,0.001000,0.000000,-2.665588,4.213570,-2.985663,0.001000,0.000000,nan,nan,nan,nan,nan,0.000000,0
1788899813.179253,27.048915,-2.665433,4.212582,-2.985663,-2.665588,4.213570,-2.985663,0.001000,0.000000,-2.665588,4.213570,-2.985663,0.001000,0.000000,-2.665588,4.213570,-2.985663,0.001000,0.000000,nan,nan,nan,nan,nan,0.000000,0
1788899813.229557,27.099219,-2.665433,4.212582,-2.985663,-2.665588,4.213570,-2.985663,0.001000,0.000000,-2.665588,4.213570,-2.985663,0.001000,0.000000,-2.665588,4.213570,-2.985663,0.001000,0.000000,nan,nan,nan,nan,nan,0.000000,0
1788899813.229557,27.099219,-2.665433,4.212582,-2.985663,-2.665588,4.213570,-2.985663,0.001000,0.000000,-2.665588,4.213570,-2.985663,0.001000,0.000000,-2.665588,4.213570,-2.985663,0.001000,0.000000,nan,nan,nan,nan,nan,0.000000,0
1788899813.280449,27.150111,-2.665433,4.212582,-2.985663,-2.665588,4.213570,-2.985663,0.001000,0.000000,-2.665588,4.213570,-2.985663,0.001000,0.000000,-2.665588,4.213570,-2.985663,0.001000,0.000000,nan,nan,nan,nan,nan,0.000000,0
1788899813.280449,27.150111,-2.665433,4.212582,-2.985663,-2.665588,4.213570,-2.985663,0.001000,0.000000,-2.665588,4.213570,-2.985663,0.001000,0.000000,-2.665588,4.213570,-2.985663,0.001000,0.000000,nan,nan,nan,nan,nan,0.000000,0
1788899813.330165,27.199827,-2.665433,4.212582,-2.985663,-2.665588,4.213570,-2.985663,0.001000,0.000000,-2.665588,4.213570,-2.985663,0.001000,0.000000,-2.665588,4.213570,-2.985663,0.001000,0.000000,nan,nan,nan,nan,nan,0.000000,0
1788899813.330165,27.199827,-2.665433,4.212582,-2.985663,-2.665588,4.213570,-2.985663,0.001000,0.000000,-2.665588,4.213570,-2.985663,0.001000,0.000000,-2.665588,4.213570,-2.985663,0.001000,0.000000,nan,nan,nan,nan,nan,0.000000,0
1788899813.378934,27.248596,-2.665433,4.212582,-2.985663,-2.665588,4.213570,-2.985663,0.001000,0.000000,-2.665588,4.213570,-2.985663,0.001000,0.000000,-2.665588,4.213570,-2.985663,0.001000,0.000000,nan,nan,nan,nan,nan,0.000000,0
1788899813.378934,27.248596,-2.665433,4.212582,-2.985663,-2.665588,4.213570,-2.985663,0.001000,0.000000,-2.665588,4.213570,-2.985663,0.001000,0.000000,-2.665588,4.213570,-2.985663,0.001000,0.000000,nan,nan,nan,nan,nan,0.000000,0
1788899813.429306,27.298968,-2.665433,4.212582,-2.985663,-2.665588,4.213570,-2.985663,0.001000,0.000000,-2.665588,4.213570,-2.985663,0.001000,0.000000,-2.665588,4.213570,-2.985663,0.001000,0.000000,nan,nan,nan,nan,nan,0.000000,0
1788899813.429306,27.298968,-2.665433,4.212582,-2.985663,-2.665588,4.213570,-2.985663,0.001000,0.000000,-2.665588,4.213570,-2.985663,0.001000,0.000000,-2.665588,4.213570,-2.985663,0.001000,0.000000,nan,nan,nan,nan,nan,0.000000,0
1788899813.479646,27.349308,-2.665433,4.212582,-2.985663,-2.665588,4.213570,-2.985663,0.001000,0.000000,-2.665588,4.213570,-2.985663,0.001000,0.000000,-2.665588,4.213570,-2.985663,0.001000,0.000000,nan,nan,nan,nan,nan,0.000000,0
1788899813.479646,27.349308,-2.665433,4.212582,-2.985663,-2.665588,4.213570,-2.985663,0.001000,0.000000,-2.665588,4.213570,-2.985663,0.001000,0.000000,-2.665588,4.213570,-2.985663,0.001000,0.000000,nan,nan,nan,nan,nan,0.000000,0
1788899813.529247,27.398909,-2.665433,4.212582,-2.985663,-2.665588,4.213570,-2.985663,0.001000,0.000000,-2.665588,4.213570,-2.985663,0.001000,0.000000,-2.665588,4.213570,-2.985663,0.001000,0.000000,nan,nan,nan,nan,nan,0.000000,0
1788899813.529247,27.398909,-2.665433,4.212582,-2.985663,-2.665588,4.213570,-2.985663,0.001000,0.000000,-2.665588,4.213570,-2.985663,0.001000,0.000000,-2.665588,4.213570,-2.985663,0.001000,0.000000,nan,nan,nan,nan,nan,0.000000,0
1788899813.577721,27.447383,-2.665433,4.212582,-2.985663,-2.665588,4.213570,-2.985663,0.001000,0.000000,-2.665588,4.213570,-2.985663,0.001000,0.000000,-2.665588,4.213570,-2.985663,0.001000,0.000000,nan,nan,nan,nan,nan,0.000000,0
1788899813.577721,27.447383,-2.665433,4.212582,-2.985663,-2.665588,4.213570,-2.985663,0.001000,0.000000,-2.665588,4.213570,-2.985663,0.001000,0.000000,-2.665588,4.213570,-2.985663,0.001000,0.000000,nan,nan,nan,nan,nan,0.000000,0
1788899813.626946,27.496608,-2.665433,4.212582,-2.985663,-2.665588,4.213570,-2.985663,0.001000,0.000000,-2.665588,4.213570,-2.985663,0.001000,0.000000,-2.665588,4.213570,-2.985663,0.001000,0.000000,nan,nan,nan,nan,nan,0.000000,0
1788899813.626946,27.496608,-2.665433,4.212582,-2.985663,-2.665588,4.213570,-2.985663,0.001000,0.000000,-2.665588,4.213570,-2.985663,0.001000,0.000000,-2.665588,4.213570,-2.985663,0.001000,0.000000,nan,nan,nan,nan,nan,0.000000,0
1788899813.676586,27.546248,-2.665433,4.212582,-2.985663,-2.665588,4.213570,-2.985663,0.001000,0.000000,-2.665588,4.213570,-2.985663,0.001000,0.000000,-2.665588,4.213570,-2.985663,0.001000,0.000000,nan,nan,nan,nan,nan,0.000000,0
1788899813.676586,27.546248,-2.665433,4.212582,-2.985663,-2.665588,4.213570,-2.985663,0.001000,0.000000,-2.665588,4.213570,-2.985663,0.001000,0.000000,-2.665588,4.213570,-2.985663,0.001000,0.000000,nan,nan,nan,nan,nan,0.000000,0
1788899813.726710,27.596372,-2.665433,4.212582,-2.985663,-2.665588,4.213570,-2.985663,0.001000,0.000000,-2.665588,4.213570,-2.985663,0.001000,0.000000,-2.665588,4.213570,-2.985663,0.001000,0.000000,nan,nan,nan,nan,nan,0.000000,0
1788899813.726710,27.596372,-2.665433,4.212582,-2.985663,-2.665588,4.213570,-2.985663,0.001000,0.000000,-2.665588,4.213570,-2.985663,0.001000,0.000000,-2.665588,4.213570,-2.985663,0.001000,0.000000,nan,nan,nan,nan,nan,0.000000,0
1788899813.776681,27.646343,-2.665433,4.212582,-2.985663,-2.665588,4.213570,-2.985663,0.001000,0.000000,-2.665588,4.213570,-2.985663,0.001000,0.000000,-2.665588,4.213570,-2.985663,0.001000,0.000000,nan,nan,nan,nan,nan,0.000000,0
1788899813.776681,27.646343,-2.665433,4.212582,-2.985663,-2.665588,4.213570,-2.985663,0.001000,0.000000,-2.665588,4.213570,-2.985663,0.001000,0.000000,-2.665588,4.213570,-2.985663,0.001000,0.000000,nan,nan,nan,nan,nan,0.000000,0
1788899813.826692,27.696354,-2.665433,4.212582,-2.985663,-2.665588,4.213570,-2.985663,0.001000,0.000000,-2.665588,4.213570,-2.985663,0.001000,0.000000,-2.665588,4.213570,-2.985663,0.001000,0.000000,nan,nan,nan,nan,nan,0.000000,0
1788899813.826692,27.696354,-2.665433,4.212582,-2.985663,-2.665588,4.213570,-2.985663,0.001000,0.000000,-2.665588,4.213570,-2.985663,0.001000,0.000000,-2.665588,4.213570,-2.985663,0.001000,0.000000,nan,nan,nan,nan,nan,0.000000,0
1788899813.876565,27.746227,-2.665433,4.212582,-2.985663,-2.665588,4.213570,-2.985663,0.001000,0.000000,-2.665588,4.213570,-2.985663,0.001000,0.000000,-2.665588,4.213570,-2.985663,0.001000,0.000000,nan,nan,nan,nan,nan,0.000000,0
1788899813.876565,27.746227,-2.665433,4.212582,-2.985663,-2.665588,4.213570,-2.985663,0.001000,0.000000,-2.665588,4.213570,-2.985663,0.001000,0.000000,-2.665588,4.213570,-2.985663,0.001000,0.000000,nan,nan,nan,nan,nan,0.000000,0
1788899813.926452,27.796114,-2.665433,4.212582,-2.985663,-2.665588,4.213570,-2.985663,0.001000,0.000000,-2.665588,4.213570,-2.985663,0.001000,0.000000,-2.665588,4.213570,-2.985663,0.001000,0.000000,nan,nan,nan,nan,nan,0.000000,0
1788899813.926452,27.796114,-2.665433,4.212582,-2.985663,-2.665588,4.213570,-2.985663,0.001000,0.000000,-2.665588,4.213570,-2.985663,0.001000,0.000000,-2.665588,4.213570,-2.985663,0.001000,0.000000,nan,nan,nan,nan,nan,0.000000,0
1788899813.976574,27.846236,-2.665433,4.212582,-2.985663,-2.665588,4.213570,-2.985663,0.001000,0.000000,-2.665588,4.213570,-2.985663,0.001000,0.000000,-2.665588,4.213570,-2.985663,0.001000,0.000000,nan,nan,nan,nan,nan,0.000000,0
1788899813.976574,27.846236,-2.665433,4.212582,-2.985663,-2.665588,4.213570,-2.985663,0.001000,0.000000,-2.665588,4.213570,-2.985663,0.001000,0.000000,-2.665588,4.213570,-2.985663,0.001000,0.000000,nan,nan,nan,nan,nan,0.000000,0
1788899814.026818,27.896480,-2.665417,4.212483,-2.985663,-2.665588,4.213570,-2.985663,0.001100,0.000000,-2.665588,4.213570,-2.985663,0.001100,0.000000,-2.665588,4.213570,-2.985663,0.001100,0.000000,nan,nan,nan,nan,nan,0.001990,0
1788899814.026818,27.896480,-2.665417,4.212483,-2.985663,-2.665588,4.213570,-2.985663,0.001100,0.000000,-2.665588,4.213570,-2.985663,0.001100,0.000000,-2.665588,4.213570,-2.985663,0.001100,0.000000,nan,nan,nan,nan,nan,0.001990,0
1788899814.076401,27.946063,-2.665417,4.212483,-2.985663,-2.665588,4.213570,-2.985663,0.001100,0.000000,-2.665588,4.213570,-2.985663,0.001100,0.000000,-2.665588,4.213570,-2.985663,0.001100,0.000000,nan,nan,nan,nan,nan,0.000000,0
1788899814.076401,27.946063,-2.665417,4.212483,-2.985663,-2.665588,4.213570,-2.985663,0.001100,0.000000,-2.665588,4.213570,-2.985663,0.001100,0.000000,-2.665588,4.213570,-2.985663,0.001100,0.000000,nan,nan,nan,nan,nan,0.000000,0
1788899814.126324,27.995986,-2.665417,4.212483,-2.985663,-2.665588,4.213570,-2.985663,0.001100,0.000000,-2.665588,4.213570,-2.985663,0.001100,0.000000,-2.665588,4.213570,-2.985663,0.001100,0.000000,nan,nan,nan,nan,nan,0.000000,0
1788899814.126324,27.995986,-2.665417,4.212483,-2.985663,-2.665588,4.213570,-2.985663,0.001100,0.000000,-2.665588,4.213570,-2.985663,0.001100,0.000000,-2.665588,4.213570,-2.985663,0.001100,0.000000,nan,nan,nan,nan,nan,0.000000,0
1788899814.176382,28.046044,-2.665417,4.212483,-2.985663,-2.665588,4.213570,-2.985663,0.001100,0.000000,-2.665588,4.213570,-2.985663,0.001100,0.000000,-2.665588,4.213570,-2.985663,0.001100,0.000000,nan,nan,nan,nan,nan,0.000000,0
1788899814.176382,28.046044,-2.665417,4.212483,-2.985663,-2.665588,4.213570,-2.985663,0.001100,0.000000,-2.665588,4.213570,-2.985663,0.001100,0.000000,-2.665588,4.213570,-2.985663,0.001100,0.000000,nan,nan,nan,nan,nan,0.000000,0
1788899814.226556,28.096218,-2.665417,4.212483,-2.985663,-2.665588,4.213570,-2.985663,0.001100,0.000000,-2.665588,4.213570,-2.985663,0.001100,0.000000,-2.665588,4.213570,-2.985663,0.001100,0.000000,nan,nan,nan,nan,nan,0.000000,0
1788899814.226556,28.096218,-2.665417,4.212483,-2.985663,-2.665588,4.213570,-2.985663,0.001100,0.000000,-2.665588,4.213570,-2.985663,0.001100,0.000000,-2.665588,4.213570,-2.985663,0.001100,0.000000,nan,nan,nan,nan,nan,0.000000,0
1788899814.276091,28.145753,-2.665417,4.212483,-2.985663,-2.665588,4.213570,-2.985663,0.001100,0.000000,-2.665588,4.213570,-2.985663,0.001100,0.000000,-2.665588,4.213570,-2.985663,0.001100,0.000000,nan,nan,nan,nan,nan,0.000000,0
1788899814.276091,28.145753,-2.665417,4.212483,-2.985663,-2.665588,4.213570,-2.985663,0.001100,0.000000,-2.665588,4.213570,-2.985663,0.001100,0.000000,-2.665588,4.213570,-2.985663,0.001100,0.000000,nan,nan,nan,nan,nan,0.000000,0
1788899814.326986,28.196648,-2.665417,4.212483,-2.985663,-2.665588,4.213570,-2.985663,0.001100,0.000000,-2.665588,4.213570,-2.985663,0.001100,0.000000,-2.665588,4.213570,-2.985663,0.001100,0.000000,nan,nan,nan,nan,nan,0.000000,0
1788899814.326986,28.196648,-2.665417,4.212483,-2.985663,-2.665588,4.213570,-2.985663,0.001100,0.000000,-2.665588,4.213570,-2.985663,0.001100,0.000000,-2.665588,4.213570,-2.985663,0.001100,0.000000,nan,nan,nan,nan,nan,0.000000,0
1788899814.376803,28.246464,-2.665417,4.212483,-2.985663,-2.665588,4.213570,-2.985663,0.001100,0.000000,-2.665588,4.213570,-2.985663,0.001100,0.000000,-2.665588,4.213570,-2.985663,0.001100,0.000000,nan,nan,nan,nan,nan,0.000000,0
1788899814.376803,28.246464,-2.665417,4.212483,-2.985663,-2.665588,4.213570,-2.985663,0.001100,0.000000,-2.665588,4.213570,-2.985663,0.001100,0.000000,-2.665588,4.213570,-2.985663,0.001100,0.000000,nan,nan,nan,nan,nan,0.000000,0
1788899814.426041,28.295703,-2.665417,4.212483,-2.985663,-2.665588,4.213570,-2.985663,0.001100,0.000000,-2.665588,4.213570,-2.985663,0.001100,0.000000,-2.665588,4.213570,-2.985663,0.001100,0.000000,nan,nan,nan,nan,nan,0.000000,0
1788899814.426041,28.295703,-2.665417,4.212483,-2.985663,-2.665588,4.213570,-2.985663,0.001100,0.000000,-2.665588,4.213570,-2.985663,0.001100,0.000000,-2.665588,4.213570,-2.985663,0.001100,0.000000,nan,nan,nan,nan,nan,0.000000,0
1788899814.475996,28.345658,-2.665417,4.212483,-2.985663,-2.665588,4.213570,-2.985663,0.001100,0.000000,-2.665588,4.213570,-2.985663,0.001100,0.000000,-2.665588,4.213570,-2.985663,0.001100,0.000000,nan,nan,nan,nan,nan,0.000000,0
1788899814.475996,28.345658,-2.665417,4.212483,-2.985663,-2.665588,4.213570,-2.985663,0.001100,0.000000,-2.665588,4.213570,-2.985663,0.001100,0.000000,-2.665588,4.213570,-2.985663,0.001100,0.000000,nan,nan,nan,nan,nan,0.000000,0
1788899814.526575,28.396236,-2.665417,4.212483,-2.985663,-2.665588,4.213570,-2.985663,0.001100,0.000000,-2.665588,4.213570,-2.985663,0.001100,0.000000,-2.665588,4.213570,-2.985663,0.001100,0.000000,nan,nan,nan,nan,nan,0.000000,0
1788899814.526575,28.396236,-2.665417,4.212483,-2.985663,-2.665588,4.213570,-2.985663,0.001100,0.000000,-2.665588,4.213570,-2.985663,0.001100,0.000000,-2.665588,4.213570,-2.985663,0.001100,0.000000,nan,nan,nan,nan,nan,0.000000,0
1788899814.576033,28.445695,-2.665417,4.212483,-2.985663,-2.665588,4.213570,-2.985663,0.001100,0.000000,-2.665588,4.213570,-2.985663,0.001100,0.000000,-2.665588,4.213570,-2.985663,0.001100,0.000000,nan,nan,nan,nan,nan,0.000000,0
1788899814.576033,28.445695,-2.665417,4.212483,-2.985663,-2.665588,4.213570,-2.985663,0.001100,0.000000,-2.665588,4.213570,-2.985663,0.001100,0.000000,-2.665588,4.213570,-2.985663,0.001100,0.000000,nan,nan,nan,nan,nan,0.000000,0
1788899814.626803,28.496464,-2.665417,4.212483,-2.985663,-2.665588,4.213570,-2.985663,0.001100,0.000000,-2.665588,4.213570,-2.985663,0.001100,0.000000,-2.665588,4.213570,-2.985663,0.001100,0.000000,nan,nan,nan,nan,nan,0.000000,0
1788899814.626803,28.496464,-2.665417,4.212483,-2.985663,-2.665588,4.213570,-2.985663,0.001100,0.000000,-2.665588,4.213570,-2.985663,0.001100,0.000000,-2.665588,4.213570,-2.985663,0.001100,0.000000,nan,nan,nan,nan,nan,0.000000,0
1788899814.677914,28.547576,-2.665417,4.212483,-2.985663,-2.665588,4.213570,-2.985663,0.001100,0.000000,-2.665588,4.213570,-2.985663,0.001100,0.000000,-2.665588,4.213570,-2.985663,0.001100,0.000000,nan,nan,nan,nan,nan,0.000000,0
1788899814.677914,28.547576,-2.665417,4.212483,-2.985663,-2.665588,4.213570,-2.985663,0.001100,0.000000,-2.665588,4.213570,-2.985663,0.001100,0.000000,-2.665588,4.213570,-2.985663,0.001100,0.000000,nan,nan,nan,nan,nan,0.000000,0
1788899814.726435,28.596097,-2.665417,4.212483,-2.985663,-2.665588,4.213570,-2.985663,0.001100,0.000000,-2.665588,4.213570,-2.985663,0.001100,0.000000,-2.665588,4.213570,-2.985663,0.001100,0.000000,nan,nan,nan,nan,nan,0.000000,0
1788899814.726435,28.596097,-2.665417,4.212483,-2.985663,-2.665588,4.213570,-2.985663,0.001100,0.000000,-2.665588,4.213570,-2.985663,0.001100,0.000000,-2.665588,4.213570,-2.985663,0.001100,0.000000,nan,nan,nan,nan,nan,0.000000,0
1788899814.775981,28.645643,-2.665417,4.212483,-2.985663,-2.665588,4.213570,-2.985663,0.001100,0.000000,-2.665588,4.213570,-2.985663,0.001100,0.000000,-2.665588,4.213570,-2.985663,0.001100,0.000000,nan,nan,nan,nan,nan,0.000000,0
1788899814.775981,28.645643,-2.665417,4.212483,-2.985663,-2.665588,4.213570,-2.985663,0.001100,0.000000,-2.665588,4.213570,-2.985663,0.001100,0.000000,-2.665588,4.213570,-2.985663,0.001100,0.000000,nan,nan,nan,nan,nan,0.000000,0
1788899814.826569,28.696231,-2.665417,4.212483,-2.985663,-2.665588,4.213570,-2.985663,0.001100,0.000000,-2.665588,4.213570,-2.985663,0.001100,0.000000,-2.665588,4.213570,-2.985663,0.001100,0.000000,nan,nan,nan,nan,nan,0.000000,0
1788899814.826569,28.696231,-2.665417,4.212483,-2.985663,-2.665588,4.213570,-2.985663,0.001100,0.000000,-2.665588,4.213570,-2.985663,0.001100,0.000000,-2.665588,4.213570,-2.985663,0.001100,0.000000,nan,nan,nan,nan,nan,0.000000,0
1788899814.876300,28.745962,-2.665417,4.212483,-2.985663,-2.665588,4.213570,-2.985663,0.001100,0.000000,-2.665588,4.213570,-2.985663,0.001100,0.000000,-2.665588,4.213570,-2.985663,0.001100,0.000000,nan,nan,nan,nan,nan,0.000000,0
1788899814.876300,28.745962,-2.665417,4.212483,-2.985663,-2.665588,4.213570,-2.985663,0.001100,0.000000,-2.665588,4.213570,-2.985663,0.001100,0.000000,-2.665588,4.213570,-2.985663,0.001100,0.000000,nan,nan,nan,nan,nan,0.000000,0
1788899814.926586,28.796248,-2.665417,4.212483,-2.985663,-2.665588,4.213570,-2.985663,0.001100,0.000000,-2.665588,4.213570,-2.985663,0.001100,0.000000,-2.665588,4.213570,-2.985663,0.001100,0.000000,nan,nan,nan,nan,nan,0.000000,0
1788899814.926586,28.796248,-2.665417,4.212483,-2.985663,-2.665588,4.213570,-2.985663,0.001100,0.000000,-2.665588,4.213570,-2.985663,0.001100,0.000000,-2.665588,4.213570,-2.985663,0.001100,0.000000,nan,nan,nan,nan,nan,0.000000,0
1788899814.976403,28.846065,-2.665417,4.212483,-2.985663,-2.665588,4.213570,-2.985663,0.001100,0.000000,-2.665588,4.213570,-2.985663,0.001100,0.000000,-2.665588,4.213570,-2.985663,0.001100,0.000000,nan,nan,nan,nan,nan,0.000000,0
1788899814.976403,28.846065,-2.665417,4.212483,-2.985663,-2.665588,4.213570,-2.985663,0.001100,0.000000,-2.665588,4.213570,-2.985663,0.001100,0.000000,-2.665588,4.213570,-2.985663,0.001100,0.000000,nan,nan,nan,nan,nan,0.000000,0
1788899815.026581,28.896242,-2.665417,4.212483,-2.985663,-2.665588,4.213570,-2.985663,0.001100,0.000000,-2.665588,4.213570,-2.985663,0.001100,0.000000,-2.665588,4.213570,-2.985663,0.001100,0.000000,nan,nan,nan,nan,nan,0.000000,0
1788899815.026581,28.896242,-2.665417,4.212483,-2.985663,-2.665588,4.213570,-2.985663,0.001100,0.000000,-2.665588,4.213570,-2.985663,0.001100,0.000000,-2.665588,4.213570,-2.985663,0.001100,0.000000,nan,nan,nan,nan,nan,0.000000,0
1788899815.077584,28.947246,-2.665417,4.212483,-2.985663,-2.665588,4.213570,-2.985663,0.001100,0.000000,-2.665588,4.213570,-2.985663,0.001100,0.000000,-2.665588,4.213570,-2.985663,0.001100,0.000000,nan,nan,nan,nan,nan,0.000000,0
1788899815.077584,28.947246,-2.665417,4.212483,-2.985663,-2.665588,4.213570,-2.985663,0.001100,0.000000,-2.665588,4.213570,-2.985663,0.001100,0.000000,-2.665588,4.213570,-2.985663,0.001100,0.000000,nan,nan,nan,nan,nan,0.000000,0
1788899815.126913,28.996575,-2.665417,4.212483,-2.985663,-2.665588,4.213570,-2.985663,0.001100,0.000000,-2.665588,4.213570,-2.985663,0.001100,0.000000,-2.665588,4.213570,-2.985663,0.001100,0.000000,nan,nan,nan,nan,nan,0.000000,0
1788899815.126913,28.996575,-2.665417,4.212483,-2.985663,-2.665588,4.213570,-2.985663,0.001100,0.000000,-2.665588,4.213570,-2.985663,0.001100,0.000000,-2.665588,4.213570,-2.985663,0.001100,0.000000,nan,nan,nan,nan,nan,0.000000,0
1788899815.176850,29.046512,-2.665417,4.212483,-2.985663,-2.665588,4.213570,-2.985663,0.001100,0.000000,-2.665588,4.213570,-2.985663,0.001100,0.000000,-2.665588,4.213570,-2.985663,0.001100,0.000000,nan,nan,nan,nan,nan,0.000000,0
1788899815.176850,29.046512,-2.665417,4.212483,-2.985663,-2.665588,4.213570,-2.985663,0.001100,0.000000,-2.665588,4.213570,-2.985663,0.001100,0.000000,-2.665588,4.213570,-2.985663,0.001100,0.000000,nan,nan,nan,nan,nan,0.000000,0
1788899815.226494,29.096156,-2.665417,4.212483,-2.985663,-2.665588,4.213570,-2.985663,0.001100,0.000000,-2.665588,4.213570,-2.985663,0.001100,0.000000,-2.665588,4.213570,-2.985663,0.001100,0.000000,nan,nan,nan,nan,nan,0.000000,0
1788899815.226494,29.096156,-2.665417,4.212483,-2.985663,-2.665588,4.213570,-2.985663,0.001100,0.000000,-2.665588,4.213570,-2.985663,0.001100,0.000000,-2.665588,4.213570,-2.985663,0.001100,0.000000,nan,nan,nan,nan,nan,0.000000,0
1788899815.276723,29.146384,-2.665417,4.212483,-2.985663,-2.665588,4.213570,-2.985663,0.001100,0.000000,-2.665588,4.213570,-2.985663,0.001100,0.000000,-2.665588,4.213570,-2.985663,0.001100,0.000000,nan,nan,nan,nan,nan,0.000000,0
1788899815.276723,29.146384,-2.665417,4.212483,-2.985663,-2.665588,4.213570,-2.985663,0.001100,0.000000,-2.665588,4.213570,-2.985663,0.001100,0.000000,-2.665588,4.213570,-2.985663,0.001100,0.000000,nan,nan,nan,nan,nan,0.000000,0
1788899815.326863,29.196524,-2.665417,4.212483,-2.985663,-2.665588,4.213570,-2.985663,0.001100,0.000000,-2.665588,4.213570,-2.985663,0.001100,0.000000,-2.665588,4.213570,-2.985663,0.001100,0.000000,nan,nan,nan,nan,nan,0.000000,0
1788899815.326863,29.196524,-2.665417,4.212483,-2.985663,-2.665588,4.213570,-2.985663,0.001100,0.000000,-2.665588,4.213570,-2.985663,0.001100,0.000000,-2.665588,4.213570,-2.985663,0.001100,0.000000,nan,nan,nan,nan,nan,0.000000,0
1788899815.376737,29.246399,-2.665417,4.212483,-2.985663,-2.665588,4.213570,-2.985663,0.001100,0.000000,-2.665588,4.213570,-2.985663,0.001100,0.000000,-2.665588,4.213570,-2.985663,0.001100,0.000000,nan,nan,nan,nan,nan,0.000000,0
1788899815.376737,29.246399,-2.665417,4.212483,-2.985663,-2.665588,4.213570,-2.985663,0.001100,0.000000,-2.665588,4.213570,-2.985663,0.001100,0.000000,-2.665588,4.213570,-2.985663,0.001100,0.000000,nan,nan,nan,nan,nan,0.000000,0
1788899815.426586,29.296247,-2.665417,4.212483,-2.985663,-2.665588,4.213570,-2.985663,0.001100,0.000000,-2.665588,4.213570,-2.985663,0.001100,0.000000,-2.665588,4.213570,-2.985663,0.001100,0.000000,nan,nan,nan,nan,nan,0.000000,0
1788899815.426586,29.296247,-2.665417,4.212483,-2.985663,-2.665588,4.213570,-2.985663,0.001100,0.000000,-2.665588,4.213570,-2.985663,0.001100,0.000000,-2.665588,4.213570,-2.985663,0.001100,0.000000,nan,nan,nan,nan,nan,0.000000,0
1788899815.475906,29.345568,-2.665417,4.212483,-2.985663,-2.665588,4.213570,-2.985663,0.001100,0.000000,-2.665588,4.213570,-2.985663,0.001100,0.000000,-2.665588,4.213570,-2.985663,0.001100,0.000000,nan,nan,nan,nan,nan,0.000000,0
1788899815.475906,29.345568,-2.665417,4.212483,-2.985663,-2.665588,4.213570,-2.985663,0.001100,0.000000,-2.665588,4.213570,-2.985663,0.001100,0.000000,-2.665588,4.213570,-2.985663,0.001100,0.000000,nan,nan,nan,nan,nan,0.000000,0
1788899815.526513,29.396174,-2.665417,4.212483,-2.985663,-2.665588,4.213570,-2.985663,0.001100,0.000000,-2.665588,4.213570,-2.985663,0.001100,0.000000,-2.665588,4.213570,-2.985663,0.001100,0.000000,nan,nan,nan,nan,nan,0.000000,0
1788899815.526513,29.396174,-2.665417,4.212483,-2.985663,-2.665588,4.213570,-2.985663,0.001100,0.000000,-2.665588,4.213570,-2.985663,0.001100,0.000000,-2.665588,4.213570,-2.985663,0.001100,0.000000,nan,nan,nan,nan,nan,0.000000,0
1788899815.576017,29.445678,-2.665417,4.212483,-2.985663,-2.665588,4.213570,-2.985663,0.001100,0.000000,-2.665588,4.213570,-2.985663,0.001100,0.000000,-2.665588,4.213570,-2.985663,0.001100,0.000000,nan,nan,nan,nan,nan,0.000000,0
1788899815.576017,29.445678,-2.665417,4.212483,-2.985663,-2.665588,4.213570,-2.985663,0.001100,0.000000,-2.665588,4.213570,-2.985663,0.001100,0.000000,-2.665588,4.213570,-2.985663,0.001100,0.000000,nan,nan,nan,nan,nan,0.000000,0
1788899815.626129,29.495791,-2.665417,4.212483,-2.985663,-2.665588,4.213570,-2.985663,0.001100,0.000000,-2.665588,4.213570,-2.985663,0.001100,0.000000,-2.665588,4.213570,-2.985663,0.001100,0.000000,nan,nan,nan,nan,nan,0.000000,0
1788899815.626129,29.495791,-2.665417,4.212483,-2.985663,-2.665588,4.213570,-2.985663,0.001100,0.000000,-2.665588,4.213570,-2.985663,0.001100,0.000000,-2.665588,4.213570,-2.985663,0.001100,0.000000,nan,nan,nan,nan,nan,0.000000,0
1788899815.676764,29.546426,-2.665417,4.212483,-2.985663,-2.665588,4.213570,-2.985663,0.001100,0.000000,-2.665588,4.213570,-2.985663,0.001100,0.000000,-2.665588,4.213570,-2.985663,0.001100,0.000000,nan,nan,nan,nan,nan,0.000000,0
1788899815.676764,29.546426,-2.665417,4.212483,-2.985663,-2.665588,4.213570,-2.985663,0.001100,0.000000,-2.665588,4.213570,-2.985663,0.001100,0.000000,-2.665588,4.213570,-2.985663,0.001100,0.000000,nan,nan,nan,nan,nan,0.000000,0
1788899815.726128,29.595790,-2.665417,4.212483,-2.985663,-2.665588,4.213570,-2.985663,0.001100,0.000000,-2.665588,4.213570,-2.985663,0.001100,0.000000,-2.665588,4.213570,-2.985663,0.001100,0.000000,nan,nan,nan,nan,nan,0.000000,0
1788899815.726128,29.595790,-2.665417,4.212483,-2.985663,-2.665588,4.213570,-2.985663,0.001100,0.000000,-2.665588,4.213570,-2.985663,0.001100,0.000000,-2.665588,4.213570,-2.985663,0.001100,0.000000,nan,nan,nan,nan,nan,0.000000,0
1788899815.776684,29.646346,-2.665417,4.212483,-2.985663,-2.665588,4.213570,-2.985663,0.001100,0.000000,-2.665588,4.213570,-2.985663,0.001100,0.000000,-2.665588,4.213570,-2.985663,0.001100,0.000000,nan,nan,nan,nan,nan,0.000000,0
1788899815.776684,29.646346,-2.665417,4.212483,-2.985663,-2.665588,4.213570,-2.985663,0.001100,0.000000,-2.665588,4.213570,-2.985663,0.001100,0.000000,-2.665588,4.213570,-2.985663,0.001100,0.000000,nan,nan,nan,nan,nan,0.000000,0
1788899815.826775,29.696437,-2.665417,4.212483,-2.985663,-2.665588,4.213570,-2.985663,0.001100,0.000000,-2.665588,4.213570,-2.985663,0.001100,0.000000,-2.665588,4.213570,-2.985663,0.001100,0.000000,nan,nan,nan,nan,nan,0.000000,0
1788899815.826775,29.696437,-2.665417,4.212483,-2.985663,-2.665588,4.213570,-2.985663,0.001100,0.000000,-2.665588,4.213570,-2.985663,0.001100,0.000000,-2.665588,4.213570,-2.985663,0.001100,0.000000,nan,nan,nan,nan,nan,0.000000,0
1788899815.876089,29.745751,-2.665417,4.212483,-2.985663,-2.665588,4.213570,-2.985663,0.001100,0.000000,-2.665588,4.213570,-2.985663,0.001100,0.000000,-2.665588,4.213570,-2.985663,0.001100,0.000000,nan,nan,nan,nan,nan,0.000000,0
1788899815.876089,29.745751,-2.665417,4.212483,-2.985663,-2.665588,4.213570,-2.985663,0.001100,0.000000,-2.665588,4.213570,-2.985663,0.001100,0.000000,-2.665588,4.213570,-2.985663,0.001100,0.000000,nan,nan,nan,nan,nan,0.000000,0
1788899815.926112,29.795774,-2.665417,4.212483,-2.985663,-2.665588,4.213570,-2.985663,0.001100,0.000000,-2.665588,4.213570,-2.985663,0.001100,0.000000,-2.665588,4.213570,-2.985663,0.001100,0.000000,nan,nan,nan,nan,nan,0.000000,0
1788899815.926112,29.795774,-2.665417,4.212483,-2.985663,-2.665588,4.213570,-2.985663,0.001100,0.000000,-2.665588,4.213570,-2.985663,0.001100,0.000000,-2.665588,4.213570,-2.985663,0.001100,0.000000,nan,nan,nan,nan,nan,0.000000,0
1788899815.976444,29.846106,-2.665417,4.212483,-2.985663,-2.665588,4.213570,-2.985663,0.001100,0.000000,-2.665588,4.213570,-2.985663,0.001100,0.000000,-2.665588,4.213570,-2.985663,0.001100,0.000000,nan,nan,nan,nan,nan,0.000000,0
1788899815.976444,29.846106,-2.665417,4.212483,-2.985663,-2.665588,4.213570,-2.985663,0.001100,0.000000,-2.665588,4.213570,-2.985663,0.001100,0.000000,-2.665588,4.213570,-2.985663,0.001100,0.000000,nan,nan,nan,nan,nan,0.000000,0
1788899816.026058,29.895720,-2.665417,4.212483,-2.985663,-2.665588,4.213570,-2.985663,0.001100,0.000000,-2.665588,4.213570,-2.985663,0.001100,0.000000,-2.665588,4.213570,-2.985663,0.001100,0.000000,nan,nan,nan,nan,nan,0.000000,0
1788899816.026058,29.895720,-2.665417,4.212483,-2.985663,-2.665588,4.213570,-2.985663,0.001100,0.000000,-2.665588,4.213570,-2.985663,0.001100,0.000000,-2.665588,4.213570,-2.985663,0.001100,0.000000,nan,nan,nan,nan,nan,0.000000,0
1788899816.076038,29.945700,-2.665417,4.212483,-2.985663,-2.665588,4.213570,-2.985663,0.001100,0.000000,-2.665588,4.213570,-2.985663,0.001100,0.000000,-2.665588,4.213570,-2.985663,0.001100,0.000000,nan,nan,nan,nan,nan,0.000000,0
1788899816.076038,29.945700,-2.665417,4.212483,-2.985663,-2.665588,4.213570,-2.985663,0.001100,0.000000,-2.665588,4.213570,-2.985663,0.001100,0.000000,-2.665588,4.213570,-2.985663,0.001100,0.000000,nan,nan,nan,nan,nan,0.000000,0
1788899816.126508,29.996170,-2.665417,4.212483,-2.985663,-2.665588,4.213570,-2.985663,0.001100,0.000000,-2.665588,4.213570,-2.985663,0.001100,0.000000,-2.665588,4.213570,-2.985663,0.001100,0.000000,nan,nan,nan,nan,nan,0.000000,0
1788899816.126508,29.996170,-2.665417,4.212483,-2.985663,-2.665588,4.213570,-2.985663,0.001100,0.000000,-2.665588,4.213570,-2.985663,0.001100,0.000000,-2.665588,4.213570,-2.985663,0.001100,0.000000,nan,nan,nan,nan,nan,0.000000,0
1788899816.176772,30.046433,-2.665417,4.212483,-2.985663,-2.665588,4.213570,-2.985663,0.001100,0.000000,-2.665588,4.213570,-2.985663,0.001100,0.000000,-2.665588,4.213570,-2.985663,0.001100,0.000000,nan,nan,nan,nan,nan,0.000000,0
1788899816.176772,30.046433,-2.665417,4.212483,-2.985663,-2.665588,4.213570,-2.985663,0.001100,0.000000,-2.665588,4.213570,-2.985663,0.001100,0.000000,-2.665588,4.213570,-2.985663,0.001100,0.000000,nan,nan,nan,nan,nan,0.000000,0
1788899816.226018,30.095680,-2.665417,4.212483,-2.985663,-2.665588,4.213570,-2.985663,0.001100,0.000000,-2.665588,4.213570,-2.985663,0.001100,0.000000,-2.665588,4.213570,-2.985663,0.001100,0.000000,nan,nan,nan,nan,nan,0.000000,0
1788899816.226018,30.095680,-2.665417,4.212483,-2.985663,-2.665588,4.213570,-2.985663,0.001100,0.000000,-2.665588,4.213570,-2.985663,0.001100,0.000000,-2.665588,4.213570,-2.985663,0.001100,0.000000,nan,nan,nan,nan,nan,0.000000,0
1788899816.276940,30.146602,-2.665417,4.212483,-2.985663,-2.665588,4.213570,-2.985663,0.001100,0.000000,-2.665588,4.213570,-2.985663,0.001100,0.000000,-2.665588,4.213570,-2.985663,0.001100,0.000000,nan,nan,nan,nan,nan,0.000000,0
1788899816.276940,30.146602,-2.665417,4.212483,-2.985663,-2.665588,4.213570,-2.985663,0.001100,0.000000,-2.665588,4.213570,-2.985663,0.001100,0.000000,-2.665588,4.213570,-2.985663,0.001100,0.000000,nan,nan,nan,nan,nan,0.000000,0
1788899816.326766,30.196428,-2.665417,4.212483,-2.985663,-2.665588,4.213570,-2.985663,0.001100,0.000000,-2.665588,4.213570,-2.985663,0.001100,0.000000,-2.665588,4.213570,-2.985663,0.001100,0.000000,nan,nan,nan,nan,nan,0.000000,0
1788899816.326766,30.196428,-2.665417,4.212483,-2.985663,-2.665588,4.213570,-2.985663,0.001100,0.000000,-2.665588,4.213570,-2.985663,0.001100,0.000000,-2.665588,4.213570,-2.985663,0.001100,0.000000,nan,nan,nan,nan,nan,0.000000,0
1788899816.376772,30.246433,-2.665417,4.212483,-2.985663,-2.665588,4.213570,-2.985663,0.001100,0.000000,-2.665588,4.213570,-2.985663,0.001100,0.000000,-2.665588,4.213570,-2.985663,0.001100,0.000000,nan,nan,nan,nan,nan,0.000000,0
1788899816.376772,30.246433,-2.665417,4.212483,-2.985663,-2.665588,4.213570,-2.985663,0.001100,0.000000,-2.665588,4.213570,-2.985663,0.001100,0.000000,-2.665588,4.213570,-2.985663,0.001100,0.000000,nan,nan,nan,nan,nan,0.000000,0
1788899816.426447,30.296108,-2.665417,4.212483,-2.985663,-2.665588,4.213570,-2.985663,0.001100,0.000000,-2.665588,4.213570,-2.985663,0.001100,0.000000,-2.665588,4.213570,-2.985663,0.001100,0.000000,nan,nan,nan,nan,nan,0.000000,0
1788899816.426447,30.296108,-2.665417,4.212483,-2.985663,-2.665588,4.213570,-2.985663,0.001100,0.000000,-2.665588,4.213570,-2.985663,0.001100,0.000000,-2.665588,4.213570,-2.985663,0.001100,0.000000,nan,nan,nan,nan,nan,0.000000,0
1788899816.476912,30.346574,-2.665417,4.212483,-2.985663,-2.665588,4.213570,-2.985663,0.001100,0.000000,-2.665588,4.213570,-2.985663,0.001100,0.000000,-2.665588,4.213570,-2.985663,0.001100,0.000000,nan,nan,nan,nan,nan,0.000000,0
1788899816.476912,30.346574,-2.665417,4.212483,-2.985663,-2.665588,4.213570,-2.985663,0.001100,0.000000,-2.665588,4.213570,-2.985663,0.001100,0.000000,-2.665588,4.213570,-2.985663,0.001100,0.000000,nan,nan,nan,nan,nan,0.000000,0
1788899816.526719,30.396381,-2.665417,4.212483,-2.985663,-2.665588,4.213570,-2.985663,0.001100,0.000000,-2.665588,4.213570,-2.985663,0.001100,0.000000,-2.665588,4.213570,-2.985663,0.001100,0.000000,nan,nan,nan,nan,nan,0.000000,0
1788899816.526719,30.396381,-2.665417,4.212483,-2.985663,-2.665588,4.213570,-2.985663,0.001100,0.000000,-2.665588,4.213570,-2.985663,0.001100,0.000000,-2.665588,4.213570,-2.985663,0.001100,0.000000,nan,nan,nan,nan,nan,0.000000,0
1788899816.576374,30.446036,-2.665402,4.212384,-2.985663,-2.665588,4.213570,-2.985663,0.001200,0.000000,-2.665588,4.213570,-2.985663,0.001200,0.000000,-2.665588,4.213570,-2.985663,0.001200,0.000000,nan,nan,nan,nan,nan,0.002014,0
1788899816.576374,30.446036,-2.665402,4.212384,-2.985663,-2.665588,4.213570,-2.985663,0.001200,0.000000,-2.665588,4.213570,-2.985663,0.001200,0.000000,-2.665588,4.213570,-2.985663,0.001200,0.000000,nan,nan,nan,nan,nan,0.002014,0
1788899816.626189,30.495851,-2.665402,4.212384,-2.985663,-2.665588,4.213570,-2.985663,0.001200,0.000000,-2.665588,4.213570,-2.985663,0.001200,0.000000,-2.665588,4.213570,-2.985663,0.001200,0.000000,nan,nan,nan,nan,nan,0.000000,0
1788899816.626189,30.495851,-2.665402,4.212384,-2.985663,-2.665588,4.213570,-2.985663,0.001200,0.000000,-2.665588,4.213570,-2.985663,0.001200,0.000000,-2.665588,4.213570,-2.985663,0.001200,0.000000,nan,nan,nan,nan,nan,0.000000,0
1788899816.676912,30.546574,-2.665402,4.212384,-2.985663,-2.665588,4.213570,-2.985663,0.001200,0.000000,-2.665588,4.213570,-2.985663,0.001200,0.000000,-2.665588,4.213570,-2.985663,0.001200,0.000000,nan,nan,nan,nan,nan,0.000000,0
1788899816.676912,30.546574,-2.665402,4.212384,-2.985663,-2.665588,4.213570,-2.985663,0.001200,0.000000,-2.665588,4.213570,-2.985663,0.001200,0.000000,-2.665588,4.213570,-2.985663,0.001200,0.000000,nan,nan,nan,nan,nan,0.000000,0
1788899816.726690,30.596352,-2.665402,4.212384,-2.985663,-2.665588,4.213570,-2.985663,0.001200,0.000000,-2.665588,4.213570,-2.985663,0.001200,0.000000,-2.665588,4.213570,-2.985663,0.001200,0.000000,nan,nan,nan,nan,nan,0.000000,0
1788899816.726690,30.596352,-2.665402,4.212384,-2.985663,-2.665588,4.213570,-2.985663,0.001200,0.000000,-2.665588,4.213570,-2.985663,0.001200,0.000000,-2.665588,4.213570,-2.985663,0.001200,0.000000,nan,nan,nan,nan,nan,0.000000,0
1788899816.776659,30.646321,-2.665402,4.212384,-2.985663,-2.665588,4.213570,-2.985663,0.001200,0.000000,-2.665588,4.213570,-2.985663,0.001200,0.000000,-2.665588,4.213570,-2.985663,0.001200,0.000000,nan,nan,nan,nan,nan,0.000000,0
1788899816.776659,30.646321,-2.665402,4.212384,-2.985663,-2.665588,4.213570,-2.985663,0.001200,0.000000,-2.665588,4.213570,-2.985663,0.001200,0.000000,-2.665588,4.213570,-2.985663,0.001200,0.000000,nan,nan,nan,nan,nan,0.000000,0
1788899816.826270,30.695932,-2.665402,4.212384,-2.985663,-2.665588,4.213570,-2.985663,0.001200,0.000000,-2.665588,4.213570,-2.985663,0.001200,0.000000,-2.665588,4.213570,-2.985663,0.001200,0.000000,nan,nan,nan,nan,nan,0.000000,0
1788899816.826270,30.695932,-2.665402,4.212384,-2.985663,-2.665588,4.213570,-2.985663,0.001200,0.000000,-2.665588,4.213570,-2.985663,0.001200,0.000000,-2.665588,4.213570,-2.985663,0.001200,0.000000,nan,nan,nan,nan,nan,0.000000,0
1788899816.876494,30.746156,-2.665402,4.212384,-2.985663,-2.665588,4.213570,-2.985663,0.001200,0.000000,-2.665588,4.213570,-2.985663,0.001200,0.000000,-2.665588,4.213570,-2.985663,0.001200,0.000000,nan,nan,nan,nan,nan,0.000000,0
1788899816.876494,30.746156,-2.665402,4.212384,-2.985663,-2.665588,4.213570,-2.985663,0.001200,0.000000,-2.665588,4.213570,-2.985663,0.001200,0.000000,-2.665588,4.213570,-2.985663,0.001200,0.000000,nan,nan,nan,nan,nan,0.000000,0
1788899816.925962,30.795624,-2.665402,4.212384,-2.985663,-2.665588,4.213570,-2.985663,0.001200,0.000000,-2.665588,4.213570,-2.985663,0.001200,0.000000,-2.665588,4.213570,-2.985663,0.001200,0.000000,nan,nan,nan,nan,nan,0.000000,0
1788899816.925962,30.795624,-2.665402,4.212384,-2.985663,-2.665588,4.213570,-2.985663,0.001200,0.000000,-2.665588,4.213570,-2.985663,0.001200,0.000000,-2.665588,4.213570,-2.985663,0.001200,0.000000,nan,nan,nan,nan,nan,0.000000,0
1788899816.976596,30.846257,-2.665402,4.212384,-2.985663,-2.665588,4.213570,-2.985663,0.001200,0.000000,-2.665588,4.213570,-2.985663,0.001200,0.000000,-2.665588,4.213570,-2.985663,0.001200,0.000000,nan,nan,nan,nan,nan,0.000000,0
1788899816.976596,30.846257,-2.665402,4.212384,-2.985663,-2.665588,4.213570,-2.985663,0.001200,0.000000,-2.665588,4.213570,-2.985663,0.001200,0.000000,-2.665588,4.213570,-2.985663,0.001200,0.000000,nan,nan,nan,nan,nan,0.000000,0
1788899817.026476,30.896138,-2.665402,4.212384,-2.985663,-2.665588,4.213570,-2.985663,0.001200,0.000000,-2.665588,4.213570,-2.985663,0.001200,0.000000,-2.665588,4.213570,-2.985663,0.001200,0.000000,nan,nan,nan,nan,nan,0.000000,0
1788899817.026476,30.896138,-2.665402,4.212384,-2.985663,-2.665588,4.213570,-2.985663,0.001200,0.000000,-2.665588,4.213570,-2.985663,0.001200,0.000000,-2.665588,4.213570,-2.985663,0.001200,0.000000,nan,nan,nan,nan,nan,0.000000,0
1788899817.076905,30.946567,-2.665402,4.212384,-2.985663,-2.665588,4.213570,-2.985663,0.001200,0.000000,-2.665588,4.213570,-2.985663,0.001200,0.000000,-2.665588,4.213570,-2.985663,0.001200,0.000000,nan,nan,nan,nan,nan,0.000000,0
1788899817.076905,30.946567,-2.665402,4.212384,-2.985663,-2.665588,4.213570,-2.985663,0.001200,0.000000,-2.665588,4.213570,-2.985663,0.001200,0.000000,-2.665588,4.213570,-2.985663,0.001200,0.000000,nan,nan,nan,nan,nan,0.000000,0
1788899817.126305,30.995966,-2.665402,4.212384,-2.985663,-2.665588,4.213570,-2.985663,0.001200,0.000000,-2.665588,4.213570,-2.985663,0.001200,0.000000,-2.665588,4.213570,-2.985663,0.001200,0.000000,nan,nan,nan,nan,nan,0.000000,0
1788899817.126305,30.995966,-2.665402,4.212384,-2.985663,-2.665588,4.213570,-2.985663,0.001200,0.000000,-2.665588,4.213570,-2.985663,0.001200,0.000000,-2.665588,4.213570,-2.985663,0.001200,0.000000,nan,nan,nan,nan,nan,0.000000,0
1788899817.176713,31.046375,-2.665402,4.212384,-2.985663,-2.665588,4.213570,-2.985663,0.001200,0.000000,-2.665588,4.213570,-2.985663,0.001200,0.000000,-2.665588,4.213570,-2.985663,0.001200,0.000000,nan,nan,nan,nan,nan,0.000000,0
1788899817.176713,31.046375,-2.665402,4.212384,-2.985663,-2.665588,4.213570,-2.985663,0.001200,0.000000,-2.665588,4.213570,-2.985663,0.001200,0.000000,-2.665588,4.213570,-2.985663,0.001200,0.000000,nan,nan,nan,nan,nan,0.000000,0
1788899817.226640,31.096302,-2.665402,4.212384,-2.985663,-2.665588,4.213570,-2.985663,0.001200,0.000000,-2.665588,4.213570,-2.985663,0.001200,0.000000,-2.665588,4.213570,-2.985663,0.001200,0.000000,nan,nan,nan,nan,nan,0.000000,0
1788899817.226640,31.096302,-2.665402,4.212384,-2.985663,-2.665588,4.213570,-2.985663,0.001200,0.000000,-2.665588,4.213570,-2.985663,0.001200,0.000000,-2.665588,4.213570,-2.985663,0.001200,0.000000,nan,nan,nan,nan,nan,0.000000,0
1788899817.276718,31.146379,-2.665402,4.212384,-2.985663,-2.665588,4.213570,-2.985663,0.001200,0.000000,-2.665588,4.213570,-2.985663,0.001200,0.000000,-2.665588,4.213570,-2.985663,0.001200,0.000000,nan,nan,nan,nan,nan,0.000000,0
1788899817.276718,31.146379,-2.665402,4.212384,-2.985663,-2.665588,4.213570,-2.985663,0.001200,0.000000,-2.665588,4.213570,-2.985663,0.001200,0.000000,-2.665588,4.213570,-2.985663,0.001200,0.000000,nan,nan,nan,nan,nan,0.000000,0
1788899817.326499,31.196161,-2.665402,4.212384,-2.985663,-2.665588,4.213570,-2.985663,0.001200,0.000000,-2.665588,4.213570,-2.985663,0.001200,0.000000,-2.665588,4.213570,-2.985663,0.001200,0.000000,nan,nan,nan,nan,nan,0.000000,0
1788899817.326499,31.196161,-2.665402,4.212384,-2.985663,-2.665588,4.213570,-2.985663,0.001200,0.000000,-2.665588,4.213570,-2.985663,0.001200,0.000000,-2.665588,4.213570,-2.985663,0.001200,0.000000,nan,nan,nan,nan,nan,0.000000,0
1788899817.376456,31.246118,-2.665402,4.212384,-2.985663,-2.665588,4.213570,-2.985663,0.001200,0.000000,-2.665588,4.213570,-2.985663,0.001200,0.000000,-2.665588,4.213570,-2.985663,0.001200,0.000000,nan,nan,nan,nan,nan,0.000000,0
1788899817.376456,31.246118,-2.665402,4.212384,-2.985663,-2.665588,4.213570,-2.985663,0.001200,0.000000,-2.665588,4.213570,-2.985663,0.001200,0.000000,-2.665588,4.213570,-2.985663,0.001200,0.000000,nan,nan,nan,nan,nan,0.000000,0
1788899817.426686,31.296348,-2.665402,4.212384,-2.985663,-2.665588,4.213570,-2.985663,0.001200,0.000000,-2.665588,4.213570,-2.985663,0.001200,0.000000,-2.665588,4.213570,-2.985663,0.001200,0.000000,nan,nan,nan,nan,nan,0.000000,0
1788899817.426686,31.296348,-2.665402,4.212384,-2.985663,-2.665588,4.213570,-2.985663,0.001200,0.000000,-2.665588,4.213570,-2.985663,0.001200,0.000000,-2.665588,4.213570,-2.985663,0.001200,0.000000,nan,nan,nan,nan,nan,0.000000,0
1788899817.476852,31.346514,-2.665402,4.212384,-2.985663,-2.665588,4.213570,-2.985663,0.001200,0.000000,-2.665588,4.213570,-2.985663,0.001200,0.000000,-2.665588,4.213570,-2.985663,0.001200,0.000000,nan,nan,nan,nan,nan,0.000000,0
1788899817.476852,31.346514,-2.665402,4.212384,-2.985663,-2.665588,4.213570,-2.985663,0.001200,0.000000,-2.665588,4.213570,-2.985663,0.001200,0.000000,-2.665588,4.213570,-2.985663,0.001200,0.000000,nan,nan,nan,nan,nan,0.000000,0
1788899817.526817,31.396479,-2.665402,4.212384,-2.985663,-2.665588,4.213570,-2.985663,0.001200,0.000000,-2.665588,4.213570,-2.985663,0.001200,0.000000,-2.665588,4.213570,-2.985663,0.001200,0.000000,nan,nan,nan,nan,nan,0.000000,0
1788899817.526817,31.396479,-2.665402,4.212384,-2.985663,-2.665588,4.213570,-2.985663,0.001200,0.000000,-2.665588,4.213570,-2.985663,0.001200,0.000000,-2.665588,4.213570,-2.985663,0.001200,0.000000,nan,nan,nan,nan,nan,0.000000,0
1788899817.575939,31.445601,-2.665402,4.212384,-2.985663,-2.665588,4.213570,-2.985663,0.001200,0.000000,-2.665588,4.213570,-2.985663,0.001200,0.000000,-2.665588,4.213570,-2.985663,0.001200,0.000000,nan,nan,nan,nan,nan,0.000000,0
1788899817.575939,31.445601,-2.665402,4.212384,-2.985663,-2.665588,4.213570,-2.985663,0.001200,0.000000,-2.665588,4.213570,-2.985663,0.001200,0.000000,-2.665588,4.213570,-2.985663,0.001200,0.000000,nan,nan,nan,nan,nan,0.000000,0
1788899817.626084,31.495746,-2.665402,4.212384,-2.985663,-2.665588,4.213570,-2.985663,0.001200,0.000000,-2.665588,4.213570,-2.985663,0.001200,0.000000,-2.665588,4.213570,-2.985663,0.001200,0.000000,nan,nan,nan,nan,nan,0.000000,0
1788899817.626084,31.495746,-2.665402,4.212384,-2.985663,-2.665588,4.213570,-2.985663,0.001200,0.000000,-2.665588,4.213570,-2.985663,0.001200,0.000000,-2.665588,4.213570,-2.985663,0.001200,0.000000,nan,nan,nan,nan,nan,0.000000,0
1788899817.676829,31.546491,-2.665402,4.212384,-2.985663,-2.665588,4.213570,-2.985663,0.001200,0.000000,-2.665588,4.213570,-2.985663,0.001200,0.000000,-2.665588,4.213570,-2.985663,0.001200,0.000000,nan,nan,nan,nan,nan,0.000000,0
1788899817.676829,31.546491,-2.665402,4.212384,-2.985663,-2.665588,4.213570,-2.985663,0.001200,0.000000,-2.665588,4.213570,-2.985663,0.001200,0.000000,-2.665588,4.213570,-2.985663,0.001200,0.000000,nan,nan,nan,nan,nan,0.000000,0
1788899817.726493,31.596154,-2.665402,4.212384,-2.985663,-2.665588,4.213570,-2.985663,0.001200,0.000000,-2.665588,4.213570,-2.985663,0.001200,0.000000,-2.665588,4.213570,-2.985663,0.001200,0.000000,nan,nan,nan,nan,nan,0.000000,0
1788899817.726493,31.596154,-2.665402,4.212384,-2.985663,-2.665588,4.213570,-2.985663,0.001200,0.000000,-2.665588,4.213570,-2.985663,0.001200,0.000000,-2.665588,4.213570,-2.985663,0.001200,0.000000,nan,nan,nan,nan,nan,0.000000,0
1788899817.776732,31.646394,-2.665402,4.212384,-2.985663,-2.665588,4.213570,-2.985663,0.001200,0.000000,-2.665588,4.213570,-2.985663,0.001200,0.000000,-2.665588,4.213570,-2.985663,0.001200,0.000000,nan,nan,nan,nan,nan,0.000000,0
1788899817.776732,31.646394,-2.665402,4.212384,-2.985663,-2.665588,4.213570,-2.985663,0.001200,0.000000,-2.665588,4.213570,-2.985663,0.001200,0.000000,-2.665588,4.213570,-2.985663,0.001200,0.000000,nan,nan,nan,nan,nan,0.000000,0
1788899817.826614,31.696275,-2.665402,4.212384,-2.985663,-2.665588,4.213570,-2.985663,0.001200,0.000000,-2.665588,4.213570,-2.985663,0.001200,0.000000,-2.665588,4.213570,-2.985663,0.001200,0.000000,nan,nan,nan,nan,nan,0.000000,0
1788899817.826614,31.696275,-2.665402,4.212384,-2.985663,-2.665588,4.213570,-2.985663,0.001200,0.000000,-2.665588,4.213570,-2.985663,0.001200,0.000000,-2.665588,4.213570,-2.985663,0.001200,0.000000,nan,nan,nan,nan,nan,0.000000,0
1788899817.876568,31.746230,-2.665402,4.212384,-2.985663,-2.665588,4.213570,-2.985663,0.001200,0.000000,-2.665588,4.213570,-2.985663,0.001200,0.000000,-2.665588,4.213570,-2.985663,0.001200,0.000000,nan,nan,nan,nan,nan,0.000000,0
1788899817.876568,31.746230,-2.665402,4.212384,-2.985663,-2.665588,4.213570,-2.985663,0.001200,0.000000,-2.665588,4.213570,-2.985663,0.001200,0.000000,-2.665588,4.213570,-2.985663,0.001200,0.000000,nan,nan,nan,nan,nan,0.000000,0
1788899817.926281,31.795943,-2.665402,4.212384,-2.985663,-2.665588,4.213570,-2.985663,0.001200,0.000000,-2.665588,4.213570,-2.985663,0.001200,0.000000,-2.665588,4.213570,-2.985663,0.001200,0.000000,nan,nan,nan,nan,nan,0.000000,0
1788899817.926281,31.795943,-2.665402,4.212384,-2.985663,-2.665588,4.213570,-2.985663,0.001200,0.000000,-2.665588,4.213570,-2.985663,0.001200,0.000000,-2.665588,4.213570,-2.985663,0.001200,0.000000,nan,nan,nan,nan,nan,0.000000,0
1788899817.976718,31.846380,-2.665402,4.212384,-2.985663,-2.665588,4.213570,-2.985663,0.001200,0.000000,-2.665588,4.213570,-2.985663,0.001200,0.000000,-2.665588,4.213570,-2.985663,0.001200,0.000000,nan,nan,nan,nan,nan,0.000000,0
1788899817.976718,31.846380,-2.665402,4.212384,-2.985663,-2.665588,4.213570,-2.985663,0.001200,0.000000,-2.665588,4.213570,-2.985663,0.001200,0.000000,-2.665588,4.213570,-2.985663,0.001200,0.000000,nan,nan,nan,nan,nan,0.000000,0
1788899818.026047,31.895709,-2.665402,4.212384,-2.985663,-2.665588,4.213570,-2.985663,0.001200,0.000000,-2.665588,4.213570,-2.985663,0.001200,0.000000,-2.665588,4.213570,-2.985663,0.001200,0.000000,nan,nan,nan,nan,nan,0.000000,0
1788899818.026047,31.895709,-2.665402,4.212384,-2.985663,-2.665588,4.213570,-2.985663,0.001200,0.000000,-2.665588,4.213570,-2.985663,0.001200,0.000000,-2.665588,4.213570,-2.985663,0.001200,0.000000,nan,nan,nan,nan,nan,0.000000,0
1788899818.076948,31.946610,-2.665402,4.212384,-2.985663,-2.665588,4.213570,-2.985663,0.001200,0.000000,-2.665588,4.213570,-2.985663,0.001200,0.000000,-2.665588,4.213570,-2.985663,0.001200,0.000000,nan,nan,nan,nan,nan,0.000000,0
1788899818.076948,31.946610,-2.665402,4.212384,-2.985663,-2.665588,4.213570,-2.985663,0.001200,0.000000,-2.665588,4.213570,-2.985663,0.001200,0.000000,-2.665588,4.213570,-2.985663,0.001200,0.000000,nan,nan,nan,nan,nan,0.000000,0
1788899818.126460,31.996121,-2.665402,4.212384,-2.985663,-2.665588,4.213570,-2.985663,0.001200,0.000000,-2.665588,4.213570,-2.985663,0.001200,0.000000,-2.665588,4.213570,-2.985663,0.001200,0.000000,nan,nan,nan,nan,nan,0.000000,0
1788899818.126460,31.996121,-2.665402,4.212384,-2.985663,-2.665588,4.213570,-2.985663,0.001200,0.000000,-2.665588,4.213570,-2.985663,0.001200,0.000000,-2.665588,4.213570,-2.985663,0.001200,0.000000,nan,nan,nan,nan,nan,0.000000,0
1788899818.176133,32.045794,-2.665402,4.212384,-2.985663,-2.665588,4.213570,-2.985663,0.001200,0.000000,-2.665588,4.213570,-2.985663,0.001200,0.000000,-2.665588,4.213570,-2.985663,0.001200,0.000000,nan,nan,nan,nan,nan,0.000000,0
1788899818.176133,32.045794,-2.665402,4.212384,-2.985663,-2.665588,4.213570,-2.985663,0.001200,0.000000,-2.665588,4.213570,-2.985663,0.001200,0.000000,-2.665588,4.213570,-2.985663,0.001200,0.000000,nan,nan,nan,nan,nan,0.000000,0
1788899818.226700,32.096362,-2.665402,4.212384,-2.985663,-2.665588,4.213570,-2.985663,0.001200,0.000000,-2.665588,4.213570,-2.985663,0.001200,0.000000,-2.665588,4.213570,-2.985663,0.001200,0.000000,nan,nan,nan,nan,nan,0.000000,0
1788899818.226700,32.096362,-2.665402,4.212384,-2.985663,-2.665588,4.213570,-2.985663,0.001200,0.000000,-2.665588,4.213570,-2.985663,0.001200,0.000000,-2.665588,4.213570,-2.985663,0.001200,0.000000,nan,nan,nan,nan,nan,0.000000,0
1788899818.276548,32.146210,-2.665402,4.212384,-2.985663,-2.665588,4.213570,-2.985663,0.001200,0.000000,-2.665588,4.213570,-2.985663,0.001200,0.000000,-2.665588,4.213570,-2.985663,0.001200,0.000000,nan,nan,nan,nan,nan,0.000000,0
1788899818.276548,32.146210,-2.665402,4.212384,-2.985663,-2.665588,4.213570,-2.985663,0.001200,0.000000,-2.665588,4.213570,-2.985663,0.001200,0.000000,-2.665588,4.213570,-2.985663,0.001200,0.000000,nan,nan,nan,nan,nan,0.000000,0
1788899818.326574,32.196236,-2.665402,4.212384,-2.985663,-2.665588,4.213570,-2.985663,0.001200,0.000000,-2.665588,4.213570,-2.985663,0.001200,0.000000,-2.665588,4.213570,-2.985663,0.001200,0.000000,nan,nan,nan,nan,nan,0.000000,0
1788899818.326574,32.196236,-2.665402,4.212384,-2.985663,-2.665588,4.213570,-2.985663,0.001200,0.000000,-2.665588,4.213570,-2.985663,0.001200,0.000000,-2.665588,4.213570,-2.985663,0.001200,0.000000,nan,nan,nan,nan,nan,0.000000,0
1788899818.376569,32.246230,-2.665402,4.212384,-2.985663,-2.665588,4.213570,-2.985663,0.001200,0.000000,-2.665588,4.213570,-2.985663,0.001200,0.000000,-2.665588,4.213570,-2.985663,0.001200,0.000000,nan,nan,nan,nan,nan,0.000000,0
1788899818.376569,32.246230,-2.665402,4.212384,-2.985663,-2.665588,4.213570,-2.985663,0.001200,0.000000,-2.665588,4.213570,-2.985663,0.001200,0.000000,-2.665588,4.213570,-2.985663,0.001200,0.000000,nan,nan,nan,nan,nan,0.000000,0
1788899818.426846,32.296508,-2.665402,4.212384,-2.985663,-2.665588,4.213570,-2.985663,0.001200,0.000000,-2.665588,4.213570,-2.985663,0.001200,0.000000,-2.665588,4.213570,-2.985663,0.001200,0.000000,nan,nan,nan,nan,nan,0.000000,0
1788899818.426846,32.296508,-2.665402,4.212384,-2.985663,-2.665588,4.213570,-2.985663,0.001200,0.000000,-2.665588,4.213570,-2.985663,0.001200,0.000000,-2.665588,4.213570,-2.985663,0.001200,0.000000,nan,nan,nan,nan,nan,0.000000,0
1788899818.476583,32.346245,-2.665402,4.212384,-2.985663,-2.665588,4.213570,-2.985663,0.001200,0.000000,-2.665588,4.213570,-2.985663,0.001200,0.000000,-2.665588,4.213570,-2.985663,0.001200,0.000000,nan,nan,nan,nan,nan,0.000000,0
1788899818.476583,32.346245,-2.665402,4.212384,-2.985663,-2.665588,4.213570,-2.985663,0.001200,0.000000,-2.665588,4.213570,-2.985663,0.001200,0.000000,-2.665588,4.213570,-2.985663,0.001200,0.000000,nan,nan,nan,nan,nan,0.000000,0
1788899818.526778,32.396440,-2.665402,4.212384,-2.985663,-2.665588,4.213570,-2.985663,0.001200,0.000000,-2.665588,4.213570,-2.985663,0.001200,0.000000,-2.665588,4.213570,-2.985663,0.001200,0.000000,nan,nan,nan,nan,nan,0.000000,0
1788899818.526778,32.396440,-2.665402,4.212384,-2.985663,-2.665588,4.213570,-2.985663,0.001200,0.000000,-2.665588,4.213570,-2.985663,0.001200,0.000000,-2.665588,4.213570,-2.985663,0.001200,0.000000,nan,nan,nan,nan,nan,0.000000,0
1788899818.576739,32.446400,-2.665402,4.212384,-2.985663,-2.665588,4.213570,-2.985663,0.001200,0.000000,-2.665588,4.213570,-2.985663,0.001200,0.000000,-2.665588,4.213570,-2.985663,0.001200,0.000000,nan,nan,nan,nan,nan,0.000000,0
1788899818.576739,32.446400,-2.665402,4.212384,-2.985663,-2.665588,4.213570,-2.985663,0.001200,0.000000,-2.665588,4.213570,-2.985663,0.001200,0.000000,-2.665588,4.213570,-2.985663,0.001200,0.000000,nan,nan,nan,nan,nan,0.000000,0
1788899818.626475,32.496137,-2.665386,4.212285,-2.985663,-2.665588,4.213570,-2.985663,0.001300,0.000000,-2.665588,4.213570,-2.985663,0.001300,0.000000,-2.665588,4.213570,-2.985663,0.001300,0.000000,nan,nan,nan,nan,nan,0.002011,0
1788899818.626475,32.496137,-2.665386,4.212285,-2.985663,-2.665588,4.213570,-2.985663,0.001300,0.000000,-2.665588,4.213570,-2.985663,0.001300,0.000000,-2.665588,4.213570,-2.985663,0.001300,0.000000,nan,nan,nan,nan,nan,0.002011,0
1788899818.676837,32.546499,-2.665386,4.212285,-2.985663,-2.665588,4.213570,-2.985663,0.001300,0.000000,-2.665588,4.213570,-2.985663,0.001300,0.000000,-2.665588,4.213570,-2.985663,0.001300,0.000000,nan,nan,nan,nan,nan,0.000000,0
1788899818.676837,32.546499,-2.665386,4.212285,-2.985663,-2.665588,4.213570,-2.985663,0.001300,0.000000,-2.665588,4.213570,-2.985663,0.001300,0.000000,-2.665588,4.213570,-2.985663,0.001300,0.000000,nan,nan,nan,nan,nan,0.000000,0
1788899818.726701,32.596363,-2.665386,4.212285,-2.985663,-2.665588,4.213570,-2.985663,0.001300,0.000000,-2.665588,4.213570,-2.985663,0.001300,0.000000,-2.665588,4.213570,-2.985663,0.001300,0.000000,nan,nan,nan,nan,nan,0.000000,0
1788899818.726701,32.596363,-2.665386,4.212285,-2.985663,-2.665588,4.213570,-2.985663,0.001300,0.000000,-2.665588,4.213570,-2.985663,0.001300,0.000000,-2.665588,4.213570,-2.985663,0.001300,0.000000,nan,nan,nan,nan,nan,0.000000,0
1788899818.776321,32.645983,-2.665386,4.212285,-2.985663,-2.665588,4.213570,-2.985663,0.001300,0.000000,-2.665588,4.213570,-2.985663,0.001300,0.000000,-2.665588,4.213570,-2.985663,0.001300,0.000000,nan,nan,nan,nan,nan,0.000000,0
1788899818.776321,32.645983,-2.665386,4.212285,-2.985663,-2.665588,4.213570,-2.985663,0.001300,0.000000,-2.665588,4.213570,-2.985663,0.001300,0.000000,-2.665588,4.213570,-2.985663,0.001300,0.000000,nan,nan,nan,nan,nan,0.000000,0
1788899818.826328,32.695989,-2.665386,4.212285,-2.985663,-2.665588,4.213570,-2.985663,0.001300,0.000000,-2.665588,4.213570,-2.985663,0.001300,0.000000,-2.665588,4.213570,-2.985663,0.001300,0.000000,nan,nan,nan,nan,nan,0.000000,0
1788899818.826328,32.695989,-2.665386,4.212285,-2.985663,-2.665588,4.213570,-2.985663,0.001300,0.000000,-2.665588,4.213570,-2.985663,0.001300,0.000000,-2.665588,4.213570,-2.985663,0.001300,0.000000,nan,nan,nan,nan,nan,0.000000,0
1788899818.876668,32.746330,-2.665386,4.212285,-2.985663,-2.665588,4.213570,-2.985663,0.001300,0.000000,-2.665588,4.213570,-2.985663,0.001300,0.000000,-2.665588,4.213570,-2.985663,0.001300,0.000000,nan,nan,nan,nan,nan,0.000000,0
1788899818.876668,32.746330,-2.665386,4.212285,-2.985663,-2.665588,4.213570,-2.985663,0.001300,0.000000,-2.665588,4.213570,-2.985663,0.001300,0.000000,-2.665588,4.213570,-2.985663,0.001300,0.000000,nan,nan,nan,nan,nan,0.000000,0
1788899818.926509,32.796171,-2.665386,4.212285,-2.985663,-2.665588,4.213570,-2.985663,0.001300,0.000000,-2.665588,4.213570,-2.985663,0.001300,0.000000,-2.665588,4.213570,-2.985663,0.001300,0.000000,nan,nan,nan,nan,nan,0.000000,0
1788899818.926509,32.796171,-2.665386,4.212285,-2.985663,-2.665588,4.213570,-2.985663,0.001300,0.000000,-2.665588,4.213570,-2.985663,0.001300,0.000000,-2.665588,4.213570,-2.985663,0.001300,0.000000,nan,nan,nan,nan,nan,0.000000,0
1788899818.976916,32.846578,-2.665386,4.212285,-2.985663,-2.665588,4.213570,-2.985663,0.001300,0.000000,-2.665588,4.213570,-2.985663,0.001300,0.000000,-2.665588,4.213570,-2.985663,0.001300,0.000000,nan,nan,nan,nan,nan,0.000000,0
1788899818.976916,32.846578,-2.665386,4.212285,-2.985663,-2.665588,4.213570,-2.985663,0.001300,0.000000,-2.665588,4.213570,-2.985663,0.001300,0.000000,-2.665588,4.213570,-2.985663,0.001300,0.000000,nan,nan,nan,nan,nan,0.000000,0
1788899819.026805,32.896467,-2.665386,4.212285,-2.985663,-2.665588,4.213570,-2.985663,0.001300,0.000000,-2.665588,4.213570,-2.985663,0.001300,0.000000,-2.665588,4.213570,-2.985663,0.001300,0.000000,nan,nan,nan,nan,nan,0.000000,0
1788899819.026805,32.896467,-2.665386,4.212285,-2.985663,-2.665588,4.213570,-2.985663,0.001300,0.000000,-2.665588,4.213570,-2.985663,0.001300,0.000000,-2.665588,4.213570,-2.985663,0.001300,0.000000,nan,nan,nan,nan,nan,0.000000,0
1788899819.076029,32.945691,-2.665386,4.212285,-2.985663,-2.665588,4.213570,-2.985663,0.001300,0.000000,-2.665588,4.213570,-2.985663,0.001300,0.000000,-2.665588,4.213570,-2.985663,0.001300,0.000000,nan,nan,nan,nan,nan,0.000000,0
1788899819.076029,32.945691,-2.665386,4.212285,-2.985663,-2.665588,4.213570,-2.985663,0.001300,0.000000,-2.665588,4.213570,-2.985663,0.001300,0.000000,-2.665588,4.213570,-2.985663,0.001300,0.000000,nan,nan,nan,nan,nan,0.000000,0
1788899819.126684,32.996346,-2.665386,4.212285,-2.985663,-2.665588,4.213570,-2.985663,0.001300,0.000000,-2.665588,4.213570,-2.985663,0.001300,0.000000,-2.665588,4.213570,-2.985663,0.001300,0.000000,nan,nan,nan,nan,nan,0.000000,0
1788899819.126684,32.996346,-2.665386,4.212285,-2.985663,-2.665588,4.213570,-2.985663,0.001300,0.000000,-2.665588,4.213570,-2.985663,0.001300,0.000000,-2.665588,4.213570,-2.985663,0.001300,0.000000,nan,nan,nan,nan,nan,0.000000,0
1788899819.176851,33.046513,-2.665386,4.212285,-2.985663,-2.665588,4.213570,-2.985663,0.001300,0.000000,-2.665588,4.213570,-2.985663,0.001300,0.000000,-2.665588,4.213570,-2.985663,0.001300,0.000000,nan,nan,nan,nan,nan,0.000000,0
1788899819.176851,33.046513,-2.665386,4.212285,-2.985663,-2.665588,4.213570,-2.985663,0.001300,0.000000,-2.665588,4.213570,-2.985663,0.001300,0.000000,-2.665588,4.213570,-2.985663,0.001300,0.000000,nan,nan,nan,nan,nan,0.000000,0
1788899819.226822,33.096484,-2.665386,4.212285,-2.985663,-2.665588,4.213570,-2.985663,0.001300,0.000000,-2.665588,4.213570,-2.985663,0.001300,0.000000,-2.665588,4.213570,-2.985663,0.001300,0.000000,nan,nan,nan,nan,nan,0.000000,0
1788899819.226822,33.096484,-2.665386,4.212285,-2.985663,-2.665588,4.213570,-2.985663,0.001300,0.000000,-2.665588,4.213570,-2.985663,0.001300,0.000000,-2.665588,4.213570,-2.985663,0.001300,0.000000,nan,nan,nan,nan,nan,0.000000,0
1788899819.276875,33.146536,-2.665386,4.212285,-2.985663,-2.665588,4.213570,-2.985663,0.001300,0.000000,-2.665588,4.213570,-2.985663,0.001300,0.000000,-2.665588,4.213570,-2.985663,0.001300,0.000000,nan,nan,nan,nan,nan,0.000000,0
1788899819.276875,33.146536,-2.665386,4.212285,-2.985663,-2.665588,4.213570,-2.985663,0.001300,0.000000,-2.665588,4.213570,-2.985663,0.001300,0.000000,-2.665588,4.213570,-2.985663,0.001300,0.000000,nan,nan,nan,nan,nan,0.000000,0
1788899819.326384,33.196046,-2.665386,4.212285,-2.985663,-2.665588,4.213570,-2.985663,0.001300,0.000000,-2.665588,4.213570,-2.985663,0.001300,0.000000,-2.665588,4.213570,-2.985663,0.001300,0.000000,nan,nan,nan,nan,nan,0.000000,0
1788899819.326384,33.196046,-2.665386,4.212285,-2.985663,-2.665588,4.213570,-2.985663,0.001300,0.000000,-2.665588,4.213570,-2.985663,0.001300,0.000000,-2.665588,4.213570,-2.985663,0.001300,0.000000,nan,nan,nan,nan,nan,0.000000,0
1788899819.376889,33.246551,-2.665386,4.212285,-2.985663,-2.665588,4.213570,-2.985663,0.001300,0.000000,-2.665588,4.213570,-2.985663,0.001300,0.000000,-2.665588,4.213570,-2.985663,0.001300,0.000000,nan,nan,nan,nan,nan,0.000000,0
1788899819.376889,33.246551,-2.665386,4.212285,-2.985663,-2.665588,4.213570,-2.985663,0.001300,0.000000,-2.665588,4.213570,-2.985663,0.001300,0.000000,-2.665588,4.213570,-2.985663,0.001300,0.000000,nan,nan,nan,nan,nan,0.000000,0
1788899819.426664,33.296325,-2.665386,4.212285,-2.985663,-2.665588,4.213570,-2.985663,0.001300,0.000000,-2.665588,4.213570,-2.985663,0.001300,0.000000,-2.665588,4.213570,-2.985663,0.001300,0.000000,nan,nan,nan,nan,nan,0.000000,0
1788899819.426664,33.296325,-2.665386,4.212285,-2.985663,-2.665588,4.213570,-2.985663,0.001300,0.000000,-2.665588,4.213570,-2.985663,0.001300,0.000000,-2.665588,4.213570,-2.985663,0.001300,0.000000,nan,nan,nan,nan,nan,0.000000,0
1788899819.476072,33.345734,-2.665386,4.212285,-2.985663,-2.665588,4.213570,-2.985663,0.001300,0.000000,-2.665588,4.213570,-2.985663,0.001300,0.000000,-2.665588,4.213570,-2.985663,0.001300,0.000000,nan,nan,nan,nan,nan,0.000000,0
1788899819.476072,33.345734,-2.665386,4.212285,-2.985663,-2.665588,4.213570,-2.985663,0.001300,0.000000,-2.665588,4.213570,-2.985663,0.001300,0.000000,-2.665588,4.213570,-2.985663,0.001300,0.000000,nan,nan,nan,nan,nan,0.000000,0
1788899819.526742,33.396404,-2.665386,4.212285,-2.985663,-2.665588,4.213570,-2.985663,0.001300,0.000000,-2.665588,4.213570,-2.985663,0.001300,0.000000,-2.665588,4.213570,-2.985663,0.001300,0.000000,nan,nan,nan,nan,nan,0.000000,0
1788899819.526742,33.396404,-2.665386,4.212285,-2.985663,-2.665588,4.213570,-2.985663,0.001300,0.000000,-2.665588,4.213570,-2.985663,0.001300,0.000000,-2.665588,4.213570,-2.985663,0.001300,0.000000,nan,nan,nan,nan,nan,0.000000,0
1788899819.578502,33.448164,-2.665386,4.212285,-2.985663,-2.665588,4.213570,-2.985663,0.001300,0.000000,-2.665588,4.213570,-2.985663,0.001300,0.000000,-2.665588,4.213570,-2.985663,0.001300,0.000000,nan,nan,nan,nan,nan,0.000000,0
1788899819.578502,33.448164,-2.665386,4.212285,-2.985663,-2.665588,4.213570,-2.985663,0.001300,0.000000,-2.665588,4.213570,-2.985663,0.001300,0.000000,-2.665588,4.213570,-2.985663,0.001300,0.000000,nan,nan,nan,nan,nan,0.000000,0
1788899819.626537,33.496199,-2.665386,4.212285,-2.985663,-2.665588,4.213570,-2.985663,0.001300,0.000000,-2.665588,4.213570,-2.985663,0.001300,0.000000,-2.665588,4.213570,-2.985663,0.001300,0.000000,nan,nan,nan,nan,nan,0.000000,0
1788899819.626537,33.496199,-2.665386,4.212285,-2.985663,-2.665588,4.213570,-2.985663,0.001300,0.000000,-2.665588,4.213570,-2.985663,0.001300,0.000000,-2.665588,4.213570,-2.985663,0.001300,0.000000,nan,nan,nan,nan,nan,0.000000,0
1788899819.676707,33.546369,-2.665386,4.212285,-2.985663,-2.665588,4.213570,-2.985663,0.001300,0.000000,-2.665588,4.213570,-2.985663,0.001300,0.000000,-2.665588,4.213570,-2.985663,0.001300,0.000000,nan,nan,nan,nan,nan,0.000000,0
1788899819.676707,33.546369,-2.665386,4.212285,-2.985663,-2.665588,4.213570,-2.985663,0.001300,0.000000,-2.665588,4.213570,-2.985663,0.001300,0.000000,-2.665588,4.213570,-2.985663,0.001300,0.000000,nan,nan,nan,nan,nan,0.000000,0
1788899819.726220,33.595882,-2.665386,4.212285,-2.985663,-2.665588,4.213570,-2.985663,0.001300,0.000000,-2.665588,4.213570,-2.985663,0.001300,0.000000,-2.665588,4.213570,-2.985663,0.001300,0.000000,nan,nan,nan,nan,nan,0.000000,0
1788899819.726220,33.595882,-2.665386,4.212285,-2.985663,-2.665588,4.213570,-2.985663,0.001300,0.000000,-2.665588,4.213570,-2.985663,0.001300,0.000000,-2.665588,4.213570,-2.985663,0.001300,0.000000,nan,nan,nan,nan,nan,0.000000,0
1788899819.776776,33.646437,-2.665386,4.212285,-2.985663,-2.665588,4.213570,-2.985663,0.001300,0.000000,-2.665588,4.213570,-2.985663,0.001300,0.000000,-2.665588,4.213570,-2.985663,0.001300,0.000000,nan,nan,nan,nan,nan,0.000000,0
1788899819.776776,33.646437,-2.665386,4.212285,-2.985663,-2.665588,4.213570,-2.985663,0.001300,0.000000,-2.665588,4.213570,-2.985663,0.001300,0.000000,-2.665588,4.213570,-2.985663,0.001300,0.000000,nan,nan,nan,nan,nan,0.000000,0
1788899819.826662,33.696324,-2.665386,4.212285,-2.985663,-2.665588,4.213570,-2.985663,0.001300,0.000000,-2.665588,4.213570,-2.985663,0.001300,0.000000,-2.665588,4.213570,-2.985663,0.001300,0.000000,nan,nan,nan,nan,nan,0.000000,0
1788899819.826662,33.696324,-2.665386,4.212285,-2.985663,-2.665588,4.213570,-2.985663,0.001300,0.000000,-2.665588,4.213570,-2.985663,0.001300,0.000000,-2.665588,4.213570,-2.985663,0.001300,0.000000,nan,nan,nan,nan,nan,0.000000,0
1788899819.876855,33.746517,-2.665386,4.212285,-2.985663,-2.665588,4.213570,-2.985663,0.001300,0.000000,-2.665588,4.213570,-2.985663,0.001300,0.000000,-2.665588,4.213570,-2.985663,0.001300,0.000000,nan,nan,nan,nan,nan,0.000000,0
1788899819.876855,33.746517,-2.665386,4.212285,-2.985663,-2.665588,4.213570,-2.985663,0.001300,0.000000,-2.665588,4.213570,-2.985663,0.001300,0.000000,-2.665588,4.213570,-2.985663,0.001300,0.000000,nan,nan,nan,nan,nan,0.000000,0
1788899819.926694,33.796356,-2.665386,4.212285,-2.985663,-2.665588,4.213570,-2.985663,0.001300,0.000000,-2.665588,4.213570,-2.985663,0.001300,0.000000,-2.665588,4.213570,-2.985663,0.001300,0.000000,nan,nan,nan,nan,nan,0.000000,0
1788899819.926694,33.796356,-2.665386,4.212285,-2.985663,-2.665588,4.213570,-2.985663,0.001300,0.000000,-2.665588,4.213570,-2.985663,0.001300,0.000000,-2.665588,4.213570,-2.985663,0.001300,0.000000,nan,nan,nan,nan,nan,0.000000,0
1788899819.977229,33.846891,-2.665386,4.212285,-2.985663,-2.665588,4.213570,-2.985663,0.001300,0.000000,-2.665588,4.213570,-2.985663,0.001300,0.000000,-2.665588,4.213570,-2.985663,0.001300,0.000000,nan,nan,nan,nan,nan,0.000000,0
1788899819.977229,33.846891,-2.665386,4.212285,-2.985663,-2.665588,4.213570,-2.985663,0.001300,0.000000,-2.665588,4.213570,-2.985663,0.001300,0.000000,-2.665588,4.213570,-2.985663,0.001300,0.000000,nan,nan,nan,nan,nan,0.000000,0
1788899820.026672,33.896333,-2.665386,4.212285,-2.985663,-2.665588,4.213570,-2.985663,0.001300,0.000000,-2.665588,4.213570,-2.985663,0.001300,0.000000,-2.665588,4.213570,-2.985663,0.001300,0.000000,nan,nan,nan,nan,nan,0.000000,0
1788899820.026672,33.896333,-2.665386,4.212285,-2.985663,-2.665588,4.213570,-2.985663,0.001300,0.000000,-2.665588,4.213570,-2.985663,0.001300,0.000000,-2.665588,4.213570,-2.985663,0.001300,0.000000,nan,nan,nan,nan,nan,0.000000,0
1788899820.076854,33.946515,-2.665386,4.212285,-2.985663,-2.665588,4.213570,-2.985663,0.001300,0.000000,-2.665588,4.213570,-2.985663,0.001300,0.000000,-2.665588,4.213570,-2.985663,0.001300,0.000000,nan,nan,nan,nan,nan,0.000000,0
1788899820.076854,33.946515,-2.665386,4.212285,-2.985663,-2.665588,4.213570,-2.985663,0.001300,0.000000,-2.665588,4.213570,-2.985663,0.001300,0.000000,-2.665588,4.213570,-2.985663,0.001300,0.000000,nan,nan,nan,nan,nan,0.000000,0
1788899820.126569,33.996231,-2.665386,4.212285,-2.985663,-2.665588,4.213570,-2.985663,0.001300,0.000000,-2.665588,4.213570,-2.985663,0.001300,0.000000,-2.665588,4.213570,-2.985663,0.001300,0.000000,nan,nan,nan,nan,nan,0.000000,0
1788899820.126569,33.996231,-2.665386,4.212285,-2.985663,-2.665588,4.213570,-2.985663,0.001300,0.000000,-2.665588,4.213570,-2.985663,0.001300,0.000000,-2.665588,4.213570,-2.985663,0.001300,0.000000,nan,nan,nan,nan,nan,0.000000,0
1788899820.176512,34.046173,-2.665386,4.212285,-2.985663,-2.665588,4.213570,-2.985663,0.001300,0.000000,-2.665588,4.213570,-2.985663,0.001300,0.000000,-2.665588,4.213570,-2.985663,0.001300,0.000000,nan,nan,nan,nan,nan,0.000000,0
1788899820.176512,34.046173,-2.665386,4.212285,-2.985663,-2.665588,4.213570,-2.985663,0.001300,0.000000,-2.665588,4.213570,-2.985663,0.001300,0.000000,-2.665588,4.213570,-2.985663,0.001300,0.000000,nan,nan,nan,nan,nan,0.000000,0
1788899820.226137,34.095799,-2.665386,4.212285,-2.985663,-2.665588,4.213570,-2.985663,0.001300,0.000000,-2.665588,4.213570,-2.985663,0.001300,0.000000,-2.665588,4.213570,-2.985663,0.001300,0.000000,nan,nan,nan,nan,nan,0.000000,0
1788899820.226137,34.095799,-2.665386,4.212285,-2.985663,-2.665588,4.213570,-2.985663,0.001300,0.000000,-2.665588,4.213570,-2.985663,0.001300,0.000000,-2.665588,4.213570,-2.985663,0.001300,0.000000,nan,nan,nan,nan,nan,0.000000,0
1788899820.276290,34.145952,-2.665386,4.212285,-2.985663,-2.665588,4.213570,-2.985663,0.001300,0.000000,-2.665588,4.213570,-2.985663,0.001300,0.000000,-2.665588,4.213570,-2.985663,0.001300,0.000000,nan,nan,nan,nan,nan,0.000000,0
1788899820.276290,34.145952,-2.665386,4.212285,-2.985663,-2.665588,4.213570,-2.985663,0.001300,0.000000,-2.665588,4.213570,-2.985663,0.001300,0.000000,-2.665588,4.213570,-2.985663,0.001300,0.000000,nan,nan,nan,nan,nan,0.000000,0
1788899820.325984,34.195646,-2.665386,4.212285,-2.985663,-2.665588,4.213570,-2.985663,0.001300,0.000000,-2.665588,4.213570,-2.985663,0.001300,0.000000,-2.665588,4.213570,-2.985663,0.001300,0.000000,nan,nan,nan,nan,nan,0.000000,0
1788899820.325984,34.195646,-2.665386,4.212285,-2.985663,-2.665588,4.213570,-2.985663,0.001300,0.000000,-2.665588,4.213570,-2.985663,0.001300,0.000000,-2.665588,4.213570,-2.985663,0.001300,0.000000,nan,nan,nan,nan,nan,0.000000,0
1788899820.376510,34.246172,-2.665386,4.212285,-2.985663,-2.665588,4.213570,-2.985663,0.001300,0.000000,-2.665588,4.213570,-2.985663,0.001300,0.000000,-2.665588,4.213570,-2.985663,0.001300,0.000000,nan,nan,nan,nan,nan,0.000000,0
1788899820.376510,34.246172,-2.665386,4.212285,-2.985663,-2.665588,4.213570,-2.985663,0.001300,0.000000,-2.665588,4.213570,-2.985663,0.001300,0.000000,-2.665588,4.213570,-2.985663,0.001300,0.000000,nan,nan,nan,nan,nan,0.000000,0
1788899820.426091,34.295753,-2.665386,4.212285,-2.985663,-2.665588,4.213570,-2.985663,0.001300,0.000000,-2.665588,4.213570,-2.985663,0.001300,0.000000,-2.665588,4.213570,-2.985663,0.001300,0.000000,nan,nan,nan,nan,nan,0.000000,0
1788899820.426091,34.295753,-2.665386,4.212285,-2.985663,-2.665588,4.213570,-2.985663,0.001300,0.000000,-2.665588,4.213570,-2.985663,0.001300,0.000000,-2.665588,4.213570,-2.985663,0.001300,0.000000,nan,nan,nan,nan,nan,0.000000,0
1788899820.476831,34.346493,-2.665386,4.212285,-2.985663,-2.665588,4.213570,-2.985663,0.001300,0.000000,-2.665588,4.213570,-2.985663,0.001300,0.000000,-2.665588,4.213570,-2.985663,0.001300,0.000000,nan,nan,nan,nan,nan,0.000000,0
1788899820.476831,34.346493,-2.665386,4.212285,-2.985663,-2.665588,4.213570,-2.985663,0.001300,0.000000,-2.665588,4.213570,-2.985663,0.001300,0.000000,-2.665588,4.213570,-2.985663,0.001300,0.000000,nan,nan,nan,nan,nan,0.000000,0
1788899820.526788,34.396449,-2.665386,4.212285,-2.985663,-2.665588,4.213570,-2.985663,0.001300,0.000000,-2.665588,4.213570,-2.985663,0.001300,0.000000,-2.665588,4.213570,-2.985663,0.001300,0.000000,nan,nan,nan,nan,nan,0.000000,0
1788899820.526788,34.396449,-2.665386,4.212285,-2.985663,-2.665588,4.213570,-2.985663,0.001300,0.000000,-2.665588,4.213570,-2.985663,0.001300,0.000000,-2.665588,4.213570,-2.985663,0.001300,0.000000,nan,nan,nan,nan,nan,0.000000,0
1788899820.575907,34.445569,-2.665386,4.212285,-2.985663,-2.665588,4.213570,-2.985663,0.001300,0.000000,-2.665588,4.213570,-2.985663,0.001300,0.000000,-2.665588,4.213570,-2.985663,0.001300,0.000000,nan,nan,nan,nan,nan,0.000000,0
1788899820.575907,34.445569,-2.665386,4.212285,-2.985663,-2.665588,4.213570,-2.985663,0.001300,0.000000,-2.665588,4.213570,-2.985663,0.001300,0.000000,-2.665588,4.213570,-2.985663,0.001300,0.000000,nan,nan,nan,nan,nan,0.000000,0
1788899820.626836,34.496498,-2.665386,4.212285,-2.985663,-2.665588,4.213570,-2.985663,0.001300,0.000000,-2.665588,4.213570,-2.985663,0.001300,0.000000,-2.665588,4.213570,-2.985663,0.001300,0.000000,nan,nan,nan,nan,nan,0.000000,0
1788899820.626836,34.496498,-2.665386,4.212285,-2.985663,-2.665588,4.213570,-2.985663,0.001300,0.000000,-2.665588,4.213570,-2.985663,0.001300,0.000000,-2.665588,4.213570,-2.985663,0.001300,0.000000,nan,nan,nan,nan,nan,0.000000,0
1788899820.676209,34.545871,-2.665386,4.212285,-2.985663,-2.665588,4.213570,-2.985663,0.001300,0.000000,-2.665588,4.213570,-2.985663,0.001300,0.000000,-2.665588,4.213570,-2.985663,0.001300,0.000000,nan,nan,nan,nan,nan,0.000000,0
1788899820.676209,34.545871,-2.665386,4.212285,-2.985663,-2.665588,4.213570,-2.985663,0.001300,0.000000,-2.665588,4.213570,-2.985663,0.001300,0.000000,-2.665588,4.213570,-2.985663,0.001300,0.000000,nan,nan,nan,nan,nan,0.000000,0
1788899820.726827,34.596489,-2.665386,4.212285,-2.985663,-2.665588,4.213570,-2.985663,0.001300,0.000000,-2.665588,4.213570,-2.985663,0.001300,0.000000,-2.665588,4.213570,-2.985663,0.001300,0.000000,nan,nan,nan,nan,nan,0.000000,0
1788899820.726827,34.596489,-2.665386,4.212285,-2.985663,-2.665588,4.213570,-2.985663,0.001300,0.000000,-2.665588,4.213570,-2.985663,0.001300,0.000000,-2.665588,4.213570,-2.985663,0.001300,0.000000,nan,nan,nan,nan,nan,0.000000,0
1788899820.776504,34.646166,-2.665386,4.212285,-2.985663,-2.665588,4.213570,-2.985663,0.001300,0.000000,-2.665588,4.213570,-2.985663,0.001300,0.000000,-2.665588,4.213570,-2.985663,0.001300,0.000000,nan,nan,nan,nan,nan,0.000000,0
1788899820.776504,34.646166,-2.665386,4.212285,-2.985663,-2.665588,4.213570,-2.985663,0.001300,0.000000,-2.665588,4.213570,-2.985663,0.001300,0.000000,-2.665588,4.213570,-2.985663,0.001300,0.000000,nan,nan,nan,nan,nan,0.000000,0
1788899820.826575,34.696237,-2.665386,4.212285,-2.985663,-2.665588,4.213570,-2.985663,0.001300,0.000000,-2.665588,4.213570,-2.985663,0.001300,0.000000,-2.665588,4.213570,-2.985663,0.001300,0.000000,nan,nan,nan,nan,nan,0.000000,0
1788899820.826575,34.696237,-2.665386,4.212285,-2.985663,-2.665588,4.213570,-2.985663,0.001300,0.000000,-2.665588,4.213570,-2.985663,0.001300,0.000000,-2.665588,4.213570,-2.985663,0.001300,0.000000,nan,nan,nan,nan,nan,0.000000,0
1788899820.876092,34.745754,-2.665386,4.212285,-2.985663,-2.665588,4.213570,-2.985663,0.001300,0.000000,-2.665588,4.213570,-2.985663,0.001300,0.000000,-2.665588,4.213570,-2.985663,0.001300,0.000000,nan,nan,nan,nan,nan,0.000000,0
1788899820.876092,34.745754,-2.665386,4.212285,-2.985663,-2.665588,4.213570,-2.985663,0.001300,0.000000,-2.665588,4.213570,-2.985663,0.001300,0.000000,-2.665588,4.213570,-2.985663,0.001300,0.000000,nan,nan,nan,nan,nan,0.000000,0
1788899820.925994,34.795656,-2.665386,4.212285,-2.985663,-2.665588,4.213570,-2.985663,0.001300,0.000000,-2.665588,4.213570,-2.985663,0.001300,0.000000,-2.665588,4.213570,-2.985663,0.001300,0.000000,nan,nan,nan,nan,nan,0.000000,0
1788899820.925994,34.795656,-2.665386,4.212285,-2.985663,-2.665588,4.213570,-2.985663,0.001300,0.000000,-2.665588,4.213570,-2.985663,0.001300,0.000000,-2.665588,4.213570,-2.985663,0.001300,0.000000,nan,nan,nan,nan,nan,0.000000,0
1788899820.976398,34.846060,-2.665386,4.212285,-2.985663,-2.665588,4.213570,-2.985663,0.001300,0.000000,-2.665588,4.213570,-2.985663,0.001300,0.000000,-2.665588,4.213570,-2.985663,0.001300,0.000000,nan,nan,nan,nan,nan,0.000000,0
1788899820.976398,34.846060,-2.665386,4.212285,-2.985663,-2.665588,4.213570,-2.985663,0.001300,0.000000,-2.665588,4.213570,-2.985663,0.001300,0.000000,-2.665588,4.213570,-2.985663,0.001300,0.000000,nan,nan,nan,nan,nan,0.000000,0
1788899821.026828,34.896489,-2.665386,4.212285,-2.985663,-2.665588,4.213570,-2.985663,0.001300,0.000000,-2.665588,4.213570,-2.985663,0.001300,0.000000,-2.665588,4.213570,-2.985663,0.001300,0.000000,nan,nan,nan,nan,nan,0.000000,0
1788899821.026828,34.896489,-2.665386,4.212285,-2.985663,-2.665588,4.213570,-2.985663,0.001300,0.000000,-2.665588,4.213570,-2.985663,0.001300,0.000000,-2.665588,4.213570,-2.985663,0.001300,0.000000,nan,nan,nan,nan,nan,0.000000,0
1788899821.076902,34.946564,-2.665371,4.212187,-2.985663,-2.665588,4.213570,-2.985663,0.001400,0.000000,-2.665588,4.213570,-2.985663,0.001400,0.000000,-2.665588,4.213570,-2.985663,0.001400,0.000000,nan,nan,nan,nan,nan,0.001997,0
1788899821.076902,34.946564,-2.665371,4.212187,-2.985663,-2.665588,4.213570,-2.985663,0.001400,0.000000,-2.665588,4.213570,-2.985663,0.001400,0.000000,-2.665588,4.213570,-2.985663,0.001400,0.000000,nan,nan,nan,nan,nan,0.001997,0
1788899821.126730,34.996392,-2.665371,4.212187,-2.985663,-2.665588,4.213570,-2.985663,0.001400,0.000000,-2.665588,4.213570,-2.985663,0.001400,0.000000,-2.665588,4.213570,-2.985663,0.001400,0.000000,nan,nan,nan,nan,nan,0.000000,0
1788899821.126730,34.996392,-2.665371,4.212187,-2.985663,-2.665588,4.213570,-2.985663,0.001400,0.000000,-2.665588,4.213570,-2.985663,0.001400,0.000000,-2.665588,4.213570,-2.985663,0.001400,0.000000,nan,nan,nan,nan,nan,0.000000,0
1788899821.175962,35.045624,-2.665371,4.212187,-2.985663,-2.665588,4.213570,-2.985663,0.001400,0.000000,-2.665588,4.213570,-2.985663,0.001400,0.000000,-2.665588,4.213570,-2.985663,0.001400,0.000000,nan,nan,nan,nan,nan,0.000000,0
1788899821.175962,35.045624,-2.665371,4.212187,-2.985663,-2.665588,4.213570,-2.985663,0.001400,0.000000,-2.665588,4.213570,-2.985663,0.001400,0.000000,-2.665588,4.213570,-2.985663,0.001400,0.000000,nan,nan,nan,nan,nan,0.000000,0
1788899821.225974,35.095635,-2.665371,4.212187,-2.985663,-2.665588,4.213570,-2.985663,0.001400,0.000000,-2.665588,4.213570,-2.985663,0.001400,0.000000,-2.665588,4.213570,-2.985663,0.001400,0.000000,nan,nan,nan,nan,nan,0.000000,0
1788899821.225974,35.095635,-2.665371,4.212187,-2.985663,-2.665588,4.213570,-2.985663,0.001400,0.000000,-2.665588,4.213570,-2.985663,0.001400,0.000000,-2.665588,4.213570,-2.985663,0.001400,0.000000,nan,nan,nan,nan,nan,0.000000,0
1788899821.276653,35.146315,-2.665371,4.212187,-2.985663,-2.665588,4.213570,-2.985663,0.001400,0.000000,-2.665588,4.213570,-2.985663,0.001400,0.000000,-2.665588,4.213570,-2.985663,0.001400,0.000000,nan,nan,nan,nan,nan,0.000000,0
1788899821.276653,35.146315,-2.665371,4.212187,-2.985663,-2.665588,4.213570,-2.985663,0.001400,0.000000,-2.665588,4.213570,-2.985663,0.001400,0.000000,-2.665588,4.213570,-2.985663,0.001400,0.000000,nan,nan,nan,nan,nan,0.000000,0
1788899821.326679,35.196341,-2.665371,4.212187,-2.985663,-2.665588,4.213570,-2.985663,0.001400,0.000000,-2.665588,4.213570,-2.985663,0.001400,0.000000,-2.665588,4.213570,-2.985663,0.001400,0.000000,nan,nan,nan,nan,nan,0.000000,0
1788899821.326679,35.196341,-2.665371,4.212187,-2.985663,-2.665588,4.213570,-2.985663,0.001400,0.000000,-2.665588,4.213570,-2.985663,0.001400,0.000000,-2.665588,4.213570,-2.985663,0.001400,0.000000,nan,nan,nan,nan,nan,0.000000,0
1788899821.376561,35.246223,-2.665371,4.212187,-2.985663,-2.665588,4.213570,-2.985663,0.001400,0.000000,-2.665588,4.213570,-2.985663,0.001400,0.000000,-2.665588,4.213570,-2.985663,0.001400,0.000000,nan,nan,nan,nan,nan,0.000000,0
1788899821.376561,35.246223,-2.665371,4.212187,-2.985663,-2.665588,4.213570,-2.985663,0.001400,0.000000,-2.665588,4.213570,-2.985663,0.001400,0.000000,-2.665588,4.213570,-2.985663,0.001400,0.000000,nan,nan,nan,nan,nan,0.000000,0
1788899821.426821,35.296483,-2.665371,4.212187,-2.985663,-2.665588,4.213570,-2.985663,0.001400,0.000000,-2.665588,4.213570,-2.985663,0.001400,0.000000,-2.665588,4.213570,-2.985663,0.001400,0.000000,nan,nan,nan,nan,nan,0.000000,0
1788899821.426821,35.296483,-2.665371,4.212187,-2.985663,-2.665588,4.213570,-2.985663,0.001400,0.000000,-2.665588,4.213570,-2.985663,0.001400,0.000000,-2.665588,4.213570,-2.985663,0.001400,0.000000,nan,nan,nan,nan,nan,0.000000,0
1788899821.476701,35.346362,-2.665371,4.212187,-2.985663,-2.665588,4.213570,-2.985663,0.001400,0.000000,-2.665588,4.213570,-2.985663,0.001400,0.000000,-2.665588,4.213570,-2.985663,0.001400,0.000000,nan,nan,nan,nan,nan,0.000000,0
1788899821.476701,35.346362,-2.665371,4.212187,-2.985663,-2.665588,4.213570,-2.985663,0.001400,0.000000,-2.665588,4.213570,-2.985663,0.001400,0.000000,-2.665588,4.213570,-2.985663,0.001400,0.000000,nan,nan,nan,nan,nan,0.000000,0
1788899821.526696,35.396358,-2.665371,4.212187,-2.985663,-2.665588,4.213570,-2.985663,0.001400,0.000000,-2.665588,4.213570,-2.985663,0.001400,0.000000,-2.665588,4.213570,-2.985663,0.001400,0.000000,nan,nan,nan,nan,nan,0.000000,0
1788899821.526696,35.396358,-2.665371,4.212187,-2.985663,-2.665588,4.213570,-2.985663,0.001400,0.000000,-2.665588,4.213570,-2.985663,0.001400,0.000000,-2.665588,4.213570,-2.985663,0.001400,0.000000,nan,nan,nan,nan,nan,0.000000,0
1788899821.575900,35.445562,-2.665371,4.212187,-2.985663,-2.665588,4.213570,-2.985663,0.001400,0.000000,-2.665588,4.213570,-2.985663,0.001400,0.000000,-2.665588,4.213570,-2.985663,0.001400,0.000000,nan,nan,nan,nan,nan,0.000000,0
1788899821.575900,35.445562,-2.665371,4.212187,-2.985663,-2.665588,4.213570,-2.985663,0.001400,0.000000,-2.665588,4.213570,-2.985663,0.001400,0.000000,-2.665588,4.213570,-2.985663,0.001400,0.000000,nan,nan,nan,nan,nan,0.000000,0
1788899821.626006,35.495668,-2.665371,4.212187,-2.985663,-2.665588,4.213570,-2.985663,0.001400,0.000000,-2.665588,4.213570,-2.985663,0.001400,0.000000,-2.665588,4.213570,-2.985663,0.001400,0.000000,nan,nan,nan,nan,nan,0.000000,0
1788899821.626006,35.495668,-2.665371,4.212187,-2.985663,-2.665588,4.213570,-2.985663,0.001400,0.000000,-2.665588,4.213570,-2.985663,0.001400,0.000000,-2.665588,4.213570,-2.985663,0.001400,0.000000,nan,nan,nan,nan,nan,0.000000,0
1788899821.676737,35.546398,-2.665371,4.212187,-2.985663,-2.665588,4.213570,-2.985663,0.001400,0.000000,-2.665588,4.213570,-2.985663,0.001400,0.000000,-2.665588,4.213570,-2.985663,0.001400,0.000000,nan,nan,nan,nan,nan,0.000000,0
1788899821.676737,35.546398,-2.665371,4.212187,-2.985663,-2.665588,4.213570,-2.985663,0.001400,0.000000,-2.665588,4.213570,-2.985663,0.001400,0.000000,-2.665588,4.213570,-2.985663,0.001400,0.000000,nan,nan,nan,nan,nan,0.000000,0
1788899821.726525,35.596187,-2.665371,4.212187,-2.985663,-2.665588,4.213570,-2.985663,0.001400,0.000000,-2.665588,4.213570,-2.985663,0.001400,0.000000,-2.665588,4.213570,-2.985663,0.001400,0.000000,nan,nan,nan,nan,nan,0.000000,0
1788899821.726525,35.596187,-2.665371,4.212187,-2.985663,-2.665588,4.213570,-2.985663,0.001400,0.000000,-2.665588,4.213570,-2.985663,0.001400,0.000000,-2.665588,4.213570,-2.985663,0.001400,0.000000,nan,nan,nan,nan,nan,0.000000,0
1788899821.776585,35.646247,-2.665371,4.212187,-2.985663,-2.665588,4.213570,-2.985663,0.001400,0.000000,-2.665588,4.213570,-2.985663,0.001400,0.000000,-2.665588,4.213570,-2.985663,0.001400,0.000000,nan,nan,nan,nan,nan,0.000000,0
1788899821.776585,35.646247,-2.665371,4.212187,-2.985663,-2.665588,4.213570,-2.985663,0.001400,0.000000,-2.665588,4.213570,-2.985663,0.001400,0.000000,-2.665588,4.213570,-2.985663,0.001400,0.000000,nan,nan,nan,nan,nan,0.000000,0
1788899821.826672,35.696333,-2.665371,4.212187,-2.985663,-2.665588,4.213570,-2.985663,0.001400,0.000000,-2.665588,4.213570,-2.985663,0.001400,0.000000,-2.665588,4.213570,-2.985663,0.001400,0.000000,nan,nan,nan,nan,nan,0.000000,0
1788899821.826672,35.696333,-2.665371,4.212187,-2.985663,-2.665588,4.213570,-2.985663,0.001400,0.000000,-2.665588,4.213570,-2.985663,0.001400,0.000000,-2.665588,4.213570,-2.985663,0.001400,0.000000,nan,nan,nan,nan,nan,0.000000,0
1788899821.875962,35.745624,-2.665371,4.212187,-2.985663,-2.665588,4.213570,-2.985663,0.001400,0.000000,-2.665588,4.213570,-2.985663,0.001400,0.000000,-2.665588,4.213570,-2.985663,0.001400,0.000000,nan,nan,nan,nan,nan,0.000000,0
1788899821.875962,35.745624,-2.665371,4.212187,-2.985663,-2.665588,4.213570,-2.985663,0.001400,0.000000,-2.665588,4.213570,-2.985663,0.001400,0.000000,-2.665588,4.213570,-2.985663,0.001400,0.000000,nan,nan,nan,nan,nan,0.000000,0
1788899821.926209,35.795871,-2.665371,4.212187,-2.985663,-2.665588,4.213570,-2.985663,0.001400,0.000000,-2.665588,4.213570,-2.985663,0.001400,0.000000,-2.665588,4.213570,-2.985663,0.001400,0.000000,nan,nan,nan,nan,nan,0.000000,0
1788899821.926209,35.795871,-2.665371,4.212187,-2.985663,-2.665588,4.213570,-2.985663,0.001400,0.000000,-2.665588,4.213570,-2.985663,0.001400,0.000000,-2.665588,4.213570,-2.985663,0.001400,0.000000,nan,nan,nan,nan,nan,0.000000,0
1788899821.976772,35.846434,-2.665371,4.212187,-2.985663,-2.665588,4.213570,-2.985663,0.001400,0.000000,-2.665588,4.213570,-2.985663,0.001400,0.000000,-2.665588,4.213570,-2.985663,0.001400,0.000000,nan,nan,nan,nan,nan,0.000000,0
1788899821.976772,35.846434,-2.665371,4.212187,-2.985663,-2.665588,4.213570,-2.985663,0.001400,0.000000,-2.665588,4.213570,-2.985663,0.001400,0.000000,-2.665588,4.213570,-2.985663,0.001400,0.000000,nan,nan,nan,nan,nan,0.000000,0
1788899822.026049,35.895711,-2.665371,4.212187,-2.985663,-2.665588,4.213570,-2.985663,0.001400,0.000000,-2.665588,4.213570,-2.985663,0.001400,0.000000,-2.665588,4.213570,-2.985663,0.001400,0.000000,nan,nan,nan,nan,nan,0.000000,0
1788899822.026049,35.895711,-2.665371,4.212187,-2.985663,-2.665588,4.213570,-2.985663,0.001400,0.000000,-2.665588,4.213570,-2.985663,0.001400,0.000000,-2.665588,4.213570,-2.985663,0.001400,0.000000,nan,nan,nan,nan,nan,0.000000,0
1788899822.076790,35.946452,-2.665371,4.212187,-2.985663,-2.665588,4.213570,-2.985663,0.001400,0.000000,-2.665588,4.213570,-2.985663,0.001400,0.000000,-2.665588,4.213570,-2.985663,0.001400,0.000000,nan,nan,nan,nan,nan,0.000000,0
1788899822.076790,35.946452,-2.665371,4.212187,-2.985663,-2.665588,4.213570,-2.985663,0.001400,0.000000,-2.665588,4.213570,-2.985663,0.001400,0.000000,-2.665588,4.213570,-2.985663,0.001400,0.000000,nan,nan,nan,nan,nan,0.000000,0
1788899822.125995,35.995657,-2.665371,4.212187,-2.985663,-2.665588,4.213570,-2.985663,0.001400,0.000000,-2.665588,4.213570,-2.985663,0.001400,0.000000,-2.665588,4.213570,-2.985663,0.001400,0.000000,nan,nan,nan,nan,nan,0.000000,0
1788899822.125995,35.995657,-2.665371,4.212187,-2.985663,-2.665588,4.213570,-2.985663,0.001400,0.000000,-2.665588,4.213570,-2.985663,0.001400,0.000000,-2.665588,4.213570,-2.985663,0.001400,0.000000,nan,nan,nan,nan,nan,0.000000,0
1788899822.176541,36.046203,-2.665371,4.212187,-2.985663,-2.665588,4.213570,-2.985663,0.001400,0.000000,-2.665588,4.213570,-2.985663,0.001400,0.000000,-2.665588,4.213570,-2.985663,0.001400,0.000000,nan,nan,nan,nan,nan,0.000000,0
1788899822.176541,36.046203,-2.665371,4.212187,-2.985663,-2.665588,4.213570,-2.985663,0.001400,0.000000,-2.665588,4.213570,-2.985663,0.001400,0.000000,-2.665588,4.213570,-2.985663,0.001400,0.000000,nan,nan,nan,nan,nan,0.000000,0
1788899822.226145,36.095807,-2.665371,4.212187,-2.985663,-2.665588,4.213570,-2.985663,0.001400,0.000000,-2.665588,4.213570,-2.985663,0.001400,0.000000,-2.665588,4.213570,-2.985663,0.001400,0.000000,nan,nan,nan,nan,nan,0.000000,0
1788899822.226145,36.095807,-2.665371,4.212187,-2.985663,-2.665588,4.213570,-2.985663,0.001400,0.000000,-2.665588,4.213570,-2.985663,0.001400,0.000000,-2.665588,4.213570,-2.985663,0.001400,0.000000,nan,nan,nan,nan,nan,0.000000,0
1788899822.276658,36.146320,-2.665371,4.212187,-2.985663,-2.665588,4.213570,-2.985663,0.001400,0.000000,-2.665588,4.213570,-2.985663,0.001400,0.000000,-2.665588,4.213570,-2.985663,0.001400,0.000000,nan,nan,nan,nan,nan,0.000000,0
1788899822.276658,36.146320,-2.665371,4.212187,-2.985663,-2.665588,4.213570,-2.985663,0.001400,0.000000,-2.665588,4.213570,-2.985663,0.001400,0.000000,-2.665588,4.213570,-2.985663,0.001400,0.000000,nan,nan,nan,nan,nan,0.000000,0
1788899822.326921,36.196583,-2.665371,4.212187,-2.985663,-2.665588,4.213570,-2.985663,0.001400,0.000000,-2.665588,4.213570,-2.985663,0.001400,0.000000,-2.665588,4.213570,-2.985663,0.001400,0.000000,nan,nan,nan,nan,nan,0.000000,0
1788899822.326921,36.196583,-2.665371,4.212187,-2.985663,-2.665588,4.213570,-2.985663,0.001400,0.000000,-2.665588,4.213570,-2.985663,0.001400,0.000000,-2.665588,4.213570,-2.985663,0.001400,0.000000,nan,nan,nan,nan,nan,0.000000,0
1788899822.375926,36.245588,-2.665371,4.212187,-2.985663,-2.665588,4.213570,-2.985663,0.001400,0.000000,-2.665588,4.213570,-2.985663,0.001400,0.000000,-2.665588,4.213570,-2.985663,0.001400,0.000000,nan,nan,nan,nan,nan,0.000000,0
1788899822.375926,36.245588,-2.665371,4.212187,-2.985663,-2.665588,4.213570,-2.985663,0.001400,0.000000,-2.665588,4.213570,-2.985663,0.001400,0.000000,-2.665588,4.213570,-2.985663,0.001400,0.000000,nan,nan,nan,nan,nan,0.000000,0
1788899822.426760,36.296422,-2.665371,4.212187,-2.985663,-2.665588,4.213570,-2.985663,0.001400,0.000000,-2.665588,4.213570,-2.985663,0.001400,0.000000,-2.665588,4.213570,-2.985663,0.001400,0.000000,nan,nan,nan,nan,nan,0.000000,0
1788899822.426760,36.296422,-2.665371,4.212187,-2.985663,-2.665588,4.213570,-2.985663,0.001400,0.000000,-2.665588,4.213570,-2.985663,0.001400,0.000000,-2.665588,4.213570,-2.985663,0.001400,0.000000,nan,nan,nan,nan,nan,0.000000,0
1788899822.476738,36.346400,-2.665371,4.212187,-2.985663,-2.665588,4.213570,-2.985663,0.001400,0.000000,-2.665588,4.213570,-2.985663,0.001400,0.000000,-2.665588,4.213570,-2.985663,0.001400,0.000000,nan,nan,nan,nan,nan,0.000000,0
1788899822.476738,36.346400,-2.665371,4.212187,-2.985663,-2.665588,4.213570,-2.985663,0.001400,0.000000,-2.665588,4.213570,-2.985663,0.001400,0.000000,-2.665588,4.213570,-2.985663,0.001400,0.000000,nan,nan,nan,nan,nan,0.000000,0
1788899822.526566,36.396228,-2.665371,4.212187,-2.985663,-2.665588,4.213570,-2.985663,0.001400,0.000000,-2.665588,4.213570,-2.985663,0.001400,0.000000,-2.665588,4.213570,-2.985663,0.001400,0.000000,nan,nan,nan,nan,nan,0.000000,0
1788899822.526566,36.396228,-2.665371,4.212187,-2.985663,-2.665588,4.213570,-2.985663,0.001400,0.000000,-2.665588,4.213570,-2.985663,0.001400,0.000000,-2.665588,4.213570,-2.985663,0.001400,0.000000,nan,nan,nan,nan,nan,0.000000,0
1788899822.576801,36.446463,-2.665371,4.212187,-2.985663,-2.665588,4.213570,-2.985663,0.001400,0.000000,-2.665588,4.213570,-2.985663,0.001400,0.000000,-2.665588,4.213570,-2.985663,0.001400,0.000000,nan,nan,nan,nan,nan,0.000000,0
1788899822.576801,36.446463,-2.665371,4.212187,-2.985663,-2.665588,4.213570,-2.985663,0.001400,0.000000,-2.665588,4.213570,-2.985663,0.001400,0.000000,-2.665588,4.213570,-2.985663,0.001400,0.000000,nan,nan,nan,nan,nan,0.000000,0
1788899822.626915,36.496577,-2.665371,4.212187,-2.985663,-2.665588,4.213570,-2.985663,0.001400,0.000000,-2.665588,4.213570,-2.985663,0.001400,0.000000,-2.665588,4.213570,-2.985663,0.001400,0.000000,nan,nan,nan,nan,nan,0.000000,0
1788899822.626915,36.496577,-2.665371,4.212187,-2.985663,-2.665588,4.213570,-2.985663,0.001400,0.000000,-2.665588,4.213570,-2.985663,0.001400,0.000000,-2.665588,4.213570,-2.985663,0.001400,0.000000,nan,nan,nan,nan,nan,0.000000,0
1788899822.676798,36.546460,-2.665371,4.212187,-2.985663,-2.665588,4.213570,-2.985663,0.001400,0.000000,-2.665588,4.213570,-2.985663,0.001400,0.000000,-2.665588,4.213570,-2.985663,0.001400,0.000000,nan,nan,nan,nan,nan,0.000000,0
1788899822.676798,36.546460,-2.665371,4.212187,-2.985663,-2.665588,4.213570,-2.985663,0.001400,0.000000,-2.665588,4.213570,-2.985663,0.001400,0.000000,-2.665588,4.213570,-2.985663,0.001400,0.000000,nan,nan,nan,nan,nan,0.000000,0
1788899822.726600,36.596262,-2.665371,4.212187,-2.985663,-2.665588,4.213570,-2.985663,0.001400,0.000000,-2.665588,4.213570,-2.985663,0.001400,0.000000,-2.665588,4.213570,-2.985663,0.001400,0.000000,nan,nan,nan,nan,nan,0.000000,0
1788899822.726600,36.596262,-2.665371,4.212187,-2.985663,-2.665588,4.213570,-2.985663,0.001400,0.000000,-2.665588,4.213570,-2.985663,0.001400,0.000000,-2.665588,4.213570,-2.985663,0.001400,0.000000,nan,nan,nan,nan,nan,0.000000,0
1788899822.776565,36.646226,-2.665371,4.212187,-2.985663,-2.665588,4.213570,-2.985663,0.001400,0.000000,-2.665588,4.213570,-2.985663,0.001400,0.000000,-2.665588,4.213570,-2.985663,0.001400,0.000000,nan,nan,nan,nan,nan,0.000000,0
1788899822.776565,36.646226,-2.665371,4.212187,-2.985663,-2.665588,4.213570,-2.985663,0.001400,0.000000,-2.665588,4.213570,-2.985663,0.001400,0.000000,-2.665588,4.213570,-2.985663,0.001400,0.000000,nan,nan,nan,nan,nan,0.000000,0
1788899822.826054,36.695715,-2.665371,4.212187,-2.985663,-2.665588,4.213570,-2.985663,0.001400,0.000000,-2.665588,4.213570,-2.985663,0.001400,0.000000,-2.665588,4.213570,-2.985663,0.001400,0.000000,nan,nan,nan,nan,nan,0.000000,0
1788899822.826054,36.695715,-2.665371,4.212187,-2.985663,-2.665588,4.213570,-2.985663,0.001400,0.000000,-2.665588,4.213570,-2.985663,0.001400,0.000000,-2.665588,4.213570,-2.985663,0.001400,0.000000,nan,nan,nan,nan,nan,0.000000,0
1788899822.876789,36.746450,-2.665371,4.212187,-2.985663,-2.665588,4.213570,-2.985663,0.001400,0.000000,-2.665588,4.213570,-2.985663,0.001400,0.000000,-2.665588,4.213570,-2.985663,0.001400,0.000000,nan,nan,nan,nan,nan,0.000000,0
1788899822.876789,36.746450,-2.665371,4.212187,-2.985663,-2.665588,4.213570,-2.985663,0.001400,0.000000,-2.665588,4.213570,-2.985663,0.001400,0.000000,-2.665588,4.213570,-2.985663,0.001400,0.000000,nan,nan,nan,nan,nan,0.000000,0
1788899822.926650,36.796312,-2.665371,4.212187,-2.985663,-2.665588,4.213570,-2.985663,0.001400,0.000000,-2.665588,4.213570,-2.985663,0.001400,0.000000,-2.665588,4.213570,-2.985663,0.001400,0.000000,nan,nan,nan,nan,nan,0.000000,0
1788899822.926650,36.796312,-2.665371,4.212187,-2.985663,-2.665588,4.213570,-2.985663,0.001400,0.000000,-2.665588,4.213570,-2.985663,0.001400,0.000000,-2.665588,4.213570,-2.985663,0.001400,0.000000,nan,nan,nan,nan,nan,0.000000,0
1788899822.976573,36.846235,-2.665371,4.212187,-2.985663,-2.665588,4.213570,-2.985663,0.001400,0.000000,-2.665588,4.213570,-2.985663,0.001400,0.000000,-2.665588,4.213570,-2.985663,0.001400,0.000000,nan,nan,nan,nan,nan,0.000000,0
1788899822.976573,36.846235,-2.665371,4.212187,-2.985663,-2.665588,4.213570,-2.985663,0.001400,0.000000,-2.665588,4.213570,-2.985663,0.001400,0.000000,-2.665588,4.213570,-2.985663,0.001400,0.000000,nan,nan,nan,nan,nan,0.000000,0
1788899823.025987,36.895648,-2.665371,4.212187,-2.985663,-2.665588,4.213570,-2.985663,0.001400,0.000000,-2.665588,4.213570,-2.985663,0.001400,0.000000,-2.665588,4.213570,-2.985663,0.001400,0.000000,nan,nan,nan,nan,nan,0.000000,0
1788899823.025987,36.895648,-2.665371,4.212187,-2.985663,-2.665588,4.213570,-2.985663,0.001400,0.000000,-2.665588,4.213570,-2.985663,0.001400,0.000000,-2.665588,4.213570,-2.985663,0.001400,0.000000,nan,nan,nan,nan,nan,0.000000,0
1788899823.076044,36.945706,-2.665371,4.212187,-2.985663,-2.665588,4.213570,-2.985663,0.001400,0.000000,-2.665588,4.213570,-2.985663,0.001400,0.000000,-2.665588,4.213570,-2.985663,0.001400,0.000000,nan,nan,nan,nan,nan,0.000000,0
1788899823.076044,36.945706,-2.665371,4.212187,-2.985663,-2.665588,4.213570,-2.985663,0.001400,0.000000,-2.665588,4.213570,-2.985663,0.001400,0.000000,-2.665588,4.213570,-2.985663,0.001400,0.000000,nan,nan,nan,nan,nan,0.000000,0
1788899823.126471,36.996133,-2.665371,4.212187,-2.985663,-2.665588,4.213570,-2.985663,0.001400,0.000000,-2.665588,4.213570,-2.985663,0.001400,0.000000,-2.665588,4.213570,-2.985663,0.001400,0.000000,nan,nan,nan,nan,nan,0.000000,0
1788899823.126471,36.996133,-2.665371,4.212187,-2.985663,-2.665588,4.213570,-2.985663,0.001400,0.000000,-2.665588,4.213570,-2.985663,0.001400,0.000000,-2.665588,4.213570,-2.985663,0.001400,0.000000,nan,nan,nan,nan,nan,0.000000,0
1788899823.176485,37.046147,-2.665371,4.212187,-2.985663,-2.665588,4.213570,-2.985663,0.001400,0.000000,-2.665588,4.213570,-2.985663,0.001400,0.000000,-2.665588,4.213570,-2.985663,0.001400,0.000000,nan,nan,nan,nan,nan,0.000000,0
1788899823.176485,37.046147,-2.665371,4.212187,-2.985663,-2.665588,4.213570,-2.985663,0.001400,0.000000,-2.665588,4.213570,-2.985663,0.001400,0.000000,-2.665588,4.213570,-2.985663,0.001400,0.000000,nan,nan,nan,nan,nan,0.000000,0
1788899823.226511,37.096173,-2.665355,4.212088,-2.985663,-2.665588,4.213570,-2.985663,0.001500,0.000000,-2.665588,4.213570,-2.985663,0.001500,0.000000,-2.665588,4.213570,-2.985663,0.001500,0.000000,nan,nan,nan,nan,nan,0.001999,0
1788899823.226511,37.096173,-2.665355,4.212088,-2.985663,-2.665588,4.213570,-2.985663,0.001500,0.000000,-2.665588,4.213570,-2.985663,0.001500,0.000000,-2.665588,4.213570,-2.985663,0.001500,0.000000,nan,nan,nan,nan,nan,0.001999,0
1788899823.276274,37.145936,-2.665355,4.212088,-2.985663,-2.665588,4.213570,-2.985663,0.001500,0.000000,-2.665588,4.213570,-2.985663,0.001500,0.000000,-2.665588,4.213570,-2.985663,0.001500,0.000000,nan,nan,nan,nan,nan,0.000000,0
1788899823.276274,37.145936,-2.665355,4.212088,-2.985663,-2.665588,4.213570,-2.985663,0.001500,0.000000,-2.665588,4.213570,-2.985663,0.001500,0.000000,-2.665588,4.213570,-2.985663,0.001500,0.000000,nan,nan,nan,nan,nan,0.000000,0
1788899823.326935,37.196597,-2.665355,4.212088,-2.985663,-2.665588,4.213570,-2.985663,0.001500,0.000000,-2.665588,4.213570,-2.985663,0.001500,0.000000,-2.665588,4.213570,-2.985663,0.001500,0.000000,nan,nan,nan,nan,nan,0.000000,0
1788899823.326935,37.196597,-2.665355,4.212088,-2.985663,-2.665588,4.213570,-2.985663,0.001500,0.000000,-2.665588,4.213570,-2.985663,0.001500,0.000000,-2.665588,4.213570,-2.985663,0.001500,0.000000,nan,nan,nan,nan,nan,0.000000,0
1788899823.376850,37.246512,-2.665355,4.212088,-2.985663,-2.665588,4.213570,-2.985663,0.001500,0.000000,-2.665588,4.213570,-2.985663,0.001500,0.000000,-2.665588,4.213570,-2.985663,0.001500,0.000000,nan,nan,nan,nan,nan,0.000000,0
1788899823.376850,37.246512,-2.665355,4.212088,-2.985663,-2.665588,4.213570,-2.985663,0.001500,0.000000,-2.665588,4.213570,-2.985663,0.001500,0.000000,-2.665588,4.213570,-2.985663,0.001500,0.000000,nan,nan,nan,nan,nan,0.000000,0
1788899823.426819,37.296481,-2.665355,4.212088,-2.985663,-2.665588,4.213570,-2.985663,0.001500,0.000000,-2.665588,4.213570,-2.985663,0.001500,0.000000,-2.665588,4.213570,-2.985663,0.001500,0.000000,nan,nan,nan,nan,nan,0.000000,0
1788899823.426819,37.296481,-2.665355,4.212088,-2.985663,-2.665588,4.213570,-2.985663,0.001500,0.000000,-2.665588,4.213570,-2.985663,0.001500,0.000000,-2.665588,4.213570,-2.985663,0.001500,0.000000,nan,nan,nan,nan,nan,0.000000,0
1788899823.476412,37.346074,-2.665355,4.212088,-2.985663,-2.665588,4.213570,-2.985663,0.001500,0.000000,-2.665588,4.213570,-2.985663,0.001500,0.000000,-2.665588,4.213570,-2.985663,0.001500,0.000000,nan,nan,nan,nan,nan,0.000000,0
1788899823.476412,37.346074,-2.665355,4.212088,-2.985663,-2.665588,4.213570,-2.985663,0.001500,0.000000,-2.665588,4.213570,-2.985663,0.001500,0.000000,-2.665588,4.213570,-2.985663,0.001500,0.000000,nan,nan,nan,nan,nan,0.000000,0
1788899823.525941,37.395602,-2.665355,4.212088,-2.985663,-2.665588,4.213570,-2.985663,0.001500,0.000000,-2.665588,4.213570,-2.985663,0.001500,0.000000,-2.665588,4.213570,-2.985663,0.001500,0.000000,nan,nan,nan,nan,nan,0.000000,0
1788899823.525941,37.395602,-2.665355,4.212088,-2.985663,-2.665588,4.213570,-2.985663,0.001500,0.000000,-2.665588,4.213570,-2.985663,0.001500,0.000000,-2.665588,4.213570,-2.985663,0.001500,0.000000,nan,nan,nan,nan,nan,0.000000,0
1788899823.576795,37.446457,-2.665355,4.212088,-2.985663,-2.665588,4.213570,-2.985663,0.001500,0.000000,-2.665588,4.213570,-2.985663,0.001500,0.000000,-2.665588,4.213570,-2.985663,0.001500,0.000000,nan,nan,nan,nan,nan,0.000000,0
1788899823.576795,37.446457,-2.665355,4.212088,-2.985663,-2.665588,4.213570,-2.985663,0.001500,0.000000,-2.665588,4.213570,-2.985663,0.001500,0.000000,-2.665588,4.213570,-2.985663,0.001500,0.000000,nan,nan,nan,nan,nan,0.000000,0
1788899823.625947,37.495609,-2.665355,4.212088,-2.985663,-2.665588,4.213570,-2.985663,0.001500,0.000000,-2.665588,4.213570,-2.985663,0.001500,0.000000,-2.665588,4.213570,-2.985663,0.001500,0.000000,nan,nan,nan,nan,nan,0.000000,0
1788899823.625947,37.495609,-2.665355,4.212088,-2.985663,-2.665588,4.213570,-2.985663,0.001500,0.000000,-2.665588,4.213570,-2.985663,0.001500,0.000000,-2.665588,4.213570,-2.985663,0.001500,0.000000,nan,nan,nan,nan,nan,0.000000,0
1788899823.676729,37.546391,-2.665355,4.212088,-2.985663,-2.665588,4.213570,-2.985663,0.001500,0.000000,-2.665588,4.213570,-2.985663,0.001500,0.000000,-2.665588,4.213570,-2.985663,0.001500,0.000000,nan,nan,nan,nan,nan,0.000000,0
1788899823.676729,37.546391,-2.665355,4.212088,-2.985663,-2.665588,4.213570,-2.985663,0.001500,0.000000,-2.665588,4.213570,-2.985663,0.001500,0.000000,-2.665588,4.213570,-2.985663,0.001500,0.000000,nan,nan,nan,nan,nan,0.000000,0
1788899823.726566,37.596228,-2.665355,4.212088,-2.985663,-2.665588,4.213570,-2.985663,0.001500,0.000000,-2.665588,4.213570,-2.985663,0.001500,0.000000,-2.665588,4.213570,-2.985663,0.001500,0.000000,nan,nan,nan,nan,nan,0.000000,0
1788899823.726566,37.596228,-2.665355,4.212088,-2.985663,-2.665588,4.213570,-2.985663,0.001500,0.000000,-2.665588,4.213570,-2.985663,0.001500,0.000000,-2.665588,4.213570,-2.985663,0.001500,0.000000,nan,nan,nan,nan,nan,0.000000,0
1788899823.776015,37.645677,-2.665355,4.212088,-2.985663,-2.665588,4.213570,-2.985663,0.001500,0.000000,-2.665588,4.213570,-2.985663,0.001500,0.000000,-2.665588,4.213570,-2.985663,0.001500,0.000000,nan,nan,nan,nan,nan,0.000000,0
1788899823.776015,37.645677,-2.665355,4.212088,-2.985663,-2.665588,4.213570,-2.985663,0.001500,0.000000,-2.665588,4.213570,-2.985663,0.001500,0.000000,-2.665588,4.213570,-2.985663,0.001500,0.000000,nan,nan,nan,nan,nan,0.000000,0
1788899823.826915,37.696577,-2.665355,4.212088,-2.985663,-2.665588,4.213570,-2.985663,0.001500,0.000000,-2.665588,4.213570,-2.985663,0.001500,0.000000,-2.665588,4.213570,-2.985663,0.001500,0.000000,nan,nan,nan,nan,nan,0.000000,0
1788899823.826915,37.696577,-2.665355,4.212088,-2.985663,-2.665588,4.213570,-2.985663,0.001500,0.000000,-2.665588,4.213570,-2.985663,0.001500,0.000000,-2.665588,4.213570,-2.985663,0.001500,0.000000,nan,nan,nan,nan,nan,0.000000,0
1788899823.876486,37.746148,-2.665355,4.212088,-2.985663,-2.665588,4.213570,-2.985663,0.001500,0.000000,-2.665588,4.213570,-2.985663,0.001500,0.000000,-2.665588,4.213570,-2.985663,0.001500,0.000000,nan,nan,nan,nan,nan,0.000000,0
1788899823.876486,37.746148,-2.665355,4.212088,-2.985663,-2.665588,4.213570,-2.985663,0.001500,0.000000,-2.665588,4.213570,-2.985663,0.001500,0.000000,-2.665588,4.213570,-2.985663,0.001500,0.000000,nan,nan,nan,nan,nan,0.000000,0
1788899823.926485,37.796147,-2.665355,4.212088,-2.985663,-2.665588,4.213570,-2.985663,0.001500,0.000000,-2.665588,4.213570,-2.985663,0.001500,0.000000,-2.665588,4.213570,-2.985663,0.001500,0.000000,nan,nan,nan,nan,nan,0.000000,0
1788899823.926485,37.796147,-2.665355,4.212088,-2.985663,-2.665588,4.213570,-2.985663,0.001500,0.000000,-2.665588,4.213570,-2.985663,0.001500,0.000000,-2.665588,4.213570,-2.985663,0.001500,0.000000,nan,nan,nan,nan,nan,0.000000,0
1788899823.976837,37.846499,-2.665355,4.212088,-2.985663,-2.665588,4.213570,-2.985663,0.001500,0.000000,-2.665588,4.213570,-2.985663,0.001500,0.000000,-2.665588,4.213570,-2.985663,0.001500,0.000000,nan,nan,nan,nan,nan,0.000000,0
1788899823.976837,37.846499,-2.665355,4.212088,-2.985663,-2.665588,4.213570,-2.985663,0.001500,0.000000,-2.665588,4.213570,-2.985663,0.001500,0.000000,-2.665588,4.213570,-2.985663,0.001500,0.000000,nan,nan,nan,nan,nan,0.000000,0
1788899824.026294,37.895956,-2.665355,4.212088,-2.985663,-2.665588,4.213570,-2.985663,0.001500,0.000000,-2.665588,4.213570,-2.985663,0.001500,0.000000,-2.665588,4.213570,-2.985663,0.001500,0.000000,nan,nan,nan,nan,nan,0.000000,0
1788899824.026294,37.895956,-2.665355,4.212088,-2.985663,-2.665588,4.213570,-2.985663,0.001500,0.000000,-2.665588,4.213570,-2.985663,0.001500,0.000000,-2.665588,4.213570,-2.985663,0.001500,0.000000,nan,nan,nan,nan,nan,0.000000,0
1788899824.076780,37.946441,-2.665355,4.212088,-2.985663,-2.665588,4.213570,-2.985663,0.001500,0.000000,-2.665588,4.213570,-2.985663,0.001500,0.000000,-2.665588,4.213570,-2.985663,0.001500,0.000000,nan,nan,nan,nan,nan,0.000000,0
1788899824.076780,37.946441,-2.665355,4.212088,-2.985663,-2.665588,4.213570,-2.985663,0.001500,0.000000,-2.665588,4.213570,-2.985663,0.001500,0.000000,-2.665588,4.213570,-2.985663,0.001500,0.000000,nan,nan,nan,nan,nan,0.000000,0
1788899824.125879,37.995541,-2.665355,4.212088,-2.985663,-2.665588,4.213570,-2.985663,0.001500,0.000000,-2.665588,4.213570,-2.985663,0.001500,0.000000,-2.665588,4.213570,-2.985663,0.001500,0.000000,nan,nan,nan,nan,nan,0.000000,0
1788899824.125879,37.995541,-2.665355,4.212088,-2.985663,-2.665588,4.213570,-2.985663,0.001500,0.000000,-2.665588,4.213570,-2.985663,0.001500,0.000000,-2.665588,4.213570,-2.985663,0.001500,0.000000,nan,nan,nan,nan,nan,0.000000,0
1788899824.176794,38.046456,-2.665355,4.212088,-2.985663,-2.665588,4.213570,-2.985663,0.001500,0.000000,-2.665588,4.213570,-2.985663,0.001500,0.000000,-2.665588,4.213570,-2.985663,0.001500,0.000000,nan,nan,nan,nan,nan,0.000000,0
1788899824.176794,38.046456,-2.665355,4.212088,-2.985663,-2.665588,4.213570,-2.985663,0.001500,0.000000,-2.665588,4.213570,-2.985663,0.001500,0.000000,-2.665588,4.213570,-2.985663,0.001500,0.000000,nan,nan,nan,nan,nan,0.000000,0
1788899824.226798,38.096460,-2.665355,4.212088,-2.985663,-2.665588,4.213570,-2.985663,0.001500,0.000000,-2.665588,4.213570,-2.985663,0.001500,0.000000,-2.665588,4.213570,-2.985663,0.001500,0.000000,nan,nan,nan,nan,nan,0.000000,0
1788899824.226798,38.096460,-2.665355,4.212088,-2.985663,-2.665588,4.213570,-2.985663,0.001500,0.000000,-2.665588,4.213570,-2.985663,0.001500,0.000000,-2.665588,4.213570,-2.985663,0.001500,0.000000,nan,nan,nan,nan,nan,0.000000,0
1788899824.276167,38.145829,-2.665355,4.212088,-2.985663,-2.665588,4.213570,-2.985663,0.001500,0.000000,-2.665588,4.213570,-2.985663,0.001500,0.000000,-2.665588,4.213570,-2.985663,0.001500,0.000000,nan,nan,nan,nan,nan,0.000000,0
1788899824.276167,38.145829,-2.665355,4.212088,-2.985663,-2.665588,4.213570,-2.985663,0.001500,0.000000,-2.665588,4.213570,-2.985663,0.001500,0.000000,-2.665588,4.213570,-2.985663,0.001500,0.000000,nan,nan,nan,nan,nan,0.000000,0
1788899824.326149,38.195811,-2.665355,4.212088,-2.985663,-2.665588,4.213570,-2.985663,0.001500,0.000000,-2.665588,4.213570,-2.985663,0.001500,0.000000,-2.665588,4.213570,-2.985663,0.001500,0.000000,nan,nan,nan,nan,nan,0.000000,0
1788899824.326149,38.195811,-2.665355,4.212088,-2.985663,-2.665588,4.213570,-2.985663,0.001500,0.000000,-2.665588,4.213570,-2.985663,0.001500,0.000000,-2.665588,4.213570,-2.985663,0.001500,0.000000,nan,nan,nan,nan,nan,0.000000,0
1788899824.376962,38.246624,-2.665355,4.212088,-2.985663,-2.665588,4.213570,-2.985663,0.001500,0.000000,-2.665588,4.213570,-2.985663,0.001500,0.000000,-2.665588,4.213570,-2.985663,0.001500,0.000000,nan,nan,nan,nan,nan,0.000000,0
1788899824.376962,38.246624,-2.665355,4.212088,-2.985663,-2.665588,4.213570,-2.985663,0.001500,0.000000,-2.665588,4.213570,-2.985663,0.001500,0.000000,-2.665588,4.213570,-2.985663,0.001500,0.000000,nan,nan,nan,nan,nan,0.000000,0
1788899824.426947,38.296608,-2.665355,4.212088,-2.985663,-2.665588,4.213570,-2.985663,0.001500,0.000000,-2.665588,4.213570,-2.985663,0.001500,0.000000,-2.665588,4.213570,-2.985663,0.001500,0.000000,nan,nan,nan,nan,nan,0.000000,0
1788899824.426947,38.296608,-2.665355,4.212088,-2.985663,-2.665588,4.213570,-2.985663,0.001500,0.000000,-2.665588,4.213570,-2.985663,0.001500,0.000000,-2.665588,4.213570,-2.985663,0.001500,0.000000,nan,nan,nan,nan,nan,0.000000,0
1788899824.476351,38.346013,-2.665355,4.212088,-2.985663,-2.665588,4.213570,-2.985663,0.001500,0.000000,-2.665588,4.213570,-2.985663,0.001500,0.000000,-2.665588,4.213570,-2.985663,0.001500,0.000000,nan,nan,nan,nan,nan,0.000000,0
1788899824.476351,38.346013,-2.665355,4.212088,-2.985663,-2.665588,4.213570,-2.985663,0.001500,0.000000,-2.665588,4.213570,-2.985663,0.001500,0.000000,-2.665588,4.213570,-2.985663,0.001500,0.000000,nan,nan,nan,nan,nan,0.000000,0
1788899824.526920,38.396582,-2.665355,4.212088,-2.985663,-2.665588,4.213570,-2.985663,0.001500,0.000000,-2.665588,4.213570,-2.985663,0.001500,0.000000,-2.665588,4.213570,-2.985663,0.001500,0.000000,nan,nan,nan,nan,nan,0.000000,0
1788899824.526920,38.396582,-2.665355,4.212088,-2.985663,-2.665588,4.213570,-2.985663,0.001500,0.000000,-2.665588,4.213570,-2.985663,0.001500,0.000000,-2.665588,4.213570,-2.985663,0.001500,0.000000,nan,nan,nan,nan,nan,0.000000,0
1788899824.576551,38.446213,-2.665355,4.212088,-2.985663,-2.665588,4.213570,-2.985663,0.001500,0.000000,-2.665588,4.213570,-2.985663,0.001500,0.000000,-2.665588,4.213570,-2.985663,0.001500,0.000000,nan,nan,nan,nan,nan,0.000000,0
1788899824.576551,38.446213,-2.665355,4.212088,-2.985663,-2.665588,4.213570,-2.985663,0.001500,0.000000,-2.665588,4.213570,-2.985663,0.001500,0.000000,-2.665588,4.213570,-2.985663,0.001500,0.000000,nan,nan,nan,nan,nan,0.000000,0
1788899824.626942,38.496603,-2.665355,4.212088,-2.985663,-2.665588,4.213570,-2.985663,0.001500,0.000000,-2.665588,4.213570,-2.985663,0.001500,0.000000,-2.665588,4.213570,-2.985663,0.001500,0.000000,nan,nan,nan,nan,nan,0.000000,0
1788899824.626942,38.496603,-2.665355,4.212088,-2.985663,-2.665588,4.213570,-2.985663,0.001500,0.000000,-2.665588,4.213570,-2.985663,0.001500,0.000000,-2.665588,4.213570,-2.985663,0.001500,0.000000,nan,nan,nan,nan,nan,0.000000,0
1788899824.676461,38.546122,-2.665355,4.212088,-2.985663,-2.665588,4.213570,-2.985663,0.001500,0.000000,-2.665588,4.213570,-2.985663,0.001500,0.000000,-2.665588,4.213570,-2.985663,0.001500,0.000000,nan,nan,nan,nan,nan,0.000000,0
1788899824.676461,38.546122,-2.665355,4.212088,-2.985663,-2.665588,4.213570,-2.985663,0.001500,0.000000,-2.665588,4.213570,-2.985663,0.001500,0.000000,-2.665588,4.213570,-2.985663,0.001500,0.000000,nan,nan,nan,nan,nan,0.000000,0
1788899824.726157,38.595819,-2.665355,4.212088,-2.985663,-2.665588,4.213570,-2.985663,0.001500,0.000000,-2.665588,4.213570,-2.985663,0.001500,0.000000,-2.665588,4.213570,-2.985663,0.001500,0.000000,nan,nan,nan,nan,nan,0.000000,0
1788899824.726157,38.595819,-2.665355,4.212088,-2.985663,-2.665588,4.213570,-2.985663,0.001500,0.000000,-2.665588,4.213570,-2.985663,0.001500,0.000000,-2.665588,4.213570,-2.985663,0.001500,0.000000,nan,nan,nan,nan,nan,0.000000,0
1788899824.776171,38.645833,-2.665355,4.212088,-2.985663,-2.665588,4.213570,-2.985663,0.001500,0.000000,-2.665588,4.213570,-2.985663,0.001500,0.000000,-2.665588,4.213570,-2.985663,0.001500,0.000000,nan,nan,nan,nan,nan,0.000000,0
1788899824.776171,38.645833,-2.665355,4.212088,-2.985663,-2.665588,4.213570,-2.985663,0.001500,0.000000,-2.665588,4.213570,-2.985663,0.001500,0.000000,-2.665588,4.213570,-2.985663,0.001500,0.000000,nan,nan,nan,nan,nan,0.000000,0
1788899824.825980,38.695642,-2.665355,4.212088,-2.985663,-2.665588,4.213570,-2.985663,0.001500,0.000000,-2.665588,4.213570,-2.985663,0.001500,0.000000,-2.665588,4.213570,-2.985663,0.001500,0.000000,nan,nan,nan,nan,nan,0.000000,0
1788899824.825980,38.695642,-2.665355,4.212088,-2.985663,-2.665588,4.213570,-2.985663,0.001500,0.000000,-2.665588,4.213570,-2.985663,0.001500,0.000000,-2.665588,4.213570,-2.985663,0.001500,0.000000,nan,nan,nan,nan,nan,0.000000,0
1788899824.876792,38.746454,-2.665355,4.212088,-2.985663,-2.665588,4.213570,-2.985663,0.001500,0.000000,-2.665588,4.213570,-2.985663,0.001500,0.000000,-2.665588,4.213570,-2.985663,0.001500,0.000000,nan,nan,nan,nan,nan,0.000000,0
1788899824.876792,38.746454,-2.665355,4.212088,-2.985663,-2.665588,4.213570,-2.985663,0.001500,0.000000,-2.665588,4.213570,-2.985663,0.001500,0.000000,-2.665588,4.213570,-2.985663,0.001500,0.000000,nan,nan,nan,nan,nan,0.000000,0
1788899824.926496,38.796158,-2.665355,4.212088,-2.985663,-2.665588,4.213570,-2.985663,0.001500,0.000000,-2.665588,4.213570,-2.985663,0.001500,0.000000,-2.665588,4.213570,-2.985663,0.001500,0.000000,nan,nan,nan,nan,nan,0.000000,0
1788899824.926496,38.796158,-2.665355,4.212088,-2.985663,-2.665588,4.213570,-2.985663,0.001500,0.000000,-2.665588,4.213570,-2.985663,0.001500,0.000000,-2.665588,4.213570,-2.985663,0.001500,0.000000,nan,nan,nan,nan,nan,0.000000,0
1788899824.975984,38.845646,-2.665355,4.212088,-2.985663,-2.665588,4.213570,-2.985663,0.001500,0.000000,-2.665588,4.213570,-2.985663,0.001500,0.000000,-2.665588,4.213570,-2.985663,0.001500,0.000000,nan,nan,nan,nan,nan,0.000000,0
1788899824.975984,38.845646,-2.665355,4.212088,-2.985663,-2.665588,4.213570,-2.985663,0.001500,0.000000,-2.665588,4.213570,-2.985663,0.001500,0.000000,-2.665588,4.213570,-2.985663,0.001500,0.000000,nan,nan,nan,nan,nan,0.000000,0
1788899825.026886,38.896548,-2.665355,4.212088,-2.985663,-2.665588,4.213570,-2.985663,0.001500,0.000000,-2.665588,4.213570,-2.985663,0.001500,0.000000,-2.665588,4.213570,-2.985663,0.001500,0.000000,nan,nan,nan,nan,nan,0.000000,0
1788899825.026886,38.896548,-2.665355,4.212088,-2.985663,-2.665588,4.213570,-2.985663,0.001500,0.000000,-2.665588,4.213570,-2.985663,0.001500,0.000000,-2.665588,4.213570,-2.985663,0.001500,0.000000,nan,nan,nan,nan,nan,0.000000,0
1788899825.076540,38.946202,-2.665355,4.212088,-2.985663,-2.665588,4.213570,-2.985663,0.001500,0.000000,-2.665588,4.213570,-2.985663,0.001500,0.000000,-2.665588,4.213570,-2.985663,0.001500,0.000000,nan,nan,nan,nan,nan,0.000000,0
1788899825.076540,38.946202,-2.665355,4.212088,-2.985663,-2.665588,4.213570,-2.985663,0.001500,0.000000,-2.665588,4.213570,-2.985663,0.001500,0.000000,-2.665588,4.213570,-2.985663,0.001500,0.000000,nan,nan,nan,nan,nan,0.000000,0
1788899825.126566,38.996228,-2.665355,4.212088,-2.985663,-2.665588,4.213570,-2.985663,0.001500,0.000000,-2.665588,4.213570,-2.985663,0.001500,0.000000,-2.665588,4.213570,-2.985663,0.001500,0.000000,nan,nan,nan,nan,nan,0.000000,0
1788899825.126566,38.996228,-2.665355,4.212088,-2.985663,-2.665588,4.213570,-2.985663,0.001500,0.000000,-2.665588,4.213570,-2.985663,0.001500,0.000000,-2.665588,4.213570,-2.985663,0.001500,0.000000,nan,nan,nan,nan,nan,0.000000,0
1788899825.176552,39.046214,-2.665355,4.212088,-2.985663,-2.665588,4.213570,-2.985663,0.001500,0.000000,-2.665588,4.213570,-2.985663,0.001500,0.000000,-2.665588,4.213570,-2.985663,0.001500,0.000000,nan,nan,nan,nan,nan,0.000000,0
1788899825.176552,39.046214,-2.665355,4.212088,-2.985663,-2.665588,4.213570,-2.985663,0.001500,0.000000,-2.665588,4.213570,-2.985663,0.001500,0.000000,-2.665588,4.213570,-2.985663,0.001500,0.000000,nan,nan,nan,nan,nan,0.000000,0
1788899825.226472,39.096134,-2.665355,4.212088,-2.985663,-2.665588,4.213570,-2.985663,0.001500,0.000000,-2.665588,4.213570,-2.985663,0.001500,0.000000,-2.665588,4.213570,-2.985663,0.001500,0.000000,nan,nan,nan,nan,nan,0.000000,0
1788899825.226472,39.096134,-2.665355,4.212088,-2.985663,-2.665588,4.213570,-2.985663,0.001500,0.000000,-2.665588,4.213570,-2.985663,0.001500,0.000000,-2.665588,4.213570,-2.985663,0.001500,0.000000,nan,nan,nan,nan,nan,0.000000,0
1788899825.276520,39.146182,-2.665355,4.212088,-2.985663,-2.665588,4.213570,-2.985663,0.001500,0.000000,-2.665588,4.213570,-2.985663,0.001500,0.000000,-2.665588,4.213570,-2.985663,0.001500,0.000000,nan,nan,nan,nan,nan,0.000000,0
1788899825.276520,39.146182,-2.665355,4.212088,-2.985663,-2.665588,4.213570,-2.985663,0.001500,0.000000,-2.665588,4.213570,-2.985663,0.001500,0.000000,-2.665588,4.213570,-2.985663,0.001500,0.000000,nan,nan,nan,nan,nan,0.000000,0
1788899825.326921,39.196583,-2.665355,4.212088,-2.985663,-2.665588,4.213570,-2.985663,0.001500,0.000000,-2.665588,4.213570,-2.985663,0.001500,0.000000,-2.665588,4.213570,-2.985663,0.001500,0.000000,nan,nan,nan,nan,nan,0.000000,0
1788899825.326921,39.196583,-2.665355,4.212088,-2.985663,-2.665588,4.213570,-2.985663,0.001500,0.000000,-2.665588,4.213570,-2.985663,0.001500,0.000000,-2.665588,4.213570,-2.985663,0.001500,0.000000,nan,nan,nan,nan,nan,0.000000,0
1788899825.376001,39.245662,-2.665355,4.212088,-2.985663,-2.665588,4.213570,-2.985663,0.001500,0.000000,-2.665588,4.213570,-2.985663,0.001500,0.000000,-2.665588,4.213570,-2.985663,0.001500,0.000000,nan,nan,nan,nan,nan,0.000000,0
1788899825.376001,39.245662,-2.665355,4.212088,-2.985663,-2.665588,4.213570,-2.985663,0.001500,0.000000,-2.665588,4.213570,-2.985663,0.001500,0.000000,-2.665588,4.213570,-2.985663,0.001500,0.000000,nan,nan,nan,nan,nan,0.000000,0
1788899825.426692,39.296354,-2.665355,4.212088,-2.985663,-2.665588,4.213570,-2.985663,0.001500,0.000000,-2.665588,4.213570,-2.985663,0.001500,0.000000,-2.665588,4.213570,-2.985663,0.001500,0.000000,nan,nan,nan,nan,nan,0.000000,0
1788899825.426692,39.296354,-2.665355,4.212088,-2.985663,-2.665588,4.213570,-2.985663,0.001500,0.000000,-2.665588,4.213570,-2.985663,0.001500,0.000000,-2.665588,4.213570,-2.985663,0.001500,0.000000,nan,nan,nan,nan,nan,0.000000,0
1788899825.475991,39.345653,-2.665355,4.212088,-2.985663,-2.665588,4.213570,-2.985663,0.001500,0.000000,-2.665588,4.213570,-2.985663,0.001500,0.000000,-2.665588,4.213570,-2.985663,0.001500,0.000000,nan,nan,nan,nan,nan,0.000000,0
1788899825.475991,39.345653,-2.665355,4.212088,-2.985663,-2.665588,4.213570,-2.985663,0.001500,0.000000,-2.665588,4.213570,-2.985663,0.001500,0.000000,-2.665588,4.213570,-2.985663,0.001500,0.000000,nan,nan,nan,nan,nan,0.000000,0
1788899825.526937,39.396599,-2.665355,4.212088,-2.985663,-2.665588,4.213570,-2.985663,0.001500,0.000000,-2.665588,4.213570,-2.985663,0.001500,0.000000,-2.665588,4.213570,-2.985663,0.001500,0.000000,nan,nan,nan,nan,nan,0.000000,0
1788899825.526937,39.396599,-2.665355,4.212088,-2.985663,-2.665588,4.213570,-2.985663,0.001500,0.000000,-2.665588,4.213570,-2.985663,0.001500,0.000000,-2.665588,4.213570,-2.985663,0.001500,0.000000,nan,nan,nan,nan,nan,0.000000,0
1788899825.576553,39.446215,-2.665340,4.211989,-2.985663,-2.665588,4.213570,-2.985663,0.001600,0.000000,-2.665588,4.213570,-2.985663,0.001600,0.000000,-2.665588,4.213570,-2.985663,0.001600,0.000000,nan,nan,nan,nan,nan,0.002015,0
1788899825.576553,39.446215,-2.665340,4.211989,-2.985663,-2.665588,4.213570,-2.985663,0.001600,0.000000,-2.665588,4.213570,-2.985663,0.001600,0.000000,-2.665588,4.213570,-2.985663,0.001600,0.000000,nan,nan,nan,nan,nan,0.002015,0
1788899825.626948,39.496610,-2.665340,4.211989,-2.985663,-2.665588,4.213570,-2.985663,0.001600,0.000000,-2.665588,4.213570,-2.985663,0.001600,0.000000,-2.665588,4.213570,-2.985663,0.001600,0.000000,nan,nan,nan,nan,nan,0.000000,0
1788899825.626948,39.496610,-2.665340,4.211989,-2.985663,-2.665588,4.213570,-2.985663,0.001600,0.000000,-2.665588,4.213570,-2.985663,0.001600,0.000000,-2.665588,4.213570,-2.985663,0.001600,0.000000,nan,nan,nan,nan,nan,0.000000,0
1788899825.676728,39.546390,-2.665340,4.211989,-2.985663,-2.665588,4.213570,-2.985663,0.001600,0.000000,-2.665588,4.213570,-2.985663,0.001600,0.000000,-2.665588,4.213570,-2.985663,0.001600,0.000000,nan,nan,nan,nan,nan,0.000000,0
1788899825.676728,39.546390,-2.665340,4.211989,-2.985663,-2.665588,4.213570,-2.985663,0.001600,0.000000,-2.665588,4.213570,-2.985663,0.001600,0.000000,-2.665588,4.213570,-2.985663,0.001600,0.000000,nan,nan,nan,nan,nan,0.000000,0
1788899825.726389,39.596051,-2.665340,4.211989,-2.985663,-2.665588,4.213570,-2.985663,0.001600,0.000000,-2.665588,4.213570,-2.985663,0.001600,0.000000,-2.665588,4.213570,-2.985663,0.001600,0.000000,nan,nan,nan,nan,nan,0.000000,0
1788899825.726389,39.596051,-2.665340,4.211989,-2.985663,-2.665588,4.213570,-2.985663,0.001600,0.000000,-2.665588,4.213570,-2.985663,0.001600,0.000000,-2.665588,4.213570,-2.985663,0.001600,0.000000,nan,nan,nan,nan,nan,0.000000,0
1788899825.776693,39.646355,-2.665340,4.211989,-2.985663,-2.665588,4.213570,-2.985663,0.001600,0.000000,-2.665588,4.213570,-2.985663,0.001600,0.000000,-2.665588,4.213570,-2.985663,0.001600,0.000000,nan,nan,nan,nan,nan,0.000000,0
1788899825.776693,39.646355,-2.665340,4.211989,-2.985663,-2.665588,4.213570,-2.985663,0.001600,0.000000,-2.665588,4.213570,-2.985663,0.001600,0.000000,-2.665588,4.213570,-2.985663,0.001600,0.000000,nan,nan,nan,nan,nan,0.000000,0
1788899825.826775,39.696437,-2.665340,4.211989,-2.985663,-2.665588,4.213570,-2.985663,0.001600,0.000000,-2.665588,4.213570,-2.985663,0.001600,0.000000,-2.665588,4.213570,-2.985663,0.001600,0.000000,nan,nan,nan,nan,nan,0.000000,0
1788899825.826775,39.696437,-2.665340,4.211989,-2.985663,-2.665588,4.213570,-2.985663,0.001600,0.000000,-2.665588,4.213570,-2.985663,0.001600,0.000000,-2.665588,4.213570,-2.985663,0.001600,0.000000,nan,nan,nan,nan,nan,0.000000,0
1788899825.876451,39.746113,-2.665340,4.211989,-2.985663,-2.665588,4.213570,-2.985663,0.001600,0.000000,-2.665588,4.213570,-2.985663,0.001600,0.000000,-2.665588,4.213570,-2.985663,0.001600,0.000000,nan,nan,nan,nan,nan,0.000000,0
1788899825.876451,39.746113,-2.665340,4.211989,-2.985663,-2.665588,4.213570,-2.985663,0.001600,0.000000,-2.665588,4.213570,-2.985663,0.001600,0.000000,-2.665588,4.213570,-2.985663,0.001600,0.000000,nan,nan,nan,nan,nan,0.000000,0
1788899825.926924,39.796586,-2.665340,4.211989,-2.985663,-2.665588,4.213570,-2.985663,0.001600,0.000000,-2.665588,4.213570,-2.985663,0.001600,0.000000,-2.665588,4.213570,-2.985663,0.001600,0.000000,nan,nan,nan,nan,nan,0.000000,0
1788899825.926924,39.796586,-2.665340,4.211989,-2.985663,-2.665588,4.213570,-2.985663,0.001600,0.000000,-2.665588,4.213570,-2.985663,0.001600,0.000000,-2.665588,4.213570,-2.985663,0.001600,0.000000,nan,nan,nan,nan,nan,0.000000,0
1788899825.977071,39.846732,-2.665340,4.211989,-2.985663,-2.665588,4.213570,-2.985663,0.001600,0.000000,-2.665588,4.213570,-2.985663,0.001600,0.000000,-2.665588,4.213570,-2.985663,0.001600,0.000000,nan,nan,nan,nan,nan,0.000000,0
1788899825.977071,39.846732,-2.665340,4.211989,-2.985663,-2.665588,4.213570,-2.985663,0.001600,0.000000,-2.665588,4.213570,-2.985663,0.001600,0.000000,-2.665588,4.213570,-2.985663,0.001600,0.000000,nan,nan,nan,nan,nan,0.000000,0
1788899826.026566,39.896227,-2.665340,4.211989,-2.985663,-2.665588,4.213570,-2.985663,0.001600,0.000000,-2.665588,4.213570,-2.985663,0.001600,0.000000,-2.665588,4.213570,-2.985663,0.001600,0.000000,nan,nan,nan,nan,nan,0.000000,0
1788899826.026566,39.896227,-2.665340,4.211989,-2.985663,-2.665588,4.213570,-2.985663,0.001600,0.000000,-2.665588,4.213570,-2.985663,0.001600,0.000000,-2.665588,4.213570,-2.985663,0.001600,0.000000,nan,nan,nan,nan,nan,0.000000,0
1788899826.076689,39.946350,-2.665340,4.211989,-2.985663,-2.665588,4.213570,-2.985663,0.001600,0.000000,-2.665588,4.213570,-2.985663,0.001600,0.000000,-2.665588,4.213570,-2.985663,0.001600,0.000000,nan,nan,nan,nan,nan,0.000000,0
1788899826.076689,39.946350,-2.665340,4.211989,-2.985663,-2.665588,4.213570,-2.985663,0.001600,0.000000,-2.665588,4.213570,-2.985663,0.001600,0.000000,-2.665588,4.213570,-2.985663,0.001600,0.000000,nan,nan,nan,nan,nan,0.000000,0
1788899826.126734,39.996396,-2.665340,4.211989,-2.985663,-2.665588,4.213570,-2.985663,0.001600,0.000000,-2.665588,4.213570,-2.985663,0.001600,0.000000,-2.665588,4.213570,-2.985663,0.001600,0.000000,nan,nan,nan,nan,nan,0.000000,0
1788899826.126734,39.996396,-2.665340,4.211989,-2.985663,-2.665588,4.213570,-2.985663,0.001600,0.000000,-2.665588,4.213570,-2.985663,0.001600,0.000000,-2.665588,4.213570,-2.985663,0.001600,0.000000,nan,nan,nan,nan,nan,0.000000,0
1788899826.176859,40.046520,-2.665340,4.211989,-2.985663,-2.665588,4.213570,-2.985663,0.001600,0.000000,-2.665588,4.213570,-2.985663,0.001600,0.000000,-2.665588,4.213570,-2.985663,0.001600,0.000000,nan,nan,nan,nan,nan,0.000000,0
1788899826.176859,40.046520,-2.665340,4.211989,-2.985663,-2.665588,4.213570,-2.985663,0.001600,0.000000,-2.665588,4.213570,-2.985663,0.001600,0.000000,-2.665588,4.213570,-2.985663,0.001600,0.000000,nan,nan,nan,nan,nan,0.000000,0
1788899826.225971,40.095633,-2.665340,4.211989,-2.985663,-2.665588,4.213570,-2.985663,0.001600,0.000000,-2.665588,4.213570,-2.985663,0.001600,0.000000,-2.665588,4.213570,-2.985663,0.001600,0.000000,nan,nan,nan,nan,nan,0.000000,0
1788899826.225971,40.095633,-2.665340,4.211989,-2.985663,-2.665588,4.213570,-2.985663,0.001600,0.000000,-2.665588,4.213570,-2.985663,0.001600,0.000000,-2.665588,4.213570,-2.985663,0.001600,0.000000,nan,nan,nan,nan,nan,0.000000,0
1788899826.276922,40.146583,-2.665340,4.211989,-2.985663,-2.665588,4.213570,-2.985663,0.001600,0.000000,-2.665588,4.213570,-2.985663,0.001600,0.000000,-2.665588,4.213570,-2.985663,0.001600,0.000000,nan,nan,nan,nan,nan,0.000000,0
1788899826.276922,40.146583,-2.665340,4.211989,-2.985663,-2.665588,4.213570,-2.985663,0.001600,0.000000,-2.665588,4.213570,-2.985663,0.001600,0.000000,-2.665588,4.213570,-2.985663,0.001600,0.000000,nan,nan,nan,nan,nan,0.000000,0
1788899826.376925,40.246587,-2.665340,4.211989,-2.985663,-2.665588,4.213570,-2.985663,0.001600,0.000000,-2.665588,4.213570,-2.985663,0.001600,0.000000,-2.665588,4.213570,-2.985663,0.001600,0.000000,nan,nan,nan,nan,nan,0.000000,0
1788899826.376925,40.246587,-2.665340,4.211989,-2.985663,-2.665588,4.213570,-2.985663,0.001600,0.000000,-2.665588,4.213570,-2.985663,0.001600,0.000000,-2.665588,4.213570,-2.985663,0.001600,0.000000,nan,nan,nan,nan,nan,0.000000,0
1788899826.426422,40.296083,-2.665340,4.211989,-2.985663,-2.665588,4.213570,-2.985663,0.001600,0.000000,-2.665588,4.213570,-2.985663,0.001600,0.000000,-2.665588,4.213570,-2.985663,0.001600,0.000000,nan,nan,nan,nan,nan,0.000000,0
1788899826.426422,40.296083,-2.665340,4.211989,-2.985663,-2.665588,4.213570,-2.985663,0.001600,0.000000,-2.665588,4.213570,-2.985663,0.001600,0.000000,-2.665588,4.213570,-2.985663,0.001600,0.000000,nan,nan,nan,nan,nan,0.000000,0
1788899826.476501,40.346163,-2.665340,4.211989,-2.985663,-2.665588,4.213570,-2.985663,0.001600,0.000000,-2.665588,4.213570,-2.985663,0.001600,0.000000,-2.665588,4.213570,-2.985663,0.001600,0.000000,nan,nan,nan,nan,nan,0.000000,0
1788899826.476501,40.346163,-2.665340,4.211989,-2.985663,-2.665588,4.213570,-2.985663,0.001600,0.000000,-2.665588,4.213570,-2.985663,0.001600,0.000000,-2.665588,4.213570,-2.985663,0.001600,0.000000,nan,nan,nan,nan,nan,0.000000,0
1788899826.526427,40.396088,-2.665340,4.211989,-2.985663,-2.665588,4.213570,-2.985663,0.001600,0.000000,-2.665588,4.213570,-2.985663,0.001600,0.000000,-2.665588,4.213570,-2.985663,0.001600,0.000000,nan,nan,nan,nan,nan,0.000000,0
1788899826.526427,40.396088,-2.665340,4.211989,-2.985663,-2.665588,4.213570,-2.985663,0.001600,0.000000,-2.665588,4.213570,-2.985663,0.001600,0.000000,-2.665588,4.213570,-2.985663,0.001600,0.000000,nan,nan,nan,nan,nan,0.000000,0
1788899826.576356,40.446018,-2.665340,4.211989,-2.985663,-2.665588,4.213570,-2.985663,0.001600,0.000000,-2.665588,4.213570,-2.985663,0.001600,0.000000,-2.665588,4.213570,-2.985663,0.001600,0.000000,nan,nan,nan,nan,nan,0.000000,0
1788899826.576356,40.446018,-2.665340,4.211989,-2.985663,-2.665588,4.213570,-2.985663,0.001600,0.000000,-2.665588,4.213570,-2.985663,0.001600,0.000000,-2.665588,4.213570,-2.985663,0.001600,0.000000,nan,nan,nan,nan,nan,0.000000,0
1788899826.626111,40.495773,-2.665340,4.211989,-2.985663,-2.665588,4.213570,-2.985663,0.001600,0.000000,-2.665588,4.213570,-2.985663,0.001600,0.000000,-2.665588,4.213570,-2.985663,0.001600,0.000000,nan,nan,nan,nan,nan,0.000000,0
1788899826.626111,40.495773,-2.665340,4.211989,-2.985663,-2.665588,4.213570,-2.985663,0.001600,0.000000,-2.665588,4.213570,-2.985663,0.001600,0.000000,-2.665588,4.213570,-2.985663,0.001600,0.000000,nan,nan,nan,nan,nan,0.000000,0
1788899826.676433,40.546095,-2.665340,4.211989,-2.985663,-2.665588,4.213570,-2.985663,0.001600,0.000000,-2.665588,4.213570,-2.985663,0.001600,0.000000,-2.665588,4.213570,-2.985663,0.001600,0.000000,nan,nan,nan,nan,nan,0.000000,0
1788899826.676433,40.546095,-2.665340,4.211989,-2.985663,-2.665588,4.213570,-2.985663,0.001600,0.000000,-2.665588,4.213570,-2.985663,0.001600,0.000000,-2.665588,4.213570,-2.985663,0.001600,0.000000,nan,nan,nan,nan,nan,0.000000,0
1788899826.726740,40.596402,-2.665340,4.211989,-2.985663,-2.665588,4.213570,-2.985663,0.001600,0.000000,-2.665588,4.213570,-2.985663,0.001600,0.000000,-2.665588,4.213570,-2.985663,0.001600,0.000000,nan,nan,nan,nan,nan,0.000000,0
1788899826.726740,40.596402,-2.665340,4.211989,-2.985663,-2.665588,4.213570,-2.985663,0.001600,0.000000,-2.665588,4.213570,-2.985663,0.001600,0.000000,-2.665588,4.213570,-2.985663,0.001600,0.000000,nan,nan,nan,nan,nan,0.000000,0
1788899826.776402,40.646063,-2.665340,4.211989,-2.985663,-2.665588,4.213570,-2.985663,0.001600,0.000000,-2.665588,4.213570,-2.985663,0.001600,0.000000,-2.665588,4.213570,-2.985663,0.001600,0.000000,nan,nan,nan,nan,nan,0.000000,0
1788899826.776402,40.646063,-2.665340,4.211989,-2.985663,-2.665588,4.213570,-2.985663,0.001600,0.000000,-2.665588,4.213570,-2.985663,0.001600,0.000000,-2.665588,4.213570,-2.985663,0.001600,0.000000,nan,nan,nan,nan,nan,0.000000,0
1788899826.826661,40.696323,-2.665340,4.211989,-2.985663,-2.665588,4.213570,-2.985663,0.001600,0.000000,-2.665588,4.213570,-2.985663,0.001600,0.000000,-2.665588,4.213570,-2.985663,0.001600,0.000000,nan,nan,nan,nan,nan,0.000000,0
1788899826.826661,40.696323,-2.665340,4.211989,-2.985663,-2.665588,4.213570,-2.985663,0.001600,0.000000,-2.665588,4.213570,-2.985663,0.001600,0.000000,-2.665588,4.213570,-2.985663,0.001600,0.000000,nan,nan,nan,nan,nan,0.000000,0
1788899826.876755,40.746417,-2.665340,4.211989,-2.985663,-2.665588,4.213570,-2.985663,0.001600,0.000000,-2.665588,4.213570,-2.985663,0.001600,0.000000,-2.665588,4.213570,-2.985663,0.001600,0.000000,nan,nan,nan,nan,nan,0.000000,0
1788899826.876755,40.746417,-2.665340,4.211989,-2.985663,-2.665588,4.213570,-2.985663,0.001600,0.000000,-2.665588,4.213570,-2.985663,0.001600,0.000000,-2.665588,4.213570,-2.985663,0.001600,0.000000,nan,nan,nan,nan,nan,0.000000,0
1788899826.926594,40.796256,-2.665340,4.211989,-2.985663,-2.665588,4.213570,-2.985663,0.001600,0.000000,-2.665588,4.213570,-2.985663,0.001600,0.000000,-2.665588,4.213570,-2.985663,0.001600,0.000000,nan,nan,nan,nan,nan,0.000000,0
1788899826.926594,40.796256,-2.665340,4.211989,-2.985663,-2.665588,4.213570,-2.985663,0.001600,0.000000,-2.665588,4.213570,-2.985663,0.001600,0.000000,-2.665588,4.213570,-2.985663,0.001600,0.000000,nan,nan,nan,nan,nan,0.000000,0
1788899826.976643,40.846304,-2.665340,4.211989,-2.985663,-2.665588,4.213570,-2.985663,0.001600,0.000000,-2.665588,4.213570,-2.985663,0.001600,0.000000,-2.665588,4.213570,-2.985663,0.001600,0.000000,nan,nan,nan,nan,nan,0.000000,0
1788899826.976643,40.846304,-2.665340,4.211989,-2.985663,-2.665588,4.213570,-2.985663,0.001600,0.000000,-2.665588,4.213570,-2.985663,0.001600,0.000000,-2.665588,4.213570,-2.985663,0.001600,0.000000,nan,nan,nan,nan,nan,0.000000,0
1788899827.026246,40.895908,-2.665340,4.211989,-2.985663,-2.665588,4.213570,-2.985663,0.001600,0.000000,-2.665588,4.213570,-2.985663,0.001600,0.000000,-2.665588,4.213570,-2.985663,0.001600,0.000000,nan,nan,nan,nan,nan,0.000000,0
1788899827.026246,40.895908,-2.665340,4.211989,-2.985663,-2.665588,4.213570,-2.985663,0.001600,0.000000,-2.665588,4.213570,-2.985663,0.001600,0.000000,-2.665588,4.213570,-2.985663,0.001600,0.000000,nan,nan,nan,nan,nan,0.000000,0
1788899827.076473,40.946135,-2.665340,4.211989,-2.985663,-2.665588,4.213570,-2.985663,0.001600,0.000000,-2.665588,4.213570,-2.985663,0.001600,0.000000,-2.665588,4.213570,-2.985663,0.001600,0.000000,nan,nan,nan,nan,nan,0.000000,0
1788899827.076473,40.946135,-2.665340,4.211989,-2.985663,-2.665588,4.213570,-2.985663,0.001600,0.000000,-2.665588,4.213570,-2.985663,0.001600,0.000000,-2.665588,4.213570,-2.985663,0.001600,0.000000,nan,nan,nan,nan,nan,0.000000,0
1788899827.126677,40.996339,-2.665340,4.211989,-2.985663,-2.665588,4.213570,-2.985663,0.001600,0.000000,-2.665588,4.213570,-2.985663,0.001600,0.000000,-2.665588,4.213570,-2.985663,0.001600,0.000000,nan,nan,nan,nan,nan,0.000000,0
1788899827.126677,40.996339,-2.665340,4.211989,-2.985663,-2.665588,4.213570,-2.985663,0.001600,0.000000,-2.665588,4.213570,-2.985663,0.001600,0.000000,-2.665588,4.213570,-2.985663,0.001600,0.000000,nan,nan,nan,nan,nan,0.000000,0
1788899827.176898,41.046560,-2.665340,4.211989,-2.985663,-2.665588,4.213570,-2.985663,0.001600,0.000000,-2.665588,4.213570,-2.985663,0.001600,0.000000,-2.665588,4.213570,-2.985663,0.001600,0.000000,nan,nan,nan,nan,nan,0.000000,0
1788899827.176898,41.046560,-2.665340,4.211989,-2.985663,-2.665588,4.213570,-2.985663,0.001600,0.000000,-2.665588,4.213570,-2.985663,0.001600,0.000000,-2.665588,4.213570,-2.985663,0.001600,0.000000,nan,nan,nan,nan,nan,0.000000,0
1788899827.226895,41.096557,-2.665340,4.211989,-2.985663,-2.665588,4.213570,-2.985663,0.001600,0.000000,-2.665588,4.213570,-2.985663,0.001600,0.000000,-2.665588,4.213570,-2.985663,0.001600,0.000000,nan,nan,nan,nan,nan,0.000000,0
1788899827.226895,41.096557,-2.665340,4.211989,-2.985663,-2.665588,4.213570,-2.985663,0.001600,0.000000,-2.665588,4.213570,-2.985663,0.001600,0.000000,-2.665588,4.213570,-2.985663,0.001600,0.000000,nan,nan,nan,nan,nan,0.000000,0
1788899827.276787,41.146449,-2.665340,4.211989,-2.985663,-2.665588,4.213570,-2.985663,0.001600,0.000000,-2.665588,4.213570,-2.985663,0.001600,0.000000,-2.665588,4.213570,-2.985663,0.001600,0.000000,nan,nan,nan,nan,nan,0.000000,0
1788899827.276787,41.146449,-2.665340,4.211989,-2.985663,-2.665588,4.213570,-2.985663,0.001600,0.000000,-2.665588,4.213570,-2.985663,0.001600,0.000000,-2.665588,4.213570,-2.985663,0.001600,0.000000,nan,nan,nan,nan,nan,0.000000,0
1788899827.326434,41.196095,-2.665340,4.211989,-2.985663,-2.665588,4.213570,-2.985663,0.001600,0.000000,-2.665588,4.213570,-2.985663,0.001600,0.000000,-2.665588,4.213570,-2.985663,0.001600,0.000000,nan,nan,nan,nan,nan,0.000000,0
1788899827.326434,41.196095,-2.665340,4.211989,-2.985663,-2.665588,4.213570,-2.985663,0.001600,0.000000,-2.665588,4.213570,-2.985663,0.001600,0.000000,-2.665588,4.213570,-2.985663,0.001600,0.000000,nan,nan,nan,nan,nan,0.000000,0
1788899827.376731,41.246392,-2.665340,4.211989,-2.985663,-2.665588,4.213570,-2.985663,0.001600,0.000000,-2.665588,4.213570,-2.985663,0.001600,0.000000,-2.665588,4.213570,-2.985663,0.001600,0.000000,nan,nan,nan,nan,nan,0.000000,0
1788899827.376731,41.246392,-2.665340,4.211989,-2.985663,-2.665588,4.213570,-2.985663,0.001600,0.000000,-2.665588,4.213570,-2.985663,0.001600,0.000000,-2.665588,4.213570,-2.985663,0.001600,0.000000,nan,nan,nan,nan,nan,0.000000,0
1788899827.426955,41.296617,-2.665340,4.211989,-2.985663,-2.665588,4.213570,-2.985663,0.001600,0.000000,-2.665588,4.213570,-2.985663,0.001600,0.000000,-2.665588,4.213570,-2.985663,0.001600,0.000000,nan,nan,nan,nan,nan,0.000000,0
1788899827.426955,41.296617,-2.665340,4.211989,-2.985663,-2.665588,4.213570,-2.985663,0.001600,0.000000,-2.665588,4.213570,-2.985663,0.001600,0.000000,-2.665588,4.213570,-2.985663,0.001600,0.000000,nan,nan,nan,nan,nan,0.000000,0
1788899827.476469,41.346131,-2.665340,4.211989,-2.985663,-2.665588,4.213570,-2.985663,0.001600,0.000000,-2.665588,4.213570,-2.985663,0.001600,0.000000,-2.665588,4.213570,-2.985663,0.001600,0.000000,nan,nan,nan,nan,nan,0.000000,0
1788899827.476469,41.346131,-2.665340,4.211989,-2.985663,-2.665588,4.213570,-2.985663,0.001600,0.000000,-2.665588,4.213570,-2.985663,0.001600,0.000000,-2.665588,4.213570,-2.985663,0.001600,0.000000,nan,nan,nan,nan,nan,0.000000,0
1788899827.526870,41.396532,-2.665340,4.211989,-2.985663,-2.665588,4.213570,-2.985663,0.001600,0.000000,-2.665588,4.213570,-2.985663,0.001600,0.000000,-2.665588,4.213570,-2.985663,0.001600,0.000000,nan,nan,nan,nan,nan,0.000000,0
1788899827.526870,41.396532,-2.665340,4.211989,-2.985663,-2.665588,4.213570,-2.985663,0.001600,0.000000,-2.665588,4.213570,-2.985663,0.001600,0.000000,-2.665588,4.213570,-2.985663,0.001600,0.000000,nan,nan,nan,nan,nan,0.000000,0
1788899827.576473,41.446135,-2.665340,4.211989,-2.985663,-2.665588,4.213570,-2.985663,0.001600,0.000000,-2.665588,4.213570,-2.985663,0.001600,0.000000,-2.665588,4.213570,-2.985663,0.001600,0.000000,nan,nan,nan,nan,nan,0.000000,0
1788899827.576473,41.446135,-2.665340,4.211989,-2.985663,-2.665588,4.213570,-2.985663,0.001600,0.000000,-2.665588,4.213570,-2.985663,0.001600,0.000000,-2.665588,4.213570,-2.985663,0.001600,0.000000,nan,nan,nan,nan,nan,0.000000,0
1788899827.626034,41.495696,-2.665340,4.211989,-2.985663,-2.665588,4.213570,-2.985663,0.001600,0.000000,-2.665588,4.213570,-2.985663,0.001600,0.000000,-2.665588,4.213570,-2.985663,0.001600,0.000000,nan,nan,nan,nan,nan,0.000000,0
1788899827.626034,41.495696,-2.665340,4.211989,-2.985663,-2.665588,4.213570,-2.985663,0.001600,0.000000,-2.665588,4.213570,-2.985663,0.001600,0.000000,-2.665588,4.213570,-2.985663,0.001600,0.000000,nan,nan,nan,nan,nan,0.000000,0
1788899827.676291,41.545952,-2.665340,4.211989,-2.985663,-2.665588,4.213570,-2.985663,0.001600,0.000000,-2.665588,4.213570,-2.985663,0.001600,0.000000,-2.665588,4.213570,-2.985663,0.001600,0.000000,nan,nan,nan,nan,nan,0.000000,0
1788899827.676291,41.545952,-2.665340,4.211989,-2.985663,-2.665588,4.213570,-2.985663,0.001600,0.000000,-2.665588,4.213570,-2.985663,0.001600,0.000000,-2.665588,4.213570,-2.985663,0.001600,0.000000,nan,nan,nan,nan,nan,0.000000,0
1788899827.726526,41.596188,-2.665340,4.211989,-2.985663,-2.665588,4.213570,-2.985663,0.001600,0.000000,-2.665588,4.213570,-2.985663,0.001600,0.000000,-2.665588,4.213570,-2.985663,0.001600,0.000000,nan,nan,nan,nan,nan,0.000000,0
1788899827.726526,41.596188,-2.665340,4.211989,-2.985663,-2.665588,4.213570,-2.985663,0.001600,0.000000,-2.665588,4.213570,-2.985663,0.001600,0.000000,-2.665588,4.213570,-2.985663,0.001600,0.000000,nan,nan,nan,nan,nan,0.000000,0
1788899827.776022,41.645684,-2.665340,4.211989,-2.985663,-2.665588,4.213570,-2.985663,0.001600,0.000000,-2.665588,4.213570,-2.985663,0.001600,0.000000,-2.665588,4.213570,-2.985663,0.001600,0.000000,nan,nan,nan,nan,nan,0.000000,0
1788899827.776022,41.645684,-2.665340,4.211989,-2.985663,-2.665588,4.213570,-2.985663,0.001600,0.000000,-2.665588,4.213570,-2.985663,0.001600,0.000000,-2.665588,4.213570,-2.985663,0.001600,0.000000,nan,nan,nan,nan,nan,0.000000,0
1788899827.826221,41.695883,-2.665340,4.211989,-2.985663,-2.665588,4.213570,-2.985663,0.001600,0.000000,-2.665588,4.213570,-2.985663,0.001600,0.000000,-2.665588,4.213570,-2.985663,0.001600,0.000000,nan,nan,nan,nan,nan,0.000000,0
1788899827.826221,41.695883,-2.665340,4.211989,-2.985663,-2.665588,4.213570,-2.985663,0.001600,0.000000,-2.665588,4.213570,-2.985663,0.001600,0.000000,-2.665588,4.213570,-2.985663,0.001600,0.000000,nan,nan,nan,nan,nan,0.000000,0
1788899827.876699,41.746361,-2.665340,4.211989,-2.985663,-2.665588,4.213570,-2.985663,0.001600,0.000000,-2.665588,4.213570,-2.985663,0.001600,0.000000,-2.665588,4.213570,-2.985663,0.001600,0.000000,nan,nan,nan,nan,nan,0.000000,0
1788899827.876699,41.746361,-2.665340,4.211989,-2.985663,-2.665588,4.213570,-2.985663,0.001600,0.000000,-2.665588,4.213570,-2.985663,0.001600,0.000000,-2.665588,4.213570,-2.985663,0.001600,0.000000,nan,nan,nan,nan,nan,0.000000,0
1788899827.927792,41.797454,-2.665340,4.211989,-2.985663,-2.665588,4.213570,-2.985663,0.001600,0.000000,-2.665588,4.213570,-2.985663,0.001600,0.000000,-2.665588,4.213570,-2.985663,0.001600,0.000000,nan,nan,nan,nan,nan,0.000000,0
1788899827.927792,41.797454,-2.665340,4.211989,-2.985663,-2.665588,4.213570,-2.985663,0.001600,0.000000,-2.665588,4.213570,-2.985663,0.001600,0.000000,-2.665588,4.213570,-2.985663,0.001600,0.000000,nan,nan,nan,nan,nan,0.000000,0
1788899827.976683,41.846345,-2.665340,4.211989,-2.985663,-2.665588,4.213570,-2.985663,0.001600,0.000000,-2.665588,4.213570,-2.985663,0.001600,0.000000,-2.665588,4.213570,-2.985663,0.001600,0.000000,nan,nan,nan,nan,nan,0.000000,0
1788899827.976683,41.846345,-2.665340,4.211989,-2.985663,-2.665588,4.213570,-2.985663,0.001600,0.000000,-2.665588,4.213570,-2.985663,0.001600,0.000000,-2.665588,4.213570,-2.985663,0.001600,0.000000,nan,nan,nan,nan,nan,0.000000,0
1788899828.026057,41.895719,-2.665340,4.211989,-2.985663,-2.665588,4.213570,-2.985663,0.001600,0.000000,-2.665588,4.213570,-2.985663,0.001600,0.000000,-2.665588,4.213570,-2.985663,0.001600,0.000000,nan,nan,nan,nan,nan,0.000000,0
1788899828.026057,41.895719,-2.665340,4.211989,-2.985663,-2.665588,4.213570,-2.985663,0.001600,0.000000,-2.665588,4.213570,-2.985663,0.001600,0.000000,-2.665588,4.213570,-2.985663,0.001600,0.000000,nan,nan,nan,nan,nan,0.000000,0
1788899828.076834,41.946496,-2.665340,4.211989,-2.985663,-2.665588,4.213570,-2.985663,0.001600,0.000000,-2.665588,4.213570,-2.985663,0.001600,0.000000,-2.665588,4.213570,-2.985663,0.001600,0.000000,nan,nan,nan,nan,nan,0.000000,0
1788899828.076834,41.946496,-2.665340,4.211989,-2.985663,-2.665588,4.213570,-2.985663,0.001600,0.000000,-2.665588,4.213570,-2.985663,0.001600,0.000000,-2.665588,4.213570,-2.985663,0.001600,0.000000,nan,nan,nan,nan,nan,0.000000,0
1788899828.126260,41.995922,-2.665340,4.211989,-2.985663,-2.665588,4.213570,-2.985663,0.001600,0.000000,-2.665588,4.213570,-2.985663,0.001600,0.000000,-2.665588,4.213570,-2.985663,0.001600,0.000000,nan,nan,nan,nan,nan,0.000000,0
1788899828.126260,41.995922,-2.665340,4.211989,-2.985663,-2.665588,4.213570,-2.985663,0.001600,0.000000,-2.665588,4.213570,-2.985663,0.001600,0.000000,-2.665588,4.213570,-2.985663,0.001600,0.000000,nan,nan,nan,nan,nan,0.000000,0
1788899828.176008,42.045670,-2.665324,4.211890,-2.985663,-2.665588,4.213570,-2.985663,0.001700,0.000000,-2.665588,4.213570,-2.985663,0.001700,0.000000,-2.665588,4.213570,-2.985663,0.001700,0.000000,nan,nan,nan,nan,nan,0.002010,0
1788899828.176008,42.045670,-2.665324,4.211890,-2.985663,-2.665588,4.213570,-2.985663,0.001700,0.000000,-2.665588,4.213570,-2.985663,0.001700,0.000000,-2.665588,4.213570,-2.985663,0.001700,0.000000,nan,nan,nan,nan,nan,0.002010,0
1788899828.226543,42.096205,-2.665324,4.211890,-2.985663,-2.665588,4.213570,-2.985663,0.001700,0.000000,-2.665588,4.213570,-2.985663,0.001700,0.000000,-2.665588,4.213570,-2.985663,0.001700,0.000000,nan,nan,nan,nan,nan,0.000000,0
1788899828.226543,42.096205,-2.665324,4.211890,-2.985663,-2.665588,4.213570,-2.985663,0.001700,0.000000,-2.665588,4.213570,-2.985663,0.001700,0.000000,-2.665588,4.213570,-2.985663,0.001700,0.000000,nan,nan,nan,nan,nan,0.000000,0
1788899828.276484,42.146146,-2.665324,4.211890,-2.985663,-2.665588,4.213570,-2.985663,0.001700,0.000000,-2.665588,4.213570,-2.985663,0.001700,0.000000,-2.665588,4.213570,-2.985663,0.001700,0.000000,nan,nan,nan,nan,nan,0.000000,0
1788899828.276484,42.146146,-2.665324,4.211890,-2.985663,-2.665588,4.213570,-2.985663,0.001700,0.000000,-2.665588,4.213570,-2.985663,0.001700,0.000000,-2.665588,4.213570,-2.985663,0.001700,0.000000,nan,nan,nan,nan,nan,0.000000,0
1788899828.325969,42.195631,-2.665324,4.211890,-2.985663,-2.665588,4.213570,-2.985663,0.001700,0.000000,-2.665588,4.213570,-2.985663,0.001700,0.000000,-2.665588,4.213570,-2.985663,0.001700,0.000000,nan,nan,nan,nan,nan,0.000000,0
1788899828.325969,42.195631,-2.665324,4.211890,-2.985663,-2.665588,4.213570,-2.985663,0.001700,0.000000,-2.665588,4.213570,-2.985663,0.001700,0.000000,-2.665588,4.213570,-2.985663,0.001700,0.000000,nan,nan,nan,nan,nan,0.000000,0
1788899828.376442,42.246104,-2.665324,4.211890,-2.985663,-2.665588,4.213570,-2.985663,0.001700,0.000000,-2.665588,4.213570,-2.985663,0.001700,0.000000,-2.665588,4.213570,-2.985663,0.001700,0.000000,nan,nan,nan,nan,nan,0.000000,0
1788899828.376442,42.246104,-2.665324,4.211890,-2.985663,-2.665588,4.213570,-2.985663,0.001700,0.000000,-2.665588,4.213570,-2.985663,0.001700,0.000000,-2.665588,4.213570,-2.985663,0.001700,0.000000,nan,nan,nan,nan,nan,0.000000,0
1788899828.426805,42.296467,-2.665324,4.211890,-2.985663,-2.665588,4.213570,-2.985663,0.001700,0.000000,-2.665588,4.213570,-2.985663,0.001700,0.000000,-2.665588,4.213570,-2.985663,0.001700,0.000000,nan,nan,nan,nan,nan,0.000000,0
1788899828.426805,42.296467,-2.665324,4.211890,-2.985663,-2.665588,4.213570,-2.985663,0.001700,0.000000,-2.665588,4.213570,-2.985663,0.001700,0.000000,-2.665588,4.213570,-2.985663,0.001700,0.000000,nan,nan,nan,nan,nan,0.000000,0
1788899828.476740,42.346402,-2.665324,4.211890,-2.985663,-2.665588,4.213570,-2.985663,0.001700,0.000000,-2.665588,4.213570,-2.985663,0.001700,0.000000,-2.665588,4.213570,-2.985663,0.001700,0.000000,nan,nan,nan,nan,nan,0.000000,0
1788899828.476740,42.346402,-2.665324,4.211890,-2.985663,-2.665588,4.213570,-2.985663,0.001700,0.000000,-2.665588,4.213570,-2.985663,0.001700,0.000000,-2.665588,4.213570,-2.985663,0.001700,0.000000,nan,nan,nan,nan,nan,0.000000,0
1788899828.526865,42.396527,-2.665324,4.211890,-2.985663,-2.665588,4.213570,-2.985663,0.001700,0.000000,-2.665588,4.213570,-2.985663,0.001700,0.000000,-2.665588,4.213570,-2.985663,0.001700,0.000000,nan,nan,nan,nan,nan,0.000000,0
1788899828.526865,42.396527,-2.665324,4.211890,-2.985663,-2.665588,4.213570,-2.985663,0.001700,0.000000,-2.665588,4.213570,-2.985663,0.001700,0.000000,-2.665588,4.213570,-2.985663,0.001700,0.000000,nan,nan,nan,nan,nan,0.000000,0
1788899828.576088,42.445750,-2.665324,4.211890,-2.985663,-2.665588,4.213570,-2.985663,0.001700,0.000000,-2.665588,4.213570,-2.985663,0.001700,0.000000,-2.665588,4.213570,-2.985663,0.001700,0.000000,nan,nan,nan,nan,nan,0.000000,0
1788899828.576088,42.445750,-2.665324,4.211890,-2.985663,-2.665588,4.213570,-2.985663,0.001700,0.000000,-2.665588,4.213570,-2.985663,0.001700,0.000000,-2.665588,4.213570,-2.985663,0.001700,0.000000,nan,nan,nan,nan,nan,0.000000,0
1788899828.626880,42.496542,-2.665324,4.211890,-2.985663,-2.665588,4.213570,-2.985663,0.001700,0.000000,-2.665588,4.213570,-2.985663,0.001700,0.000000,-2.665588,4.213570,-2.985663,0.001700,0.000000,nan,nan,nan,nan,nan,0.000000,0
1788899828.626880,42.496542,-2.665324,4.211890,-2.985663,-2.665588,4.213570,-2.985663,0.001700,0.000000,-2.665588,4.213570,-2.985663,0.001700,0.000000,-2.665588,4.213570,-2.985663,0.001700,0.000000,nan,nan,nan,nan,nan,0.000000,0
1788899828.676788,42.546450,-2.665324,4.211890,-2.985663,-2.665588,4.213570,-2.985663,0.001700,0.000000,-2.665588,4.213570,-2.985663,0.001700,0.000000,-2.665588,4.213570,-2.985663,0.001700,0.000000,nan,nan,nan,nan,nan,0.000000,0
1788899828.676788,42.546450,-2.665324,4.211890,-2.985663,-2.665588,4.213570,-2.985663,0.001700,0.000000,-2.665588,4.213570,-2.985663,0.001700,0.000000,-2.665588,4.213570,-2.985663,0.001700,0.000000,nan,nan,nan,nan,nan,0.000000,0
1788899828.726505,42.596167,-2.665324,4.211890,-2.985663,-2.665588,4.213570,-2.985663,0.001700,0.000000,-2.665588,4.213570,-2.985663,0.001700,0.000000,-2.665588,4.213570,-2.985663,0.001700,0.000000,nan,nan,nan,nan,nan,0.000000,0
1788899828.726505,42.596167,-2.665324,4.211890,-2.985663,-2.665588,4.213570,-2.985663,0.001700,0.000000,-2.665588,4.213570,-2.985663,0.001700,0.000000,-2.665588,4.213570,-2.985663,0.001700,0.000000,nan,nan,nan,nan,nan,0.000000,0
1788899828.776720,42.646382,-2.665324,4.211890,-2.985663,-2.665588,4.213570,-2.985663,0.001700,0.000000,-2.665588,4.213570,-2.985663,0.001700,0.000000,-2.665588,4.213570,-2.985663,0.001700,0.000000,nan,nan,nan,nan,nan,0.000000,0
1788899828.776720,42.646382,-2.665324,4.211890,-2.985663,-2.665588,4.213570,-2.985663,0.001700,0.000000,-2.665588,4.213570,-2.985663,0.001700,0.000000,-2.665588,4.213570,-2.985663,0.001700,0.000000,nan,nan,nan,nan,nan,0.000000,0
1788899828.826672,42.696334,-2.665324,4.211890,-2.985663,-2.665588,4.213570,-2.985663,0.001700,0.000000,-2.665588,4.213570,-2.985663,0.001700,0.000000,-2.665588,4.213570,-2.985663,0.001700,0.000000,nan,nan,nan,nan,nan,0.000000,0
1788899828.826672,42.696334,-2.665324,4.211890,-2.985663,-2.665588,4.213570,-2.985663,0.001700,0.000000,-2.665588,4.213570,-2.985663,0.001700,0.000000,-2.665588,4.213570,-2.985663,0.001700,0.000000,nan,nan,nan,nan,nan,0.000000,0
1788899828.877151,42.746813,-2.665324,4.211890,-2.985663,-2.665588,4.213570,-2.985663,0.001700,0.000000,-2.665588,4.213570,-2.985663,0.001700,0.000000,-2.665588,4.213570,-2.985663,0.001700,0.000000,nan,nan,nan,nan,nan,0.000000,0
1788899828.877151,42.746813,-2.665324,4.211890,-2.985663,-2.665588,4.213570,-2.985663,0.001700,0.000000,-2.665588,4.213570,-2.985663,0.001700,0.000000,-2.665588,4.213570,-2.985663,0.001700,0.000000,nan,nan,nan,nan,nan,0.000000,0
1788899828.926106,42.795768,-2.665324,4.211890,-2.985663,-2.665588,4.213570,-2.985663,0.001700,0.000000,-2.665588,4.213570,-2.985663,0.001700,0.000000,-2.665588,4.213570,-2.985663,0.001700,0.000000,nan,nan,nan,nan,nan,0.000000,0
1788899828.926106,42.795768,-2.665324,4.211890,-2.985663,-2.665588,4.213570,-2.985663,0.001700,0.000000,-2.665588,4.213570,-2.985663,0.001700,0.000000,-2.665588,4.213570,-2.985663,0.001700,0.000000,nan,nan,nan,nan,nan,0.000000,0
1788899828.976750,42.846412,-2.665324,4.211890,-2.985663,-2.665588,4.213570,-2.985663,0.001700,0.000000,-2.665588,4.213570,-2.985663,0.001700,0.000000,-2.665588,4.213570,-2.985663,0.001700,0.000000,nan,nan,nan,nan,nan,0.000000,0
1788899828.976750,42.846412,-2.665324,4.211890,-2.985663,-2.665588,4.213570,-2.985663,0.001700,0.000000,-2.665588,4.213570,-2.985663,0.001700,0.000000,-2.665588,4.213570,-2.985663,0.001700,0.000000,nan,nan,nan,nan,nan,0.000000,0
1788899829.026684,42.896346,-2.665324,4.211890,-2.985663,-2.665588,4.213570,-2.985663,0.001700,0.000000,-2.665588,4.213570,-2.985663,0.001700,0.000000,-2.665588,4.213570,-2.985663,0.001700,0.000000,nan,nan,nan,nan,nan,0.000000,0
1788899829.026684,42.896346,-2.665324,4.211890,-2.985663,-2.665588,4.213570,-2.985663,0.001700,0.000000,-2.665588,4.213570,-2.985663,0.001700,0.000000,-2.665588,4.213570,-2.985663,0.001700,0.000000,nan,nan,nan,nan,nan,0.000000,0
1788899829.076410,42.946071,-2.665324,4.211890,-2.985663,-2.665588,4.213570,-2.985663,0.001700,0.000000,-2.665588,4.213570,-2.985663,0.001700,0.000000,-2.665588,4.213570,-2.985663,0.001700,0.000000,nan,nan,nan,nan,nan,0.000000,0
1788899829.076410,42.946071,-2.665324,4.211890,-2.985663,-2.665588,4.213570,-2.985663,0.001700,0.000000,-2.665588,4.213570,-2.985663,0.001700,0.000000,-2.665588,4.213570,-2.985663,0.001700,0.000000,nan,nan,nan,nan,nan,0.000000,0
1788899829.126924,42.996586,-2.665324,4.211890,-2.985663,-2.665588,4.213570,-2.985663,0.001700,0.000000,-2.665588,4.213570,-2.985663,0.001700,0.000000,-2.665588,4.213570,-2.985663,0.001700,0.000000,nan,nan,nan,nan,nan,0.000000,0
1788899829.126924,42.996586,-2.665324,4.211890,-2.985663,-2.665588,4.213570,-2.985663,0.001700,0.000000,-2.665588,4.213570,-2.985663,0.001700,0.000000,-2.665588,4.213570,-2.985663,0.001700,0.000000,nan,nan,nan,nan,nan,0.000000,0
1788899829.176489,43.046151,-2.665324,4.211890,-2.985663,-2.665588,4.213570,-2.985663,0.001700,0.000000,-2.665588,4.213570,-2.985663,0.001700,0.000000,-2.665588,4.213570,-2.985663,0.001700,0.000000,nan,nan,nan,nan,nan,0.000000,0
1788899829.176489,43.046151,-2.665324,4.211890,-2.985663,-2.665588,4.213570,-2.985663,0.001700,0.000000,-2.665588,4.213570,-2.985663,0.001700,0.000000,-2.665588,4.213570,-2.985663,0.001700,0.000000,nan,nan,nan,nan,nan,0.000000,0
1788899829.226253,43.095915,-2.665324,4.211890,-2.985663,-2.665588,4.213570,-2.985663,0.001700,0.000000,-2.665588,4.213570,-2.985663,0.001700,0.000000,-2.665588,4.213570,-2.985663,0.001700,0.000000,nan,nan,nan,nan,nan,0.000000,0
1788899829.226253,43.095915,-2.665324,4.211890,-2.985663,-2.665588,4.213570,-2.985663,0.001700,0.000000,-2.665588,4.213570,-2.985663,0.001700,0.000000,-2.665588,4.213570,-2.985663,0.001700,0.000000,nan,nan,nan,nan,nan,0.000000,0
1788899829.276707,43.146369,-2.665324,4.211890,-2.985663,-2.665588,4.213570,-2.985663,0.001700,0.000000,-2.665588,4.213570,-2.985663,0.001700,0.000000,-2.665588,4.213570,-2.985663,0.001700,0.000000,nan,nan,nan,nan,nan,0.000000,0
1788899829.276707,43.146369,-2.665324,4.211890,-2.985663,-2.665588,4.213570,-2.985663,0.001700,0.000000,-2.665588,4.213570,-2.985663,0.001700,0.000000,-2.665588,4.213570,-2.985663,0.001700,0.000000,nan,nan,nan,nan,nan,0.000000,0
1788899829.326005,43.195667,-2.665324,4.211890,-2.985663,-2.665588,4.213570,-2.985663,0.001700,0.000000,-2.665588,4.213570,-2.985663,0.001700,0.000000,-2.665588,4.213570,-2.985663,0.001700,0.000000,nan,nan,nan,nan,nan,0.000000,0
1788899829.326005,43.195667,-2.665324,4.211890,-2.985663,-2.665588,4.213570,-2.985663,0.001700,0.000000,-2.665588,4.213570,-2.985663,0.001700,0.000000,-2.665588,4.213570,-2.985663,0.001700,0.000000,nan,nan,nan,nan,nan,0.000000,0
1788899829.376218,43.245880,-2.665324,4.211890,-2.985663,-2.665588,4.213570,-2.985663,0.001700,0.000000,-2.665588,4.213570,-2.985663,0.001700,0.000000,-2.665588,4.213570,-2.985663,0.001700,0.000000,nan,nan,nan,nan,nan,0.000000,0
1788899829.376218,43.245880,-2.665324,4.211890,-2.985663,-2.665588,4.213570,-2.985663,0.001700,0.000000,-2.665588,4.213570,-2.985663,0.001700,0.000000,-2.665588,4.213570,-2.985663,0.001700,0.000000,nan,nan,nan,nan,nan,0.000000,0
1788899829.426701,43.296362,-2.665324,4.211890,-2.985663,-2.665588,4.213570,-2.985663,0.001700,0.000000,-2.665588,4.213570,-2.985663,0.001700,0.000000,-2.665588,4.213570,-2.985663,0.001700,0.000000,nan,nan,nan,nan,nan,0.000000,0
1788899829.426701,43.296362,-2.665324,4.211890,-2.985663,-2.665588,4.213570,-2.985663,0.001700,0.000000,-2.665588,4.213570,-2.985663,0.001700,0.000000,-2.665588,4.213570,-2.985663,0.001700,0.000000,nan,nan,nan,nan,nan,0.000000,0
1788899829.476741,43.346403,-2.665324,4.211890,-2.985663,-2.665588,4.213570,-2.985663,0.001700,0.000000,-2.665588,4.213570,-2.985663,0.001700,0.000000,-2.665588,4.213570,-2.985663,0.001700,0.000000,nan,nan,nan,nan,nan,0.000000,0
1788899829.476741,43.346403,-2.665324,4.211890,-2.985663,-2.665588,4.213570,-2.985663,0.001700,0.000000,-2.665588,4.213570,-2.985663,0.001700,0.000000,-2.665588,4.213570,-2.985663,0.001700,0.000000,nan,nan,nan,nan,nan,0.000000,0
1788899829.526842,43.396503,-2.665324,4.211890,-2.985663,-2.665588,4.213570,-2.985663,0.001700,0.000000,-2.665588,4.213570,-2.985663,0.001700,0.000000,-2.665588,4.213570,-2.985663,0.001700,0.000000,nan,nan,nan,nan,nan,0.000000,0
1788899829.526842,43.396503,-2.665324,4.211890,-2.985663,-2.665588,4.213570,-2.985663,0.001700,0.000000,-2.665588,4.213570,-2.985663,0.001700,0.000000,-2.665588,4.213570,-2.985663,0.001700,0.000000,nan,nan,nan,nan,nan,0.000000,0
1788899829.576826,43.446488,-2.665324,4.211890,-2.985663,-2.665588,4.213570,-2.985663,0.001700,0.000000,-2.665588,4.213570,-2.985663,0.001700,0.000000,-2.665588,4.213570,-2.985663,0.001700,0.000000,nan,nan,nan,nan,nan,0.000000,0
1788899829.576826,43.446488,-2.665324,4.211890,-2.985663,-2.665588,4.213570,-2.985663,0.001700,0.000000,-2.665588,4.213570,-2.985663,0.001700,0.000000,-2.665588,4.213570,-2.985663,0.001700,0.000000,nan,nan,nan,nan,nan,0.000000,0
1788899829.626830,43.496491,-2.665324,4.211890,-2.985663,-2.665588,4.213570,-2.985663,0.001700,0.000000,-2.665588,4.213570,-2.985663,0.001700,0.000000,-2.665588,4.213570,-2.985663,0.001700,0.000000,nan,nan,nan,nan,nan,0.000000,0
1788899829.626830,43.496491,-2.665324,4.211890,-2.985663,-2.665588,4.213570,-2.985663,0.001700,0.000000,-2.665588,4.213570,-2.985663,0.001700,0.000000,-2.665588,4.213570,-2.985663,0.001700,0.000000,nan,nan,nan,nan,nan,0.000000,0
1788899829.675952,43.545614,-2.665324,4.211890,-2.985663,-2.665588,4.213570,-2.985663,0.001700,0.000000,-2.665588,4.213570,-2.985663,0.001700,0.000000,-2.665588,4.213570,-2.985663,0.001700,0.000000,nan,nan,nan,nan,nan,0.000000,0
1788899829.675952,43.545614,-2.665324,4.211890,-2.985663,-2.665588,4.213570,-2.985663,0.001700,0.000000,-2.665588,4.213570,-2.985663,0.001700,0.000000,-2.665588,4.213570,-2.985663,0.001700,0.000000,nan,nan,nan,nan,nan,0.000000,0
1788899829.726545,43.596207,-2.665324,4.211890,-2.985663,-2.665588,4.213570,-2.985663,0.001700,0.000000,-2.665588,4.213570,-2.985663,0.001700,0.000000,-2.665588,4.213570,-2.985663,0.001700,0.000000,nan,nan,nan,nan,nan,0.000000,0
1788899829.726545,43.596207,-2.665324,4.211890,-2.985663,-2.665588,4.213570,-2.985663,0.001700,0.000000,-2.665588,4.213570,-2.985663,0.001700,0.000000,-2.665588,4.213570,-2.985663,0.001700,0.000000,nan,nan,nan,nan,nan,0.000000,0
1788899829.776675,43.646337,-2.665324,4.211890,-2.985663,-2.665588,4.213570,-2.985663,0.001700,0.000000,-2.665588,4.213570,-2.985663,0.001700,0.000000,-2.665588,4.213570,-2.985663,0.001700,0.000000,nan,nan,nan,nan,nan,0.000000,0
1788899829.776675,43.646337,-2.665324,4.211890,-2.985663,-2.665588,4.213570,-2.985663,0.001700,0.000000,-2.665588,4.213570,-2.985663,0.001700,0.000000,-2.665588,4.213570,-2.985663,0.001700,0.000000,nan,nan,nan,nan,nan,0.000000,0
1788899829.829015,43.698677,-2.665324,4.211890,-2.985663,-2.665588,4.213570,-2.985663,0.001700,0.000000,-2.665588,4.213570,-2.985663,0.001700,0.000000,-2.665588,4.213570,-2.985663,0.001700,0.000000,nan,nan,nan,nan,nan,0.000000,0
1788899829.829015,43.698677,-2.665324,4.211890,-2.985663,-2.665588,4.213570,-2.985663,0.001700,0.000000,-2.665588,4.213570,-2.985663,0.001700,0.000000,-2.665588,4.213570,-2.985663,0.001700,0.000000,nan,nan,nan,nan,nan,0.000000,0
1788899829.878538,43.748200,-2.665324,4.211890,-2.985663,-2.665588,4.213570,-2.985663,0.001700,0.000000,-2.665588,4.213570,-2.985663,0.001700,0.000000,-2.665588,4.213570,-2.985663,0.001700,0.000000,nan,nan,nan,nan,nan,0.000000,0
1788899829.878538,43.748200,-2.665324,4.211890,-2.985663,-2.665588,4.213570,-2.985663,0.001700,0.000000,-2.665588,4.213570,-2.985663,0.001700,0.000000,-2.665588,4.213570,-2.985663,0.001700,0.000000,nan,nan,nan,nan,nan,0.000000,0
1788899829.927505,43.797167,-2.665324,4.211890,-2.985663,-2.665588,4.213570,-2.985663,0.001700,0.000000,-2.665588,4.213570,-2.985663,0.001700,0.000000,-2.665588,4.213570,-2.985663,0.001700,0.000000,nan,nan,nan,nan,nan,0.000000,0
1788899829.927505,43.797167,-2.665324,4.211890,-2.985663,-2.665588,4.213570,-2.985663,0.001700,0.000000,-2.665588,4.213570,-2.985663,0.001700,0.000000,-2.665588,4.213570,-2.985663,0.001700,0.000000,nan,nan,nan,nan,nan,0.000000,0
1788899829.976329,43.845990,-2.665324,4.211890,-2.985663,-2.665588,4.213570,-2.985663,0.001700,0.000000,-2.665588,4.213570,-2.985663,0.001700,0.000000,-2.665588,4.213570,-2.985663,0.001700,0.000000,nan,nan,nan,nan,nan,0.000000,0
1788899829.976329,43.845990,-2.665324,4.211890,-2.985663,-2.665588,4.213570,-2.985663,0.001700,0.000000,-2.665588,4.213570,-2.985663,0.001700,0.000000,-2.665588,4.213570,-2.985663,0.001700,0.000000,nan,nan,nan,nan,nan,0.000000,0
1788899830.026501,43.896163,-2.665324,4.211890,-2.985663,-2.665588,4.213570,-2.985663,0.001700,0.000000,-2.665588,4.213570,-2.985663,0.001700,0.000000,-2.665588,4.213570,-2.985663,0.001700,0.000000,nan,nan,nan,nan,nan,0.000000,0
1788899830.026501,43.896163,-2.665324,4.211890,-2.985663,-2.665588,4.213570,-2.985663,0.001700,0.000000,-2.665588,4.213570,-2.985663,0.001700,0.000000,-2.665588,4.213570,-2.985663,0.001700,0.000000,nan,nan,nan,nan,nan,0.000000,0
1788899830.076643,43.946305,-2.665324,4.211890,-2.985663,-2.665588,4.213570,-2.985663,0.001700,0.000000,-2.665588,4.213570,-2.985663,0.001700,0.000000,-2.665588,4.213570,-2.985663,0.001700,0.000000,nan,nan,nan,nan,nan,0.000000,0
1788899830.076643,43.946305,-2.665324,4.211890,-2.985663,-2.665588,4.213570,-2.985663,0.001700,0.000000,-2.665588,4.213570,-2.985663,0.001700,0.000000,-2.665588,4.213570,-2.985663,0.001700,0.000000,nan,nan,nan,nan,nan,0.000000,0
1788899830.126481,43.996143,-2.665324,4.211890,-2.985663,-2.665588,4.213570,-2.985663,0.001700,0.000000,-2.665588,4.213570,-2.985663,0.001700,0.000000,-2.665588,4.213570,-2.985663,0.001700,0.000000,nan,nan,nan,nan,nan,0.000000,0
1788899830.126481,43.996143,-2.665324,4.211890,-2.985663,-2.665588,4.213570,-2.985663,0.001700,0.000000,-2.665588,4.213570,-2.985663,0.001700,0.000000,-2.665588,4.213570,-2.985663,0.001700,0.000000,nan,nan,nan,nan,nan,0.000000,0
1788899830.176802,44.046464,-2.665324,4.211890,-2.985663,-2.665588,4.213570,-2.985663,0.001700,0.000000,-2.665588,4.213570,-2.985663,0.001700,0.000000,-2.665588,4.213570,-2.985663,0.001700,0.000000,nan,nan,nan,nan,nan,0.000000,0
1788899830.176802,44.046464,-2.665324,4.211890,-2.985663,-2.665588,4.213570,-2.985663,0.001700,0.000000,-2.665588,4.213570,-2.985663,0.001700,0.000000,-2.665588,4.213570,-2.985663,0.001700,0.000000,nan,nan,nan,nan,nan,0.000000,0
1788899830.226860,44.096521,-2.665324,4.211890,-2.985663,-2.665588,4.213570,-2.985663,0.001700,0.000000,-2.665588,4.213570,-2.985663,0.001700,0.000000,-2.665588,4.213570,-2.985663,0.001700,0.000000,nan,nan,nan,nan,nan,0.000000,0
1788899830.226860,44.096521,-2.665324,4.211890,-2.985663,-2.665588,4.213570,-2.985663,0.001700,0.000000,-2.665588,4.213570,-2.985663,0.001700,0.000000,-2.665588,4.213570,-2.985663,0.001700,0.000000,nan,nan,nan,nan,nan,0.000000,0
1788899830.276527,44.146188,-2.665324,4.211890,-2.985663,-2.665588,4.213570,-2.985663,0.001700,0.000000,-2.665588,4.213570,-2.985663,0.001700,0.000000,-2.665588,4.213570,-2.985663,0.001700,0.000000,nan,nan,nan,nan,nan,0.000000,0
1788899830.276527,44.146188,-2.665324,4.211890,-2.985663,-2.665588,4.213570,-2.985663,0.001700,0.000000,-2.665588,4.213570,-2.985663,0.001700,0.000000,-2.665588,4.213570,-2.985663,0.001700,0.000000,nan,nan,nan,nan,nan,0.000000,0
1788899830.326509,44.196171,-2.665324,4.211890,-2.985663,-2.665588,4.213570,-2.985663,0.001700,0.000000,-2.665588,4.213570,-2.985663,0.001700,0.000000,-2.665588,4.213570,-2.985663,0.001700,0.000000,nan,nan,nan,nan,nan,0.000000,0
1788899830.326509,44.196171,-2.665324,4.211890,-2.985663,-2.665588,4.213570,-2.985663,0.001700,0.000000,-2.665588,4.213570,-2.985663,0.001700,0.000000,-2.665588,4.213570,-2.985663,0.001700,0.000000,nan,nan,nan,nan,nan,0.000000,0
1788899830.376903,44.246565,-2.665308,4.211791,-2.985663,-2.665588,4.213570,-2.985663,0.001800,0.000000,-2.665588,4.213570,-2.985663,0.001800,0.000000,-2.665588,4.213570,-2.985663,0.001800,0.000000,nan,nan,nan,nan,nan,0.001984,0
1788899830.376903,44.246565,-2.665308,4.211791,-2.985663,-2.665588,4.213570,-2.985663,0.001800,0.000000,-2.665588,4.213570,-2.985663,0.001800,0.000000,-2.665588,4.213570,-2.985663,0.001800,0.000000,nan,nan,nan,nan,nan,0.001984,0
1788899830.426756,44.296418,-2.665308,4.211791,-2.985663,-2.665588,4.213570,-2.985663,0.001800,0.000000,-2.665588,4.213570,-2.985663,0.001800,0.000000,-2.665588,4.213570,-2.985663,0.001800,0.000000,nan,nan,nan,nan,nan,0.000000,0
1788899830.426756,44.296418,-2.665308,4.211791,-2.985663,-2.665588,4.213570,-2.985663,0.001800,0.000000,-2.665588,4.213570,-2.985663,0.001800,0.000000,-2.665588,4.213570,-2.985663,0.001800,0.000000,nan,nan,nan,nan,nan,0.000000,0
1788899830.476878,44.346539,-2.665308,4.211791,-2.985663,-2.665588,4.213570,-2.985663,0.001800,0.000000,-2.665588,4.213570,-2.985663,0.001800,0.000000,-2.665588,4.213570,-2.985663,0.001800,0.000000,nan,nan,nan,nan,nan,0.000000,0
1788899830.476878,44.346539,-2.665308,4.211791,-2.985663,-2.665588,4.213570,-2.985663,0.001800,0.000000,-2.665588,4.213570,-2.985663,0.001800,0.000000,-2.665588,4.213570,-2.985663,0.001800,0.000000,nan,nan,nan,nan,nan,0.000000,0
1788899830.526201,44.395863,-2.665308,4.211791,-2.985663,-2.665588,4.213570,-2.985663,0.001800,0.000000,-2.665588,4.213570,-2.985663,0.001800,0.000000,-2.665588,4.213570,-2.985663,0.001800,0.000000,nan,nan,nan,nan,nan,0.000000,0
1788899830.526201,44.395863,-2.665308,4.211791,-2.985663,-2.665588,4.213570,-2.985663,0.001800,0.000000,-2.665588,4.213570,-2.985663,0.001800,0.000000,-2.665588,4.213570,-2.985663,0.001800,0.000000,nan,nan,nan,nan,nan,0.000000,0
1788899830.576451,44.446113,-2.665308,4.211791,-2.985663,-2.665588,4.213570,-2.985663,0.001800,0.000000,-2.665588,4.213570,-2.985663,0.001800,0.000000,-2.665588,4.213570,-2.985663,0.001800,0.000000,nan,nan,nan,nan,nan,0.000000,0
1788899830.576451,44.446113,-2.665308,4.211791,-2.985663,-2.665588,4.213570,-2.985663,0.001800,0.000000,-2.665588,4.213570,-2.985663,0.001800,0.000000,-2.665588,4.213570,-2.985663,0.001800,0.000000,nan,nan,nan,nan,nan,0.000000,0
1788899830.626569,44.496231,-2.665308,4.211791,-2.985663,-2.665588,4.213570,-2.985663,0.001800,0.000000,-2.665588,4.213570,-2.985663,0.001800,0.000000,-2.665588,4.213570,-2.985663,0.001800,0.000000,nan,nan,nan,nan,nan,0.000000,0
1788899830.626569,44.496231,-2.665308,4.211791,-2.985663,-2.665588,4.213570,-2.985663,0.001800,0.000000,-2.665588,4.213570,-2.985663,0.001800,0.000000,-2.665588,4.213570,-2.985663,0.001800,0.000000,nan,nan,nan,nan,nan,0.000000,0
1788899830.676563,44.546225,-2.665308,4.211791,-2.985663,-2.665588,4.213570,-2.985663,0.001800,0.000000,-2.665588,4.213570,-2.985663,0.001800,0.000000,-2.665588,4.213570,-2.985663,0.001800,0.000000,nan,nan,nan,nan,nan,0.000000,0
1788899830.676563,44.546225,-2.665308,4.211791,-2.985663,-2.665588,4.213570,-2.985663,0.001800,0.000000,-2.665588,4.213570,-2.985663,0.001800,0.000000,-2.665588,4.213570,-2.985663,0.001800,0.000000,nan,nan,nan,nan,nan,0.000000,0
1788899830.726408,44.596070,-2.665308,4.211791,-2.985663,-2.665588,4.213570,-2.985663,0.001800,0.000000,-2.665588,4.213570,-2.985663,0.001800,0.000000,-2.665588,4.213570,-2.985663,0.001800,0.000000,nan,nan,nan,nan,nan,0.000000,0
1788899830.726408,44.596070,-2.665308,4.211791,-2.985663,-2.665588,4.213570,-2.985663,0.001800,0.000000,-2.665588,4.213570,-2.985663,0.001800,0.000000,-2.665588,4.213570,-2.985663,0.001800,0.000000,nan,nan,nan,nan,nan,0.000000,0
1788899830.776395,44.646057,-2.665308,4.211791,-2.985663,-2.665588,4.213570,-2.985663,0.001800,0.000000,-2.665588,4.213570,-2.985663,0.001800,0.000000,-2.665588,4.213570,-2.985663,0.001800,0.000000,nan,nan,nan,nan,nan,0.000000,0
1788899830.776395,44.646057,-2.665308,4.211791,-2.985663,-2.665588,4.213570,-2.985663,0.001800,0.000000,-2.665588,4.213570,-2.985663,0.001800,0.000000,-2.665588,4.213570,-2.985663,0.001800,0.000000,nan,nan,nan,nan,nan,0.000000,0
1788899830.826786,44.696448,-2.665308,4.211791,-2.985663,-2.665588,4.213570,-2.985663,0.001800,0.000000,-2.665588,4.213570,-2.985663,0.001800,0.000000,-2.665588,4.213570,-2.985663,0.001800,0.000000,nan,nan,nan,nan,nan,0.000000,0
1788899830.826786,44.696448,-2.665308,4.211791,-2.985663,-2.665588,4.213570,-2.985663,0.001800,0.000000,-2.665588,4.213570,-2.985663,0.001800,0.000000,-2.665588,4.213570,-2.985663,0.001800,0.000000,nan,nan,nan,nan,nan,0.000000,0
1788899830.876699,44.746361,-2.665308,4.211791,-2.985663,-2.665588,4.213570,-2.985663,0.001800,0.000000,-2.665588,4.213570,-2.985663,0.001800,0.000000,-2.665588,4.213570,-2.985663,0.001800,0.000000,nan,nan,nan,nan,nan,0.000000,0
1788899830.876699,44.746361,-2.665308,4.211791,-2.985663,-2.665588,4.213570,-2.985663,0.001800,0.000000,-2.665588,4.213570,-2.985663,0.001800,0.000000,-2.665588,4.213570,-2.985663,0.001800,0.000000,nan,nan,nan,nan,nan,0.000000,0
1788899830.926635,44.796296,-2.665308,4.211791,-2.985663,-2.665588,4.213570,-2.985663,0.001800,0.000000,-2.665588,4.213570,-2.985663,0.001800,0.000000,-2.665588,4.213570,-2.985663,0.001800,0.000000,nan,nan,nan,nan,nan,0.000000,0
1788899830.926635,44.796296,-2.665308,4.211791,-2.985663,-2.665588,4.213570,-2.985663,0.001800,0.000000,-2.665588,4.213570,-2.985663,0.001800,0.000000,-2.665588,4.213570,-2.985663,0.001800,0.000000,nan,nan,nan,nan,nan,0.000000,0
1788899830.976427,44.846089,-2.665308,4.211791,-2.985663,-2.665588,4.213570,-2.985663,0.001800,0.000000,-2.665588,4.213570,-2.985663,0.001800,0.000000,-2.665588,4.213570,-2.985663,0.001800,0.000000,nan,nan,nan,nan,nan,0.000000,0
1788899830.976427,44.846089,-2.665308,4.211791,-2.985663,-2.665588,4.213570,-2.985663,0.001800,0.000000,-2.665588,4.213570,-2.985663,0.001800,0.000000,-2.665588,4.213570,-2.985663,0.001800,0.000000,nan,nan,nan,nan,nan,0.000000,0
1788899831.026097,44.895759,-2.665308,4.211791,-2.985663,-2.665588,4.213570,-2.985663,0.001800,0.000000,-2.665588,4.213570,-2.985663,0.001800,0.000000,-2.665588,4.213570,-2.985663,0.001800,0.000000,nan,nan,nan,nan,nan,0.000000,0
1788899831.026097,44.895759,-2.665308,4.211791,-2.985663,-2.665588,4.213570,-2.985663,0.001800,0.000000,-2.665588,4.213570,-2.985663,0.001800,0.000000,-2.665588,4.213570,-2.985663,0.001800,0.000000,nan,nan,nan,nan,nan,0.000000,0
1788899831.076930,44.946592,-2.665308,4.211791,-2.985663,-2.665588,4.213570,-2.985663,0.001800,0.000000,-2.665588,4.213570,-2.985663,0.001800,0.000000,-2.665588,4.213570,-2.985663,0.001800,0.000000,nan,nan,nan,nan,nan,0.000000,0
1788899831.076930,44.946592,-2.665308,4.211791,-2.985663,-2.665588,4.213570,-2.985663,0.001800,0.000000,-2.665588,4.213570,-2.985663,0.001800,0.000000,-2.665588,4.213570,-2.985663,0.001800,0.000000,nan,nan,nan,nan,nan,0.000000,0
1788899831.127436,44.997098,-2.665308,4.211791,-2.985663,-2.665588,4.213570,-2.985663,0.001800,0.000000,-2.665588,4.213570,-2.985663,0.001800,0.000000,-2.665588,4.213570,-2.985663,0.001800,0.000000,nan,nan,nan,nan,nan,0.000000,0
1788899831.127436,44.997098,-2.665308,4.211791,-2.985663,-2.665588,4.213570,-2.985663,0.001800,0.000000,-2.665588,4.213570,-2.985663,0.001800,0.000000,-2.665588,4.213570,-2.985663,0.001800,0.000000,nan,nan,nan,nan,nan,0.000000,0
1788899831.176563,45.046224,-2.665308,4.211791,-2.985663,-2.665588,4.213570,-2.985663,0.001800,0.000000,-2.665588,4.213570,-2.985663,0.001800,0.000000,-2.665588,4.213570,-2.985663,0.001800,0.000000,nan,nan,nan,nan,nan,0.000000,0
1788899831.176563,45.046224,-2.665308,4.211791,-2.985663,-2.665588,4.213570,-2.985663,0.001800,0.000000,-2.665588,4.213570,-2.985663,0.001800,0.000000,-2.665588,4.213570,-2.985663,0.001800,0.000000,nan,nan,nan,nan,nan,0.000000,0
1788899831.226413,45.096074,-2.665308,4.211791,-2.985663,-2.665588,4.213570,-2.985663,0.001800,0.000000,-2.665588,4.213570,-2.985663,0.001800,0.000000,-2.665588,4.213570,-2.985663,0.001800,0.000000,nan,nan,nan,nan,nan,0.000000,0
1788899831.226413,45.096074,-2.665308,4.211791,-2.985663,-2.665588,4.213570,-2.985663,0.001800,0.000000,-2.665588,4.213570,-2.985663,0.001800,0.000000,-2.665588,4.213570,-2.985663,0.001800,0.000000,nan,nan,nan,nan,nan,0.000000,0
1788899831.276185,45.145847,-2.665308,4.211791,-2.985663,-2.665588,4.213570,-2.985663,0.001800,0.000000,-2.665588,4.213570,-2.985663,0.001800,0.000000,-2.665588,4.213570,-2.985663,0.001800,0.000000,nan,nan,nan,nan,nan,0.000000,0
1788899831.276185,45.145847,-2.665308,4.211791,-2.985663,-2.665588,4.213570,-2.985663,0.001800,0.000000,-2.665588,4.213570,-2.985663,0.001800,0.000000,-2.665588,4.213570,-2.985663,0.001800,0.000000,nan,nan,nan,nan,nan,0.000000,0
1788899831.326933,45.196595,-2.665308,4.211791,-2.985663,-2.665588,4.213570,-2.985663,0.001800,0.000000,-2.665588,4.213570,-2.985663,0.001800,0.000000,-2.665588,4.213570,-2.985663,0.001800,0.000000,nan,nan,nan,nan,nan,0.000000,0
1788899831.326933,45.196595,-2.665308,4.211791,-2.985663,-2.665588,4.213570,-2.985663,0.001800,0.000000,-2.665588,4.213570,-2.985663,0.001800,0.000000,-2.665588,4.213570,-2.985663,0.001800,0.000000,nan,nan,nan,nan,nan,0.000000,0
1788899831.376640,45.246302,-2.665308,4.211791,-2.985663,-2.665588,4.213570,-2.985663,0.001800,0.000000,-2.665588,4.213570,-2.985663,0.001800,0.000000,-2.665588,4.213570,-2.985663,0.001800,0.000000,nan,nan,nan,nan,nan,0.000000,0
1788899831.376640,45.246302,-2.665308,4.211791,-2.985663,-2.665588,4.213570,-2.985663,0.001800,0.000000,-2.665588,4.213570,-2.985663,0.001800,0.000000,-2.665588,4.213570,-2.985663,0.001800,0.000000,nan,nan,nan,nan,nan,0.000000,0
1788899831.426570,45.296232,-2.665308,4.211791,-2.985663,-2.665588,4.213570,-2.985663,0.001800,0.000000,-2.665588,4.213570,-2.985663,0.001800,0.000000,-2.665588,4.213570,-2.985663,0.001800,0.000000,nan,nan,nan,nan,nan,0.000000,0
1788899831.426570,45.296232,-2.665308,4.211791,-2.985663,-2.665588,4.213570,-2.985663,0.001800,0.000000,-2.665588,4.213570,-2.985663,0.001800,0.000000,-2.665588,4.213570,-2.985663,0.001800,0.000000,nan,nan,nan,nan,nan,0.000000,0
1788899831.476317,45.345979,-2.665308,4.211791,-2.985663,-2.665588,4.213570,-2.985663,0.001800,0.000000,-2.665588,4.213570,-2.985663,0.001800,0.000000,-2.665588,4.213570,-2.985663,0.001800,0.000000,nan,nan,nan,nan,nan,0.000000,0
1788899831.476317,45.345979,-2.665308,4.211791,-2.985663,-2.665588,4.213570,-2.985663,0.001800,0.000000,-2.665588,4.213570,-2.985663,0.001800,0.000000,-2.665588,4.213570,-2.985663,0.001800,0.000000,nan,nan,nan,nan,nan,0.000000,0
1788899831.526474,45.396136,-2.665308,4.211791,-2.985663,-2.665588,4.213570,-2.985663,0.001800,0.000000,-2.665588,4.213570,-2.985663,0.001800,0.000000,-2.665588,4.213570,-2.985663,0.001800,0.000000,nan,nan,nan,nan,nan,0.000000,0
1788899831.526474,45.396136,-2.665308,4.211791,-2.985663,-2.665588,4.213570,-2.985663,0.001800,0.000000,-2.665588,4.213570,-2.985663,0.001800,0.000000,-2.665588,4.213570,-2.985663,0.001800,0.000000,nan,nan,nan,nan,nan,0.000000,0
1788899831.576784,45.446446,-2.665308,4.211791,-2.985663,-2.665588,4.213570,-2.985663,0.001800,0.000000,-2.665588,4.213570,-2.985663,0.001800,0.000000,-2.665588,4.213570,-2.985663,0.001800,0.000000,nan,nan,nan,nan,nan,0.000000,0
1788899831.576784,45.446446,-2.665308,4.211791,-2.985663,-2.665588,4.213570,-2.985663,0.001800,0.000000,-2.665588,4.213570,-2.985663,0.001800,0.000000,-2.665588,4.213570,-2.985663,0.001800,0.000000,nan,nan,nan,nan,nan,0.000000,0
1788899831.626857,45.496518,-2.665308,4.211791,-2.985663,-2.665588,4.213570,-2.985663,0.001800,0.000000,-2.665588,4.213570,-2.985663,0.001800,0.000000,-2.665588,4.213570,-2.985663,0.001800,0.000000,nan,nan,nan,nan,nan,0.000000,0
1788899831.626857,45.496518,-2.665308,4.211791,-2.985663,-2.665588,4.213570,-2.985663,0.001800,0.000000,-2.665588,4.213570,-2.985663,0.001800,0.000000,-2.665588,4.213570,-2.985663,0.001800,0.000000,nan,nan,nan,nan,nan,0.000000,0
1788899831.676881,45.546543,-2.665308,4.211791,-2.985663,-2.665588,4.213570,-2.985663,0.001800,0.000000,-2.665588,4.213570,-2.985663,0.001800,0.000000,-2.665588,4.213570,-2.985663,0.001800,0.000000,nan,nan,nan,nan,nan,0.000000,0
1788899831.676881,45.546543,-2.665308,4.211791,-2.985663,-2.665588,4.213570,-2.985663,0.001800,0.000000,-2.665588,4.213570,-2.985663,0.001800,0.000000,-2.665588,4.213570,-2.985663,0.001800,0.000000,nan,nan,nan,nan,nan,0.000000,0
1788899831.728555,45.598217,-2.665308,4.211791,-2.985663,-2.665588,4.213570,-2.985663,0.001800,0.000000,-2.665588,4.213570,-2.985663,0.001800,0.000000,-2.665588,4.213570,-2.985663,0.001800,0.000000,nan,nan,nan,nan,nan,0.000000,0
1788899831.728555,45.598217,-2.665308,4.211791,-2.985663,-2.665588,4.213570,-2.985663,0.001800,0.000000,-2.665588,4.213570,-2.985663,0.001800,0.000000,-2.665588,4.213570,-2.985663,0.001800,0.000000,nan,nan,nan,nan,nan,0.000000,0
1788899831.776828,45.646490,-2.665308,4.211791,-2.985663,-2.665588,4.213570,-2.985663,0.001800,0.000000,-2.665588,4.213570,-2.985663,0.001800,0.000000,-2.665588,4.213570,-2.985663,0.001800,0.000000,nan,nan,nan,nan,nan,0.000000,0
1788899831.776828,45.646490,-2.665308,4.211791,-2.985663,-2.665588,4.213570,-2.985663,0.001800,0.000000,-2.665588,4.213570,-2.985663,0.001800,0.000000,-2.665588,4.213570,-2.985663,0.001800,0.000000,nan,nan,nan,nan,nan,0.000000,0
1788899831.826874,45.696536,-2.665308,4.211791,-2.985663,-2.665588,4.213570,-2.985663,0.001800,0.000000,-2.665588,4.213570,-2.985663,0.001800,0.000000,-2.665588,4.213570,-2.985663,0.001800,0.000000,nan,nan,nan,nan,nan,0.000000,0
1788899831.826874,45.696536,-2.665308,4.211791,-2.985663,-2.665588,4.213570,-2.985663,0.001800,0.000000,-2.665588,4.213570,-2.985663,0.001800,0.000000,-2.665588,4.213570,-2.985663,0.001800,0.000000,nan,nan,nan,nan,nan,0.000000,0
1788899831.876578,45.746239,-2.665308,4.211791,-2.985663,-2.665588,4.213570,-2.985663,0.001800,0.000000,-2.665588,4.213570,-2.985663,0.001800,0.000000,-2.665588,4.213570,-2.985663,0.001800,0.000000,nan,nan,nan,nan,nan,0.000000,0
1788899831.876578,45.746239,-2.665308,4.211791,-2.985663,-2.665588,4.213570,-2.985663,0.001800,0.000000,-2.665588,4.213570,-2.985663,0.001800,0.000000,-2.665588,4.213570,-2.985663,0.001800,0.000000,nan,nan,nan,nan,nan,0.000000,0
1788899831.926317,45.795979,-2.665308,4.211791,-2.985663,-2.665588,4.213570,-2.985663,0.001800,0.000000,-2.665588,4.213570,-2.985663,0.001800,0.000000,-2.665588,4.213570,-2.985663,0.001800,0.000000,nan,nan,nan,nan,nan,0.000000,0
1788899831.926317,45.795979,-2.665308,4.211791,-2.985663,-2.665588,4.213570,-2.985663,0.001800,0.000000,-2.665588,4.213570,-2.985663,0.001800,0.000000,-2.665588,4.213570,-2.985663,0.001800,0.000000,nan,nan,nan,nan,nan,0.000000,0
1788899831.976079,45.845741,-2.665308,4.211791,-2.985663,-2.665588,4.213570,-2.985663,0.001800,0.000000,-2.665588,4.213570,-2.985663,0.001800,0.000000,-2.665588,4.213570,-2.985663,0.001800,0.000000,nan,nan,nan,nan,nan,0.000000,0
1788899831.976079,45.845741,-2.665308,4.211791,-2.985663,-2.665588,4.213570,-2.985663,0.001800,0.000000,-2.665588,4.213570,-2.985663,0.001800,0.000000,-2.665588,4.213570,-2.985663,0.001800,0.000000,nan,nan,nan,nan,nan,0.000000,0
1788899832.026826,45.896487,-2.665308,4.211791,-2.985663,-2.665588,4.213570,-2.985663,0.001800,0.000000,-2.665588,4.213570,-2.985663,0.001800,0.000000,-2.665588,4.213570,-2.985663,0.001800,0.000000,nan,nan,nan,nan,nan,0.000000,0
1788899832.026826,45.896487,-2.665308,4.211791,-2.985663,-2.665588,4.213570,-2.985663,0.001800,0.000000,-2.665588,4.213570,-2.985663,0.001800,0.000000,-2.665588,4.213570,-2.985663,0.001800,0.000000,nan,nan,nan,nan,nan,0.000000,0
1788899832.076258,45.945920,-2.665308,4.211791,-2.985663,-2.665588,4.213570,-2.985663,0.001800,0.000000,-2.665588,4.213570,-2.985663,0.001800,0.000000,-2.665588,4.213570,-2.985663,0.001800,0.000000,nan,nan,nan,nan,nan,0.000000,0
1788899832.076258,45.945920,-2.665308,4.211791,-2.985663,-2.665588,4.213570,-2.985663,0.001800,0.000000,-2.665588,4.213570,-2.985663,0.001800,0.000000,-2.665588,4.213570,-2.985663,0.001800,0.000000,nan,nan,nan,nan,nan,0.000000,0
1788899832.126502,45.996164,-2.665308,4.211791,-2.985663,-2.665588,4.213570,-2.985663,0.001800,0.000000,-2.665588,4.213570,-2.985663,0.001800,0.000000,-2.665588,4.213570,-2.985663,0.001800,0.000000,nan,nan,nan,nan,nan,0.000000,0
1788899832.126502,45.996164,-2.665308,4.211791,-2.985663,-2.665588,4.213570,-2.985663,0.001800,0.000000,-2.665588,4.213570,-2.985663,0.001800,0.000000,-2.665588,4.213570,-2.985663,0.001800,0.000000,nan,nan,nan,nan,nan,0.000000,0
1788899832.176199,46.045861,-2.665308,4.211791,-2.985663,-2.665588,4.213570,-2.985663,0.001800,0.000000,-2.665588,4.213570,-2.985663,0.001800,0.000000,-2.665588,4.213570,-2.985663,0.001800,0.000000,nan,nan,nan,nan,nan,0.000000,0
1788899832.176199,46.045861,-2.665308,4.211791,-2.985663,-2.665588,4.213570,-2.985663,0.001800,0.000000,-2.665588,4.213570,-2.985663,0.001800,0.000000,-2.665588,4.213570,-2.985663,0.001800,0.000000,nan,nan,nan,nan,nan,0.000000,0
1788899832.226919,46.096581,-2.665308,4.211791,-2.985663,-2.665588,4.213570,-2.985663,0.001800,0.000000,-2.665588,4.213570,-2.985663,0.001800,0.000000,-2.665588,4.213570,-2.985663,0.001800,0.000000,nan,nan,nan,nan,nan,0.000000,0
1788899832.226919,46.096581,-2.665308,4.211791,-2.985663,-2.665588,4.213570,-2.985663,0.001800,0.000000,-2.665588,4.213570,-2.985663,0.001800,0.000000,-2.665588,4.213570,-2.985663,0.001800,0.000000,nan,nan,nan,nan,nan,0.000000,0
1788899832.276486,46.146148,-2.665308,4.211791,-2.985663,-2.665588,4.213570,-2.985663,0.001800,0.000000,-2.665588,4.213570,-2.985663,0.001800,0.000000,-2.665588,4.213570,-2.985663,0.001800,0.000000,nan,nan,nan,nan,nan,0.000000,0
1788899832.276486,46.146148,-2.665308,4.211791,-2.985663,-2.665588,4.213570,-2.985663,0.001800,0.000000,-2.665588,4.213570,-2.985663,0.001800,0.000000,-2.665588,4.213570,-2.985663,0.001800,0.000000,nan,nan,nan,nan,nan,0.000000,0
1788899832.326346,46.196007,-2.665308,4.211791,-2.985663,-2.665588,4.213570,-2.985663,0.001800,0.000000,-2.665588,4.213570,-2.985663,0.001800,0.000000,-2.665588,4.213570,-2.985663,0.001800,0.000000,nan,nan,nan,nan,nan,0.000000,0
1788899832.326346,46.196007,-2.665308,4.211791,-2.985663,-2.665588,4.213570,-2.985663,0.001800,0.000000,-2.665588,4.213570,-2.985663,0.001800,0.000000,-2.665588,4.213570,-2.985663,0.001800,0.000000,nan,nan,nan,nan,nan,0.000000,0
1788899832.375909,46.245570,-2.665308,4.211791,-2.985663,-2.665588,4.213570,-2.985663,0.001800,0.000000,-2.665588,4.213570,-2.985663,0.001800,0.000000,-2.665588,4.213570,-2.985663,0.001800,0.000000,nan,nan,nan,nan,nan,0.000000,0
1788899832.375909,46.245570,-2.665308,4.211791,-2.985663,-2.665588,4.213570,-2.985663,0.001800,0.000000,-2.665588,4.213570,-2.985663,0.001800,0.000000,-2.665588,4.213570,-2.985663,0.001800,0.000000,nan,nan,nan,nan,nan,0.000000,0
1788899832.426737,46.296399,-2.665308,4.211791,-2.985663,-2.665588,4.213570,-2.985663,0.001800,0.000000,-2.665588,4.213570,-2.985663,0.001800,0.000000,-2.665588,4.213570,-2.985663,0.001800,0.000000,nan,nan,nan,nan,nan,0.000000,0
1788899832.426737,46.296399,-2.665308,4.211791,-2.985663,-2.665588,4.213570,-2.985663,0.001800,0.000000,-2.665588,4.213570,-2.985663,0.001800,0.000000,-2.665588,4.213570,-2.985663,0.001800,0.000000,nan,nan,nan,nan,nan,0.000000,0
1788899832.476447,46.346108,-2.665308,4.211791,-2.985663,-2.665588,4.213570,-2.985663,0.001800,0.000000,-2.665588,4.213570,-2.985663,0.001800,0.000000,-2.665588,4.213570,-2.985663,0.001800,0.000000,nan,nan,nan,nan,nan,0.000000,0
1788899832.476447,46.346108,-2.665308,4.211791,-2.985663,-2.665588,4.213570,-2.985663,0.001800,0.000000,-2.665588,4.213570,-2.985663,0.001800,0.000000,-2.665588,4.213570,-2.985663,0.001800,0.000000,nan,nan,nan,nan,nan,0.000000,0
1788899832.526710,46.396371,-2.665308,4.211791,-2.985663,-2.665588,4.213570,-2.985663,0.001800,0.000000,-2.665588,4.213570,-2.985663,0.001800,0.000000,-2.665588,4.213570,-2.985663,0.001800,0.000000,nan,nan,nan,nan,nan,0.000000,0
1788899832.526710,46.396371,-2.665308,4.211791,-2.985663,-2.665588,4.213570,-2.985663,0.001800,0.000000,-2.665588,4.213570,-2.985663,0.001800,0.000000,-2.665588,4.213570,-2.985663,0.001800,0.000000,nan,nan,nan,nan,nan,0.000000,0
1788899832.576646,46.446308,-2.665308,4.211791,-2.985663,-2.665588,4.213570,-2.985663,0.001800,0.000000,-2.665588,4.213570,-2.985663,0.001800,0.000000,-2.665588,4.213570,-2.985663,0.001800,0.000000,nan,nan,nan,nan,nan,0.000000,0
1788899832.576646,46.446308,-2.665308,4.211791,-2.985663,-2.665588,4.213570,-2.985663,0.001800,0.000000,-2.665588,4.213570,-2.985663,0.001800,0.000000,-2.665588,4.213570,-2.985663,0.001800,0.000000,nan,nan,nan,nan,nan,0.000000,0
1788899832.626828,46.496490,-2.665308,4.211791,-2.985663,-2.665588,4.213570,-2.985663,0.001800,0.000000,-2.665588,4.213570,-2.985663,0.001800,0.000000,-2.665588,4.213570,-2.985663,0.001800,0.000000,nan,nan,nan,nan,nan,0.000000,0
1788899832.626828,46.496490,-2.665308,4.211791,-2.985663,-2.665588,4.213570,-2.985663,0.001800,0.000000,-2.665588,4.213570,-2.985663,0.001800,0.000000,-2.665588,4.213570,-2.985663,0.001800,0.000000,nan,nan,nan,nan,nan,0.000000,0
1788899832.676577,46.546239,-2.665308,4.211791,-2.985663,-2.665588,4.213570,-2.985663,0.001800,0.000000,-2.665588,4.213570,-2.985663,0.001800,0.000000,-2.665588,4.213570,-2.985663,0.001800,0.000000,nan,nan,nan,nan,nan,0.000000,0
1788899832.676577,46.546239,-2.665308,4.211791,-2.985663,-2.665588,4.213570,-2.985663,0.001800,0.000000,-2.665588,4.213570,-2.985663,0.001800,0.000000,-2.665588,4.213570,-2.985663,0.001800,0.000000,nan,nan,nan,nan,nan,0.000000,0
1788899832.726244,46.595906,-2.665308,4.211791,-2.985663,-2.665588,4.213570,-2.985663,0.001800,0.000000,-2.665588,4.213570,-2.985663,0.001800,0.000000,-2.665588,4.213570,-2.985663,0.001800,0.000000,nan,nan,nan,nan,nan,0.000000,0
1788899832.726244,46.595906,-2.665308,4.211791,-2.985663,-2.665588,4.213570,-2.985663,0.001800,0.000000,-2.665588,4.213570,-2.985663,0.001800,0.000000,-2.665588,4.213570,-2.985663,0.001800,0.000000,nan,nan,nan,nan,nan,0.000000,0
1788899832.776804,46.646466,-2.665308,4.211791,-2.985663,-2.665588,4.213570,-2.985663,0.001800,0.000000,-2.665588,4.213570,-2.985663,0.001800,0.000000,-2.665588,4.213570,-2.985663,0.001800,0.000000,nan,nan,nan,nan,nan,0.000000,0
1788899832.776804,46.646466,-2.665308,4.211791,-2.985663,-2.665588,4.213570,-2.985663,0.001800,0.000000,-2.665588,4.213570,-2.985663,0.001800,0.000000,-2.665588,4.213570,-2.985663,0.001800,0.000000,nan,nan,nan,nan,nan,0.000000,0
1788899832.826265,46.695926,-2.665308,4.211791,-2.985663,-2.665588,4.213570,-2.985663,0.001800,0.000000,-2.665588,4.213570,-2.985663,0.001800,0.000000,-2.665588,4.213570,-2.985663,0.001800,0.000000,nan,nan,nan,nan,nan,0.000000,0
1788899832.826265,46.695926,-2.665308,4.211791,-2.985663,-2.665588,4.213570,-2.985663,0.001800,0.000000,-2.665588,4.213570,-2.985663,0.001800,0.000000,-2.665588,4.213570,-2.985663,0.001800,0.000000,nan,nan,nan,nan,nan,0.000000,0
1788899832.876670,46.746332,-2.665308,4.211791,-2.985663,-2.665588,4.213570,-2.985663,0.001800,0.000000,-2.665588,4.213570,-2.985663,0.001800,0.000000,-2.665588,4.213570,-2.985663,0.001800,0.000000,nan,nan,nan,nan,nan,0.000000,0
1788899832.876670,46.746332,-2.665308,4.211791,-2.985663,-2.665588,4.213570,-2.985663,0.001800,0.000000,-2.665588,4.213570,-2.985663,0.001800,0.000000,-2.665588,4.213570,-2.985663,0.001800,0.000000,nan,nan,nan,nan,nan,0.000000,0
1788899832.926723,46.796385,-2.665308,4.211791,-2.985663,-2.665588,4.213570,-2.985663,0.001800,0.000000,-2.665588,4.213570,-2.985663,0.001800,0.000000,-2.665588,4.213570,-2.985663,0.001800,0.000000,nan,nan,nan,nan,nan,0.000000,0
1788899832.926723,46.796385,-2.665308,4.211791,-2.985663,-2.665588,4.213570,-2.985663,0.001800,0.000000,-2.665588,4.213570,-2.985663,0.001800,0.000000,-2.665588,4.213570,-2.985663,0.001800,0.000000,nan,nan,nan,nan,nan,0.000000,0
1788899832.976808,46.846470,-2.665308,4.211791,-2.985663,-2.665588,4.213570,-2.985663,0.001800,0.000000,-2.665588,4.213570,-2.985663,0.001800,0.000000,-2.665588,4.213570,-2.985663,0.001800,0.000000,nan,nan,nan,nan,nan,0.000000,0
1788899832.976808,46.846470,-2.665308,4.211791,-2.985663,-2.665588,4.213570,-2.985663,0.001800,0.000000,-2.665588,4.213570,-2.985663,0.001800,0.000000,-2.665588,4.213570,-2.985663,0.001800,0.000000,nan,nan,nan,nan,nan,0.000000,0
1788899833.026800,46.896461,-2.665308,4.211791,-2.985663,-2.665588,4.213570,-2.985663,0.001800,0.000000,-2.665588,4.213570,-2.985663,0.001800,0.000000,-2.665588,4.213570,-2.985663,0.001800,0.000000,nan,nan,nan,nan,nan,0.000000,0
1788899833.026800,46.896461,-2.665308,4.211791,-2.985663,-2.665588,4.213570,-2.985663,0.001800,0.000000,-2.665588,4.213570,-2.985663,0.001800,0.000000,-2.665588,4.213570,-2.985663,0.001800,0.000000,nan,nan,nan,nan,nan,0.000000,0
1788899833.076845,46.946507,-2.665308,4.211791,-2.985663,-2.665588,4.213570,-2.985663,0.001800,0.000000,-2.665588,4.213570,-2.985663,0.001800,0.000000,-2.665588,4.213570,-2.985663,0.001800,0.000000,nan,nan,nan,nan,nan,0.000000,0
1788899833.076845,46.946507,-2.665308,4.211791,-2.985663,-2.665588,4.213570,-2.985663,0.001800,0.000000,-2.665588,4.213570,-2.985663,0.001800,0.000000,-2.665588,4.213570,-2.985663,0.001800,0.000000,nan,nan,nan,nan,nan,0.000000,0
1788899833.126412,46.996074,-2.665308,4.211791,-2.985663,-2.665588,4.213570,-2.985663,0.001800,0.000000,-2.665588,4.213570,-2.985663,0.001800,0.000000,-2.665588,4.213570,-2.985663,0.001800,0.000000,nan,nan,nan,nan,nan,0.000000,0
1788899833.126412,46.996074,-2.665308,4.211791,-2.985663,-2.665588,4.213570,-2.985663,0.001800,0.000000,-2.665588,4.213570,-2.985663,0.001800,0.000000,-2.665588,4.213570,-2.985663,0.001800,0.000000,nan,nan,nan,nan,nan,0.000000,0
1788899833.176774,47.046436,-2.665308,4.211791,-2.985663,-2.665588,4.213570,-2.985663,0.001800,0.000000,-2.665588,4.213570,-2.985663,0.001800,0.000000,-2.665588,4.213570,-2.985663,0.001800,0.000000,nan,nan,nan,nan,nan,0.000000,0
1788899833.176774,47.046436,-2.665308,4.211791,-2.985663,-2.665588,4.213570,-2.985663,0.001800,0.000000,-2.665588,4.213570,-2.985663,0.001800,0.000000,-2.665588,4.213570,-2.985663,0.001800,0.000000,nan,nan,nan,nan,nan,0.000000,0
1788899833.226371,47.096033,-2.665293,4.211693,-2.985663,-2.665588,4.213570,-2.985663,0.001900,0.000000,-2.665588,4.213570,-2.985663,0.001900,0.000000,-2.665588,4.213570,-2.985663,0.001900,0.000000,nan,nan,nan,nan,nan,0.002016,0
1788899833.226371,47.096033,-2.665293,4.211693,-2.985663,-2.665588,4.213570,-2.985663,0.001900,0.000000,-2.665588,4.213570,-2.985663,0.001900,0.000000,-2.665588,4.213570,-2.985663,0.001900,0.000000,nan,nan,nan,nan,nan,0.002016,0
1788899833.276583,47.146245,-2.665293,4.211693,-2.985663,-2.665588,4.213570,-2.985663,0.001900,0.000000,-2.665588,4.213570,-2.985663,0.001900,0.000000,-2.665588,4.213570,-2.985663,0.001900,0.000000,nan,nan,nan,nan,nan,0.000000,0
1788899833.276583,47.146245,-2.665293,4.211693,-2.985663,-2.665588,4.213570,-2.985663,0.001900,0.000000,-2.665588,4.213570,-2.985663,0.001900,0.000000,-2.665588,4.213570,-2.985663,0.001900,0.000000,nan,nan,nan,nan,nan,0.000000,0
1788899833.326568,47.196230,-2.665293,4.211693,-2.985663,-2.665588,4.213570,-2.985663,0.001900,0.000000,-2.665588,4.213570,-2.985663,0.001900,0.000000,-2.665588,4.213570,-2.985663,0.001900,0.000000,nan,nan,nan,nan,nan,0.000000,0
1788899833.326568,47.196230,-2.665293,4.211693,-2.985663,-2.665588,4.213570,-2.985663,0.001900,0.000000,-2.665588,4.213570,-2.985663,0.001900,0.000000,-2.665588,4.213570,-2.985663,0.001900,0.000000,nan,nan,nan,nan,nan,0.000000,0
1788899833.376673,47.246335,-2.665293,4.211693,-2.985663,-2.665588,4.213570,-2.985663,0.001900,0.000000,-2.665588,4.213570,-2.985663,0.001900,0.000000,-2.665588,4.213570,-2.985663,0.001900,0.000000,nan,nan,nan,nan,nan,0.000000,0
1788899833.376673,47.246335,-2.665293,4.211693,-2.985663,-2.665588,4.213570,-2.985663,0.001900,0.000000,-2.665588,4.213570,-2.985663,0.001900,0.000000,-2.665588,4.213570,-2.985663,0.001900,0.000000,nan,nan,nan,nan,nan,0.000000,0
1788899833.426902,47.296563,-2.665293,4.211693,-2.985663,-2.665588,4.213570,-2.985663,0.001900,0.000000,-2.665588,4.213570,-2.985663,0.001900,0.000000,-2.665588,4.213570,-2.985663,0.001900,0.000000,nan,nan,nan,nan,nan,0.000000,0
1788899833.426902,47.296563,-2.665293,4.211693,-2.985663,-2.665588,4.213570,-2.985663,0.001900,0.000000,-2.665588,4.213570,-2.985663,0.001900,0.000000,-2.665588,4.213570,-2.985663,0.001900,0.000000,nan,nan,nan,nan,nan,0.000000,0
1788899833.476458,47.346120,-2.665293,4.211693,-2.985663,-2.665588,4.213570,-2.985663,0.001900,0.000000,-2.665588,4.213570,-2.985663,0.001900,0.000000,-2.665588,4.213570,-2.985663,0.001900,0.000000,nan,nan,nan,nan,nan,0.000000,0
1788899833.476458,47.346120,-2.665293,4.211693,-2.985663,-2.665588,4.213570,-2.985663,0.001900,0.000000,-2.665588,4.213570,-2.985663,0.001900,0.000000,-2.665588,4.213570,-2.985663,0.001900,0.000000,nan,nan,nan,nan,nan,0.000000,0
1788899833.526521,47.396183,-2.665293,4.211693,-2.985663,-2.665588,4.213570,-2.985663,0.001900,0.000000,-2.665588,4.213570,-2.985663,0.001900,0.000000,-2.665588,4.213570,-2.985663,0.001900,0.000000,nan,nan,nan,nan,nan,0.000000,0
1788899833.526521,47.396183,-2.665293,4.211693,-2.985663,-2.665588,4.213570,-2.985663,0.001900,0.000000,-2.665588,4.213570,-2.985663,0.001900,0.000000,-2.665588,4.213570,-2.985663,0.001900,0.000000,nan,nan,nan,nan,nan,0.000000,0
1788899833.576356,47.446018,-2.665293,4.211693,-2.985663,-2.665588,4.213570,-2.985663,0.001900,0.000000,-2.665588,4.213570,-2.985663,0.001900,0.000000,-2.665588,4.213570,-2.985663,0.001900,0.000000,nan,nan,nan,nan,nan,0.000000,0
1788899833.576356,47.446018,-2.665293,4.211693,-2.985663,-2.665588,4.213570,-2.985663,0.001900,0.000000,-2.665588,4.213570,-2.985663,0.001900,0.000000,-2.665588,4.213570,-2.985663,0.001900,0.000000,nan,nan,nan,nan,nan,0.000000,0
1788899833.626814,47.496476,-2.665293,4.211693,-2.985663,-2.665588,4.213570,-2.985663,0.001900,0.000000,-2.665588,4.213570,-2.985663,0.001900,0.000000,-2.665588,4.213570,-2.985663,0.001900,0.000000,nan,nan,nan,nan,nan,0.000000,0
1788899833.626814,47.496476,-2.665293,4.211693,-2.985663,-2.665588,4.213570,-2.985663,0.001900,0.000000,-2.665588,4.213570,-2.985663,0.001900,0.000000,-2.665588,4.213570,-2.985663,0.001900,0.000000,nan,nan,nan,nan,nan,0.000000,0
1788899833.676509,47.546170,-2.665293,4.211693,-2.985663,-2.665588,4.213570,-2.985663,0.001900,0.000000,-2.665588,4.213570,-2.985663,0.001900,0.000000,-2.665588,4.213570,-2.985663,0.001900,0.000000,nan,nan,nan,nan,nan,0.000000,0
1788899833.676509,47.546170,-2.665293,4.211693,-2.985663,-2.665588,4.213570,-2.985663,0.001900,0.000000,-2.665588,4.213570,-2.985663,0.001900,0.000000,-2.665588,4.213570,-2.985663,0.001900,0.000000,nan,nan,nan,nan,nan,0.000000,0
1788899833.726809,47.596471,-2.665293,4.211693,-2.985663,-2.665588,4.213570,-2.985663,0.001900,0.000000,-2.665588,4.213570,-2.985663,0.001900,0.000000,-2.665588,4.213570,-2.985663,0.001900,0.000000,nan,nan,nan,nan,nan,0.000000,0
1788899833.726809,47.596471,-2.665293,4.211693,-2.985663,-2.665588,4.213570,-2.985663,0.001900,0.000000,-2.665588,4.213570,-2.985663,0.001900,0.000000,-2.665588,4.213570,-2.985663,0.001900,0.000000,nan,nan,nan,nan,nan,0.000000,0
1788899833.776846,47.646508,-2.665293,4.211693,-2.985663,-2.665588,4.213570,-2.985663,0.001900,0.000000,-2.665588,4.213570,-2.985663,0.001900,0.000000,-2.665588,4.213570,-2.985663,0.001900,0.000000,nan,nan,nan,nan,nan,0.000000,0
1788899833.776846,47.646508,-2.665293,4.211693,-2.985663,-2.665588,4.213570,-2.985663,0.001900,0.000000,-2.665588,4.213570,-2.985663,0.001900,0.000000,-2.665588,4.213570,-2.985663,0.001900,0.000000,nan,nan,nan,nan,nan,0.000000,0
1788899833.826658,47.696319,-2.665293,4.211693,-2.985663,-2.665588,4.213570,-2.985663,0.001900,0.000000,-2.665588,4.213570,-2.985663,0.001900,0.000000,-2.665588,4.213570,-2.985663,0.001900,0.000000,nan,nan,nan,nan,nan,0.000000,0
1788899833.826658,47.696319,-2.665293,4.211693,-2.985663,-2.665588,4.213570,-2.985663,0.001900,0.000000,-2.665588,4.213570,-2.985663,0.001900,0.000000,-2.665588,4.213570,-2.985663,0.001900,0.000000,nan,nan,nan,nan,nan,0.000000,0
1788899833.876752,47.746414,-2.665293,4.211693,-2.985663,-2.665588,4.213570,-2.985663,0.001900,0.000000,-2.665588,4.213570,-2.985663,0.001900,0.000000,-2.665588,4.213570,-2.985663,0.001900,0.000000,nan,nan,nan,nan,nan,0.000000,0
1788899833.876752,47.746414,-2.665293,4.211693,-2.985663,-2.665588,4.213570,-2.985663,0.001900,0.000000,-2.665588,4.213570,-2.985663,0.001900,0.000000,-2.665588,4.213570,-2.985663,0.001900,0.000000,nan,nan,nan,nan,nan,0.000000,0
1788899833.926236,47.795898,-2.665293,4.211693,-2.985663,-2.665588,4.213570,-2.985663,0.001900,0.000000,-2.665588,4.213570,-2.985663,0.001900,0.000000,-2.665588,4.213570,-2.985663,0.001900,0.000000,nan,nan,nan,nan,nan,0.000000,0
1788899833.926236,47.795898,-2.665293,4.211693,-2.985663,-2.665588,4.213570,-2.985663,0.001900,0.000000,-2.665588,4.213570,-2.985663,0.001900,0.000000,-2.665588,4.213570,-2.985663,0.001900,0.000000,nan,nan,nan,nan,nan,0.000000,0
1788899833.976540,47.846202,-2.665293,4.211693,-2.985663,-2.665588,4.213570,-2.985663,0.001900,0.000000,-2.665588,4.213570,-2.985663,0.001900,0.000000,-2.665588,4.213570,-2.985663,0.001900,0.000000,nan,nan,nan,nan,nan,0.000000,0
1788899833.976540,47.846202,-2.665293,4.211693,-2.985663,-2.665588,4.213570,-2.985663,0.001900,0.000000,-2.665588,4.213570,-2.985663,0.001900,0.000000,-2.665588,4.213570,-2.985663,0.001900,0.000000,nan,nan,nan,nan,nan,0.000000,0
1788899834.026777,47.896439,-2.665293,4.211693,-2.985663,-2.665588,4.213570,-2.985663,0.001900,0.000000,-2.665588,4.213570,-2.985663,0.001900,0.000000,-2.665588,4.213570,-2.985663,0.001900,0.000000,nan,nan,nan,nan,nan,0.000000,0
1788899834.026777,47.896439,-2.665293,4.211693,-2.985663,-2.665588,4.213570,-2.985663,0.001900,0.000000,-2.665588,4.213570,-2.985663,0.001900,0.000000,-2.665588,4.213570,-2.985663,0.001900,0.000000,nan,nan,nan,nan,nan,0.000000,0
1788899834.076566,47.946228,-2.665293,4.211693,-2.985663,-2.665588,4.213570,-2.985663,0.001900,0.000000,-2.665588,4.213570,-2.985663,0.001900,0.000000,-2.665588,4.213570,-2.985663,0.001900,0.000000,nan,nan,nan,nan,nan,0.000000,0
1788899834.076566,47.946228,-2.665293,4.211693,-2.985663,-2.665588,4.213570,-2.985663,0.001900,0.000000,-2.665588,4.213570,-2.985663,0.001900,0.000000,-2.665588,4.213570,-2.985663,0.001900,0.000000,nan,nan,nan,nan,nan,0.000000,0
1788899834.126555,47.996217,-2.665293,4.211693,-2.985663,-2.665588,4.213570,-2.985663,0.001900,0.000000,-2.665588,4.213570,-2.985663,0.001900,0.000000,-2.665588,4.213570,-2.985663,0.001900,0.000000,nan,nan,nan,nan,nan,0.000000,0
1788899834.126555,47.996217,-2.665293,4.211693,-2.985663,-2.665588,4.213570,-2.985663,0.001900,0.000000,-2.665588,4.213570,-2.985663,0.001900,0.000000,-2.665588,4.213570,-2.985663,0.001900,0.000000,nan,nan,nan,nan,nan,0.000000,0
1788899834.175980,48.045642,-2.665293,4.211693,-2.985663,-2.665588,4.213570,-2.985663,0.001900,0.000000,-2.665588,4.213570,-2.985663,0.001900,0.000000,-2.665588,4.213570,-2.985663,0.001900,0.000000,nan,nan,nan,nan,nan,0.000000,0
1788899834.175980,48.045642,-2.665293,4.211693,-2.985663,-2.665588,4.213570,-2.985663,0.001900,0.000000,-2.665588,4.213570,-2.985663,0.001900,0.000000,-2.665588,4.213570,-2.985663,0.001900,0.000000,nan,nan,nan,nan,nan,0.000000,0
1788899834.226677,48.096339,-2.665293,4.211693,-2.985663,-2.665588,4.213570,-2.985663,0.001900,0.000000,-2.665588,4.213570,-2.985663,0.001900,0.000000,-2.665588,4.213570,-2.985663,0.001900,0.000000,nan,nan,nan,nan,nan,0.000000,0
1788899834.226677,48.096339,-2.665293,4.211693,-2.985663,-2.665588,4.213570,-2.985663,0.001900,0.000000,-2.665588,4.213570,-2.985663,0.001900,0.000000,-2.665588,4.213570,-2.985663,0.001900,0.000000,nan,nan,nan,nan,nan,0.000000,0
1788899834.277160,48.146822,-2.665293,4.211693,-2.985663,-2.665588,4.213570,-2.985663,0.001900,0.000000,-2.665588,4.213570,-2.985663,0.001900,0.000000,-2.665588,4.213570,-2.985663,0.001900,0.000000,nan,nan,nan,nan,nan,0.000000,0
1788899834.277160,48.146822,-2.665293,4.211693,-2.985663,-2.665588,4.213570,-2.985663,0.001900,0.000000,-2.665588,4.213570,-2.985663,0.001900,0.000000,-2.665588,4.213570,-2.985663,0.001900,0.000000,nan,nan,nan,nan,nan,0.000000,0
1788899834.326470,48.196132,-2.665293,4.211693,-2.985663,-2.665588,4.213570,-2.985663,0.001900,0.000000,-2.665588,4.213570,-2.985663,0.001900,0.000000,-2.665588,4.213570,-2.985663,0.001900,0.000000,nan,nan,nan,nan,nan,0.000000,0
1788899834.326470,48.196132,-2.665293,4.211693,-2.985663,-2.665588,4.213570,-2.985663,0.001900,0.000000,-2.665588,4.213570,-2.985663,0.001900,0.000000,-2.665588,4.213570,-2.985663,0.001900,0.000000,nan,nan,nan,nan,nan,0.000000,0
1788899834.376053,48.245715,-2.665293,4.211693,-2.985663,-2.665588,4.213570,-2.985663,0.001900,0.000000,-2.665588,4.213570,-2.985663,0.001900,0.000000,-2.665588,4.213570,-2.985663,0.001900,0.000000,nan,nan,nan,nan,nan,0.000000,0
1788899834.376053,48.245715,-2.665293,4.211693,-2.985663,-2.665588,4.213570,-2.985663,0.001900,0.000000,-2.665588,4.213570,-2.985663,0.001900,0.000000,-2.665588,4.213570,-2.985663,0.001900,0.000000,nan,nan,nan,nan,nan,0.000000,0
1788899834.426514,48.296176,-2.665293,4.211693,-2.985663,-2.665588,4.213570,-2.985663,0.001900,0.000000,-2.665588,4.213570,-2.985663,0.001900,0.000000,-2.665588,4.213570,-2.985663,0.001900,0.000000,nan,nan,nan,nan,nan,0.000000,0
1788899834.426514,48.296176,-2.665293,4.211693,-2.985663,-2.665588,4.213570,-2.985663,0.001900,0.000000,-2.665588,4.213570,-2.985663,0.001900,0.000000,-2.665588,4.213570,-2.985663,0.001900,0.000000,nan,nan,nan,nan,nan,0.000000,0
1788899834.476496,48.346157,-2.665293,4.211693,-2.985663,-2.665588,4.213570,-2.985663,0.001900,0.000000,-2.665588,4.213570,-2.985663,0.001900,0.000000,-2.665588,4.213570,-2.985663,0.001900,0.000000,nan,nan,nan,nan,nan,0.000000,0
1788899834.476496,48.346157,-2.665293,4.211693,-2.985663,-2.665588,4.213570,-2.985663,0.001900,0.000000,-2.665588,4.213570,-2.985663,0.001900,0.000000,-2.665588,4.213570,-2.985663,0.001900,0.000000,nan,nan,nan,nan,nan,0.000000,0
1788899834.526710,48.396371,-2.665293,4.211693,-2.985663,-2.665588,4.213570,-2.985663,0.001900,0.000000,-2.665588,4.213570,-2.985663,0.001900,0.000000,-2.665588,4.213570,-2.985663,0.001900,0.000000,nan,nan,nan,nan,nan,0.000000,0
1788899834.526710,48.396371,-2.665293,4.211693,-2.985663,-2.665588,4.213570,-2.985663,0.001900,0.000000,-2.665588,4.213570,-2.985663,0.001900,0.000000,-2.665588,4.213570,-2.985663,0.001900,0.000000,nan,nan,nan,nan,nan,0.000000,0
1788899834.576566,48.446228,-2.665293,4.211693,-2.985663,-2.665588,4.213570,-2.985663,0.001900,0.000000,-2.665588,4.213570,-2.985663,0.001900,0.000000,-2.665588,4.213570,-2.985663,0.001900,0.000000,nan,nan,nan,nan,nan,0.000000,0
1788899834.576566,48.446228,-2.665293,4.211693,-2.985663,-2.665588,4.213570,-2.985663,0.001900,0.000000,-2.665588,4.213570,-2.985663,0.001900,0.000000,-2.665588,4.213570,-2.985663,0.001900,0.000000,nan,nan,nan,nan,nan,0.000000,0
1788899834.626897,48.496559,-2.665293,4.211693,-2.985663,-2.665588,4.213570,-2.985663,0.001900,0.000000,-2.665588,4.213570,-2.985663,0.001900,0.000000,-2.665588,4.213570,-2.985663,0.001900,0.000000,nan,nan,nan,nan,nan,0.000000,0
1788899834.626897,48.496559,-2.665293,4.211693,-2.985663,-2.665588,4.213570,-2.985663,0.001900,0.000000,-2.665588,4.213570,-2.985663,0.001900,0.000000,-2.665588,4.213570,-2.985663,0.001900,0.000000,nan,nan,nan,nan,nan,0.000000,0
1788899834.676915,48.546577,-2.665293,4.211693,-2.985663,-2.665588,4.213570,-2.985663,0.001900,0.000000,-2.665588,4.213570,-2.985663,0.001900,0.000000,-2.665588,4.213570,-2.985663,0.001900,0.000000,nan,nan,nan,nan,nan,0.000000,0
1788899834.676915,48.546577,-2.665293,4.211693,-2.985663,-2.665588,4.213570,-2.985663,0.001900,0.000000,-2.665588,4.213570,-2.985663,0.001900,0.000000,-2.665588,4.213570,-2.985663,0.001900,0.000000,nan,nan,nan,nan,nan,0.000000,0
1788899834.727016,48.596678,-2.665293,4.211693,-2.985663,-2.665588,4.213570,-2.985663,0.001900,0.000000,-2.665588,4.213570,-2.985663,0.001900,0.000000,-2.665588,4.213570,-2.985663,0.001900,0.000000,nan,nan,nan,nan,nan,0.000000,0
1788899834.727016,48.596678,-2.665293,4.211693,-2.985663,-2.665588,4.213570,-2.985663,0.001900,0.000000,-2.665588,4.213570,-2.985663,0.001900,0.000000,-2.665588,4.213570,-2.985663,0.001900,0.000000,nan,nan,nan,nan,nan,0.000000,0
1788899834.776722,48.646384,-2.665293,4.211693,-2.985663,-2.665588,4.213570,-2.985663,0.001900,0.000000,-2.665588,4.213570,-2.985663,0.001900,0.000000,-2.665588,4.213570,-2.985663,0.001900,0.000000,nan,nan,nan,nan,nan,0.000000,0
1788899834.776722,48.646384,-2.665293,4.211693,-2.985663,-2.665588,4.213570,-2.985663,0.001900,0.000000,-2.665588,4.213570,-2.985663,0.001900,0.000000,-2.665588,4.213570,-2.985663,0.001900,0.000000,nan,nan,nan,nan,nan,0.000000,0
1788899834.826840,48.696502,-2.665293,4.211693,-2.985663,-2.665588,4.213570,-2.985663,0.001900,0.000000,-2.665588,4.213570,-2.985663,0.001900,0.000000,-2.665588,4.213570,-2.985663,0.001900,0.000000,nan,nan,nan,nan,nan,0.000000,0
1788899834.826840,48.696502,-2.665293,4.211693,-2.985663,-2.665588,4.213570,-2.985663,0.001900,0.000000,-2.665588,4.213570,-2.985663,0.001900,0.000000,-2.665588,4.213570,-2.985663,0.001900,0.000000,nan,nan,nan,nan,nan,0.000000,0
1788899834.875930,48.745592,-2.665293,4.211693,-2.985663,-2.665588,4.213570,-2.985663,0.001900,0.000000,-2.665588,4.213570,-2.985663,0.001900,0.000000,-2.665588,4.213570,-2.985663,0.001900,0.000000,nan,nan,nan,nan,nan,0.000000,0
1788899834.875930,48.745592,-2.665293,4.211693,-2.985663,-2.665588,4.213570,-2.985663,0.001900,0.000000,-2.665588,4.213570,-2.985663,0.001900,0.000000,-2.665588,4.213570,-2.985663,0.001900,0.000000,nan,nan,nan,nan,nan,0.000000,0
1788899834.926569,48.796231,-2.665293,4.211693,-2.985663,-2.665588,4.213570,-2.985663,0.001900,0.000000,-2.665588,4.213570,-2.985663,0.001900,0.000000,-2.665588,4.213570,-2.985663,0.001900,0.000000,nan,nan,nan,nan,nan,0.000000,0
1788899834.926569,48.796231,-2.665293,4.211693,-2.985663,-2.665588,4.213570,-2.985663,0.001900,0.000000,-2.665588,4.213570,-2.985663,0.001900,0.000000,-2.665588,4.213570,-2.985663,0.001900,0.000000,nan,nan,nan,nan,nan,0.000000,0
1788899834.976739,48.846401,-2.665293,4.211693,-2.985663,-2.665588,4.213570,-2.985663,0.001900,0.000000,-2.665588,4.213570,-2.985663,0.001900,0.000000,-2.665588,4.213570,-2.985663,0.001900,0.000000,nan,nan,nan,nan,nan,0.000000,0
1788899834.976739,48.846401,-2.665293,4.211693,-2.985663,-2.665588,4.213570,-2.985663,0.001900,0.000000,-2.665588,4.213570,-2.985663,0.001900,0.000000,-2.665588,4.213570,-2.985663,0.001900,0.000000,nan,nan,nan,nan,nan,0.000000,0
1788899835.026649,48.896311,-2.665293,4.211693,-2.985663,-2.665588,4.213570,-2.985663,0.001900,0.000000,-2.665588,4.213570,-2.985663,0.001900,0.000000,-2.665588,4.213570,-2.985663,0.001900,0.000000,nan,nan,nan,nan,nan,0.000000,0
1788899835.026649,48.896311,-2.665293,4.211693,-2.985663,-2.665588,4.213570,-2.985663,0.001900,0.000000,-2.665588,4.213570,-2.985663,0.001900,0.000000,-2.665588,4.213570,-2.985663,0.001900,0.000000,nan,nan,nan,nan,nan,0.000000,0
1788899835.076198,48.945859,-2.665293,4.211693,-2.985663,-2.665588,4.213570,-2.985663,0.001900,0.000000,-2.665588,4.213570,-2.985663,0.001900,0.000000,-2.665588,4.213570,-2.985663,0.001900,0.000000,nan,nan,nan,nan,nan,0.000000,0
1788899835.076198,48.945859,-2.665293,4.211693,-2.985663,-2.665588,4.213570,-2.985663,0.001900,0.000000,-2.665588,4.213570,-2.985663,0.001900,0.000000,-2.665588,4.213570,-2.985663,0.001900,0.000000,nan,nan,nan,nan,nan,0.000000,0
1788899835.126725,48.996387,-2.665293,4.211693,-2.985663,-2.665588,4.213570,-2.985663,0.001900,0.000000,-2.665588,4.213570,-2.985663,0.001900,0.000000,-2.665588,4.213570,-2.985663,0.001900,0.000000,nan,nan,nan,nan,nan,0.000000,0
1788899835.126725,48.996387,-2.665293,4.211693,-2.985663,-2.665588,4.213570,-2.985663,0.001900,0.000000,-2.665588,4.213570,-2.985663,0.001900,0.000000,-2.665588,4.213570,-2.985663,0.001900,0.000000,nan,nan,nan,nan,nan,0.000000,0
1788899835.176507,49.046169,-2.665293,4.211693,-2.985663,-2.665588,4.213570,-2.985663,0.001900,0.000000,-2.665588,4.213570,-2.985663,0.001900,0.000000,-2.665588,4.213570,-2.985663,0.001900,0.000000,nan,nan,nan,nan,nan,0.000000,0
1788899835.176507,49.046169,-2.665293,4.211693,-2.985663,-2.665588,4.213570,-2.985663,0.001900,0.000000,-2.665588,4.213570,-2.985663,0.001900,0.000000,-2.665588,4.213570,-2.985663,0.001900,0.000000,nan,nan,nan,nan,nan,0.000000,0
1788899835.226486,49.096148,-2.665293,4.211693,-2.985663,-2.665588,4.213570,-2.985663,0.001900,0.000000,-2.665588,4.213570,-2.985663,0.001900,0.000000,-2.665588,4.213570,-2.985663,0.001900,0.000000,nan,nan,nan,nan,nan,0.000000,0
1788899835.226486,49.096148,-2.665293,4.211693,-2.985663,-2.665588,4.213570,-2.985663,0.001900,0.000000,-2.665588,4.213570,-2.985663,0.001900,0.000000,-2.665588,4.213570,-2.985663,0.001900,0.000000,nan,nan,nan,nan,nan,0.000000,0
1788899835.276900,49.146562,-2.665293,4.211693,-2.985663,-2.665588,4.213570,-2.985663,0.001900,0.000000,-2.665588,4.213570,-2.985663,0.001900,0.000000,-2.665588,4.213570,-2.985663,0.001900,0.000000,nan,nan,nan,nan,nan,0.000000,0
1788899835.276900,49.146562,-2.665293,4.211693,-2.985663,-2.665588,4.213570,-2.985663,0.001900,0.000000,-2.665588,4.213570,-2.985663,0.001900,0.000000,-2.665588,4.213570,-2.985663,0.001900,0.000000,nan,nan,nan,nan,nan,0.000000,0
1788899835.326888,49.196550,-2.665293,4.211693,-2.985663,-2.665588,4.213570,-2.985663,0.001900,0.000000,-2.665588,4.213570,-2.985663,0.001900,0.000000,-2.665588,4.213570,-2.985663,0.001900,0.000000,nan,nan,nan,nan,nan,0.000000,0
1788899835.326888,49.196550,-2.665293,4.211693,-2.985663,-2.665588,4.213570,-2.985663,0.001900,0.000000,-2.665588,4.213570,-2.985663,0.001900,0.000000,-2.665588,4.213570,-2.985663,0.001900,0.000000,nan,nan,nan,nan,nan,0.000000,0
1788899835.376138,49.245800,-2.665293,4.211693,-2.985663,-2.665588,4.213570,-2.985663,0.001900,0.000000,-2.665588,4.213570,-2.985663,0.001900,0.000000,-2.665588,4.213570,-2.985663,0.001900,0.000000,nan,nan,nan,nan,nan,0.000000,0
1788899835.376138,49.245800,-2.665293,4.211693,-2.985663,-2.665588,4.213570,-2.985663,0.001900,0.000000,-2.665588,4.213570,-2.985663,0.001900,0.000000,-2.665588,4.213570,-2.985663,0.001900,0.000000,nan,nan,nan,nan,nan,0.000000,0
1788899835.426476,49.296137,-2.665293,4.211693,-2.985663,-2.665588,4.213570,-2.985663,0.001900,0.000000,-2.665588,4.213570,-2.985663,0.001900,0.000000,-2.665588,4.213570,-2.985663,0.001900,0.000000,nan,nan,nan,nan,nan,0.000000,0
1788899835.426476,49.296137,-2.665293,4.211693,-2.985663,-2.665588,4.213570,-2.985663,0.001900,0.000000,-2.665588,4.213570,-2.985663,0.001900,0.000000,-2.665588,4.213570,-2.985663,0.001900,0.000000,nan,nan,nan,nan,nan,0.000000,0
1788899835.476556,49.346218,-2.665293,4.211693,-2.985663,-2.665588,4.213570,-2.985663,0.001900,0.000000,-2.665588,4.213570,-2.985663,0.001900,0.000000,-2.665588,4.213570,-2.985663,0.001900,0.000000,nan,nan,nan,nan,nan,0.000000,0
1788899835.476556,49.346218,-2.665293,4.211693,-2.985663,-2.665588,4.213570,-2.985663,0.001900,0.000000,-2.665588,4.213570,-2.985663,0.001900,0.000000,-2.665588,4.213570,-2.985663,0.001900,0.000000,nan,nan,nan,nan,nan,0.000000,0
1788899835.526448,49.396109,-2.665293,4.211693,-2.985663,-2.665588,4.213570,-2.985663,0.001900,0.000000,-2.665588,4.213570,-2.985663,0.001900,0.000000,-2.665588,4.213570,-2.985663,0.001900,0.000000,nan,nan,nan,nan,nan,0.000000,0
1788899835.526448,49.396109,-2.665293,4.211693,-2.985663,-2.665588,4.213570,-2.985663,0.001900,0.000000,-2.665588,4.213570,-2.985663,0.001900,0.000000,-2.665588,4.213570,-2.985663,0.001900,0.000000,nan,nan,nan,nan,nan,0.000000,0
1788899835.576048,49.445710,-2.665293,4.211693,-2.985663,-2.665588,4.213570,-2.985663,0.001900,0.000000,-2.665588,4.213570,-2.985663,0.001900,0.000000,-2.665588,4.213570,-2.985663,0.001900,0.000000,nan,nan,nan,nan,nan,0.000000,0
1788899835.576048,49.445710,-2.665293,4.211693,-2.985663,-2.665588,4.213570,-2.985663,0.001900,0.000000,-2.665588,4.213570,-2.985663,0.001900,0.000000,-2.665588,4.213570,-2.985663,0.001900,0.000000,nan,nan,nan,nan,nan,0.000000,0
1788899835.626733,49.496395,-2.665293,4.211693,-2.985663,-2.665588,4.213570,-2.985663,0.001900,0.000000,-2.665588,4.213570,-2.985663,0.001900,0.000000,-2.665588,4.213570,-2.985663,0.001900,0.000000,nan,nan,nan,nan,nan,0.000000,0
1788899835.626733,49.496395,-2.665293,4.211693,-2.985663,-2.665588,4.213570,-2.985663,0.001900,0.000000,-2.665588,4.213570,-2.985663,0.001900,0.000000,-2.665588,4.213570,-2.985663,0.001900,0.000000,nan,nan,nan,nan,nan,0.000000,0
1788899835.676512,49.546174,-2.665293,4.211693,-2.985663,-2.665588,4.213570,-2.985663,0.001900,0.000000,-2.665588,4.213570,-2.985663,0.001900,0.000000,-2.665588,4.213570,-2.985663,0.001900,0.000000,nan,nan,nan,nan,nan,0.000000,0
1788899835.676512,49.546174,-2.665293,4.211693,-2.985663,-2.665588,4.213570,-2.985663,0.001900,0.000000,-2.665588,4.213570,-2.985663,0.001900,0.000000,-2.665588,4.213570,-2.985663,0.001900,0.000000,nan,nan,nan,nan,nan,0.000000,0
1788899835.726574,49.596236,-2.665293,4.211693,-2.985663,-2.665588,4.213570,-2.985663,0.001900,0.000000,-2.665588,4.213570,-2.985663,0.001900,0.000000,-2.665588,4.213570,-2.985663,0.001900,0.000000,nan,nan,nan,nan,nan,0.000000,0
1788899835.726574,49.596236,-2.665293,4.211693,-2.985663,-2.665588,4.213570,-2.985663,0.001900,0.000000,-2.665588,4.213570,-2.985663,0.001900,0.000000,-2.665588,4.213570,-2.985663,0.001900,0.000000,nan,nan,nan,nan,nan,0.000000,0
1788899835.776906,49.646567,-2.665293,4.211693,-2.985663,-2.665588,4.213570,-2.985663,0.001900,0.000000,-2.665588,4.213570,-2.985663,0.001900,0.000000,-2.665588,4.213570,-2.985663,0.001900,0.000000,nan,nan,nan,nan,nan,0.000000,0
1788899835.776906,49.646567,-2.665293,4.211693,-2.985663,-2.665588,4.213570,-2.985663,0.001900,0.000000,-2.665588,4.213570,-2.985663,0.001900,0.000000,-2.665588,4.213570,-2.985663,0.001900,0.000000,nan,nan,nan,nan,nan,0.000000,0
1788899835.826427,49.696089,-2.665293,4.211693,-2.985663,-2.665588,4.213570,-2.985663,0.001900,0.000000,-2.665588,4.213570,-2.985663,0.001900,0.000000,-2.665588,4.213570,-2.985663,0.001900,0.000000,nan,nan,nan,nan,nan,0.000000,0
1788899835.826427,49.696089,-2.665293,4.211693,-2.985663,-2.665588,4.213570,-2.985663,0.001900,0.000000,-2.665588,4.213570,-2.985663,0.001900,0.000000,-2.665588,4.213570,-2.985663,0.001900,0.000000,nan,nan,nan,nan,nan,0.000000,0
1788899835.877997,49.747659,-2.665277,4.211594,-2.985663,-2.665588,4.213570,-2.985663,0.002000,0.000000,-2.665588,4.213570,-2.985663,0.002000,0.000000,-2.665588,4.213570,-2.985663,0.002000,0.000000,nan,nan,nan,nan,nan,0.001939,0
1788899835.877997,49.747659,-2.665277,4.211594,-2.985663,-2.665588,4.213570,-2.985663,0.002000,0.000000,-2.665588,4.213570,-2.985663,0.002000,0.000000,-2.665588,4.213570,-2.985663,0.002000,0.000000,nan,nan,nan,nan,nan,0.001939,0
1788899835.926324,49.795986,-2.665277,4.211594,-2.985663,-2.665588,4.213570,-2.985663,0.002000,0.000000,-2.665588,4.213570,-2.985663,0.002000,0.000000,-2.665588,4.213570,-2.985663,0.002000,0.000000,nan,nan,nan,nan,nan,0.000000,0
1788899835.926324,49.795986,-2.665277,4.211594,-2.985663,-2.665588,4.213570,-2.985663,0.002000,0.000000,-2.665588,4.213570,-2.985663,0.002000,0.000000,-2.665588,4.213570,-2.985663,0.002000,0.000000,nan,nan,nan,nan,nan,0.000000,0
1788899835.976903,49.846565,-2.665277,4.211594,-2.985663,-2.665588,4.213570,-2.985663,0.002000,0.000000,-2.665588,4.213570,-2.985663,0.002000,0.000000,-2.665588,4.213570,-2.985663,0.002000,0.000000,nan,nan,nan,nan,nan,0.000000,0
1788899835.976903,49.846565,-2.665277,4.211594,-2.985663,-2.665588,4.213570,-2.985663,0.002000,0.000000,-2.665588,4.213570,-2.985663,0.002000,0.000000,-2.665588,4.213570,-2.985663,0.002000,0.000000,nan,nan,nan,nan,nan,0.000000,0
1788899836.026782,49.896443,-2.665277,4.211594,-2.985663,-2.665588,4.213570,-2.985663,0.002000,0.000000,-2.665588,4.213570,-2.985663,0.002000,0.000000,-2.665588,4.213570,-2.985663,0.002000,0.000000,nan,nan,nan,nan,nan,0.000000,0
1788899836.026782,49.896443,-2.665277,4.211594,-2.985663,-2.665588,4.213570,-2.985663,0.002000,0.000000,-2.665588,4.213570,-2.985663,0.002000,0.000000,-2.665588,4.213570,-2.985663,0.002000,0.000000,nan,nan,nan,nan,nan,0.000000,0
1788899836.076046,49.945708,-2.665277,4.211594,-2.985663,-2.665588,4.213570,-2.985663,0.002000,0.000000,-2.665588,4.213570,-2.985663,0.002000,0.000000,-2.665588,4.213570,-2.985663,0.002000,0.000000,nan,nan,nan,nan,nan,0.000000,0
1788899836.076046,49.945708,-2.665277,4.211594,-2.985663,-2.665588,4.213570,-2.985663,0.002000,0.000000,-2.665588,4.213570,-2.985663,0.002000,0.000000,-2.665588,4.213570,-2.985663,0.002000,0.000000,nan,nan,nan,nan,nan,0.000000,0
1788899836.125990,49.995651,-2.665277,4.211594,-2.985663,-2.665588,4.213570,-2.985663,0.002000,0.000000,-2.665588,4.213570,-2.985663,0.002000,0.000000,-2.665588,4.213570,-2.985663,0.002000,0.000000,nan,nan,nan,nan,nan,0.000000,0
1788899836.125990,49.995651,-2.665277,4.211594,-2.985663,-2.665588,4.213570,-2.985663,0.002000,0.000000,-2.665588,4.213570,-2.985663,0.002000,0.000000,-2.665588,4.213570,-2.985663,0.002000,0.000000,nan,nan,nan,nan,nan,0.000000,0
1788899836.176643,50.046305,-2.665277,4.211594,-2.985663,-2.665588,4.213570,-2.985663,0.002000,0.000000,-2.665588,4.213570,-2.985663,0.002000,0.000000,-2.665588,4.213570,-2.985663,0.002000,0.000000,nan,nan,nan,nan,nan,0.000000,0
1788899836.176643,50.046305,-2.665277,4.211594,-2.985663,-2.665588,4.213570,-2.985663,0.002000,0.000000,-2.665588,4.213570,-2.985663,0.002000,0.000000,-2.665588,4.213570,-2.985663,0.002000,0.000000,nan,nan,nan,nan,nan,0.000000,0
1788899836.226551,50.096213,-2.665277,4.211594,-2.985663,-2.665588,4.213570,-2.985663,0.002000,0.000000,-2.665588,4.213570,-2.985663,0.002000,0.000000,-2.665588,4.213570,-2.985663,0.002000,0.000000,nan,nan,nan,nan,nan,0.000000,0
1788899836.226551,50.096213,-2.665277,4.211594,-2.985663,-2.665588,4.213570,-2.985663,0.002000,0.000000,-2.665588,4.213570,-2.985663,0.002000,0.000000,-2.665588,4.213570,-2.985663,0.002000,0.000000,nan,nan,nan,nan,nan,0.000000,0
1788899836.276024,50.145686,-2.665277,4.211594,-2.985663,-2.665588,4.213570,-2.985663,0.002000,0.000000,-2.665588,4.213570,-2.985663,0.002000,0.000000,-2.665588,4.213570,-2.985663,0.002000,0.000000,nan,nan,nan,nan,nan,0.000000,0
1788899836.276024,50.145686,-2.665277,4.211594,-2.985663,-2.665588,4.213570,-2.985663,0.002000,0.000000,-2.665588,4.213570,-2.985663,0.002000,0.000000,-2.665588,4.213570,-2.985663,0.002000,0.000000,nan,nan,nan,nan,nan,0.000000,0
1788899836.326940,50.196602,-2.665277,4.211594,-2.985663,-2.665588,4.213570,-2.985663,0.002000,0.000000,-2.665588,4.213570,-2.985663,0.002000,0.000000,-2.665588,4.213570,-2.985663,0.002000,0.000000,nan,nan,nan,nan,nan,0.000000,0
1788899836.326940,50.196602,-2.665277,4.211594,-2.985663,-2.665588,4.213570,-2.985663,0.002000,0.000000,-2.665588,4.213570,-2.985663,0.002000,0.000000,-2.665588,4.213570,-2.985663,0.002000,0.000000,nan,nan,nan,nan,nan,0.000000,0
1788899836.376193,50.245854,-2.665277,4.211594,-2.985663,-2.665588,4.213570,-2.985663,0.002000,0.000000,-2.665588,4.213570,-2.985663,0.002000,0.000000,-2.665588,4.213570,-2.985663,0.002000,0.000000,nan,nan,nan,nan,nan,0.000000,0
1788899836.376193,50.245854,-2.665277,4.211594,-2.985663,-2.665588,4.213570,-2.985663,0.002000,0.000000,-2.665588,4.213570,-2.985663,0.002000,0.000000,-2.665588,4.213570,-2.985663,0.002000,0.000000,nan,nan,nan,nan,nan,0.000000,0
1788899836.426092,50.295754,-2.665277,4.211594,-2.985663,-2.665588,4.213570,-2.985663,0.002000,0.000000,-2.665588,4.213570,-2.985663,0.002000,0.000000,-2.665588,4.213570,-2.985663,0.002000,0.000000,nan,nan,nan,nan,nan,0.000000,0
1788899836.426092,50.295754,-2.665277,4.211594,-2.985663,-2.665588,4.213570,-2.985663,0.002000,0.000000,-2.665588,4.213570,-2.985663,0.002000,0.000000,-2.665588,4.213570,-2.985663,0.002000,0.000000,nan,nan,nan,nan,nan,0.000000,0
1788899836.476696,50.346358,-2.665277,4.211594,-2.985663,-2.665588,4.213570,-2.985663,0.002000,0.000000,-2.665588,4.213570,-2.985663,0.002000,0.000000,-2.665588,4.213570,-2.985663,0.002000,0.000000,nan,nan,nan,nan,nan,0.000000,0
1788899836.476696,50.346358,-2.665277,4.211594,-2.985663,-2.665588,4.213570,-2.985663,0.002000,0.000000,-2.665588,4.213570,-2.985663,0.002000,0.000000,-2.665588,4.213570,-2.985663,0.002000,0.000000,nan,nan,nan,nan,nan,0.000000,0
1788899836.526940,50.396602,-2.665277,4.211594,-2.985663,-2.665588,4.213570,-2.985663,0.002000,0.000000,-2.665588,4.213570,-2.985663,0.002000,0.000000,-2.665588,4.213570,-2.985663,0.002000,0.000000,nan,nan,nan,nan,nan,0.000000,0
1788899836.526940,50.396602,-2.665277,4.211594,-2.985663,-2.665588,4.213570,-2.985663,0.002000,0.000000,-2.665588,4.213570,-2.985663,0.002000,0.000000,-2.665588,4.213570,-2.985663,0.002000,0.000000,nan,nan,nan,nan,nan,0.000000,0
1788899836.576407,50.446069,-2.665277,4.211594,-2.985663,-2.665588,4.213570,-2.985663,0.002000,0.000000,-2.665588,4.213570,-2.985663,0.002000,0.000000,-2.665588,4.213570,-2.985663,0.002000,0.000000,nan,nan,nan,nan,nan,0.000000,0
1788899836.576407,50.446069,-2.665277,4.211594,-2.985663,-2.665588,4.213570,-2.985663,0.002000,0.000000,-2.665588,4.213570,-2.985663,0.002000,0.000000,-2.665588,4.213570,-2.985663,0.002000,0.000000,nan,nan,nan,nan,nan,0.000000,0
1788899836.626274,50.495936,-2.665277,4.211594,-2.985663,-2.665588,4.213570,-2.985663,0.002000,0.000000,-2.665588,4.213570,-2.985663,0.002000,0.000000,-2.665588,4.213570,-2.985663,0.002000,0.000000,nan,nan,nan,nan,nan,0.000000,0
1788899836.626274,50.495936,-2.665277,4.211594,-2.985663,-2.665588,4.213570,-2.985663,0.002000,0.000000,-2.665588,4.213570,-2.985663,0.002000,0.000000,-2.665588,4.213570,-2.985663,0.002000,0.000000,nan,nan,nan,nan,nan,0.000000,0
1788899836.676702,50.546364,-2.665277,4.211594,-2.985663,-2.665588,4.213570,-2.985663,0.002000,0.000000,-2.665588,4.213570,-2.985663,0.002000,0.000000,-2.665588,4.213570,-2.985663,0.002000,0.000000,nan,nan,nan,nan,nan,0.000000,0
1788899836.676702,50.546364,-2.665277,4.211594,-2.985663,-2.665588,4.213570,-2.985663,0.002000,0.000000,-2.665588,4.213570,-2.985663,0.002000,0.000000,-2.665588,4.213570,-2.985663,0.002000,0.000000,nan,nan,nan,nan,nan,0.000000,0
1788899836.726686,50.596348,-2.665277,4.211594,-2.985663,-2.665588,4.213570,-2.985663,0.002000,0.000000,-2.665588,4.213570,-2.985663,0.002000,0.000000,-2.665588,4.213570,-2.985663,0.002000,0.000000,nan,nan,nan,nan,nan,0.000000,0
1788899836.726686,50.596348,-2.665277,4.211594,-2.985663,-2.665588,4.213570,-2.985663,0.002000,0.000000,-2.665588,4.213570,-2.985663,0.002000,0.000000,-2.665588,4.213570,-2.985663,0.002000,0.000000,nan,nan,nan,nan,nan,0.000000,0
1788899836.776770,50.646432,-2.665277,4.211594,-2.985663,-2.665588,4.213570,-2.985663,0.002000,0.000000,-2.665588,4.213570,-2.985663,0.002000,0.000000,-2.665588,4.213570,-2.985663,0.002000,0.000000,nan,nan,nan,nan,nan,0.000000,0
1788899836.776770,50.646432,-2.665277,4.211594,-2.985663,-2.665588,4.213570,-2.985663,0.002000,0.000000,-2.665588,4.213570,-2.985663,0.002000,0.000000,-2.665588,4.213570,-2.985663,0.002000,0.000000,nan,nan,nan,nan,nan,0.000000,0
1788899836.826825,50.696487,-2.665277,4.211594,-2.985663,-2.665588,4.213570,-2.985663,0.002000,0.000000,-2.665588,4.213570,-2.985663,0.002000,0.000000,-2.665588,4.213570,-2.985663,0.002000,0.000000,nan,nan,nan,nan,nan,0.000000,0
1788899836.826825,50.696487,-2.665277,4.211594,-2.985663,-2.665588,4.213570,-2.985663,0.002000,0.000000,-2.665588,4.213570,-2.985663,0.002000,0.000000,-2.665588,4.213570,-2.985663,0.002000,0.000000,nan,nan,nan,nan,nan,0.000000,0
1788899836.878841,50.748502,-2.665277,4.211594,-2.985663,-2.665588,4.213570,-2.985663,0.002000,0.000000,-2.665588,4.213570,-2.985663,0.002000,0.000000,-2.665588,4.213570,-2.985663,0.002000,0.000000,nan,nan,nan,nan,nan,0.000000,0
1788899836.878841,50.748502,-2.665277,4.211594,-2.985663,-2.665588,4.213570,-2.985663,0.002000,0.000000,-2.665588,4.213570,-2.985663,0.002000,0.000000,-2.665588,4.213570,-2.985663,0.002000,0.000000,nan,nan,nan,nan,nan,0.000000,0
1788899836.928638,50.798300,-2.665277,4.211594,-2.985663,-2.665588,4.213570,-2.985663,0.002000,0.000000,-2.665588,4.213570,-2.985663,0.002000,0.000000,-2.665588,4.213570,-2.985663,0.002000,0.000000,nan,nan,nan,nan,nan,0.000000,0
1788899836.928638,50.798300,-2.665277,4.211594,-2.985663,-2.665588,4.213570,-2.985663,0.002000,0.000000,-2.665588,4.213570,-2.985663,0.002000,0.000000,-2.665588,4.213570,-2.985663,0.002000,0.000000,nan,nan,nan,nan,nan,0.000000,0
1788899836.977510,50.847172,-2.665277,4.211594,-2.985663,-2.665588,4.213570,-2.985663,0.002000,0.000000,-2.665588,4.213570,-2.985663,0.002000,0.000000,-2.665588,4.213570,-2.985663,0.002000,0.000000,nan,nan,nan,nan,nan,0.000000,0
1788899836.977510,50.847172,-2.665277,4.211594,-2.985663,-2.665588,4.213570,-2.985663,0.002000,0.000000,-2.665588,4.213570,-2.985663,0.002000,0.000000,-2.665588,4.213570,-2.985663,0.002000,0.000000,nan,nan,nan,nan,nan,0.000000,0
1788899837.026910,50.896571,-2.665277,4.211594,-2.985663,-2.665588,4.213570,-2.985663,0.002000,0.000000,-2.665588,4.213570,-2.985663,0.002000,0.000000,-2.665588,4.213570,-2.985663,0.002000,0.000000,nan,nan,nan,nan,nan,0.000000,0
1788899837.026910,50.896571,-2.665277,4.211594,-2.985663,-2.665588,4.213570,-2.985663,0.002000,0.000000,-2.665588,4.213570,-2.985663,0.002000,0.000000,-2.665588,4.213570,-2.985663,0.002000,0.000000,nan,nan,nan,nan,nan,0.000000,0
1788899837.076377,50.946039,-2.665277,4.211594,-2.985663,-2.665588,4.213570,-2.985663,0.002000,0.000000,-2.665588,4.213570,-2.985663,0.002000,0.000000,-2.665588,4.213570,-2.985663,0.002000,0.000000,nan,nan,nan,nan,nan,0.000000,0
1788899837.076377,50.946039,-2.665277,4.211594,-2.985663,-2.665588,4.213570,-2.985663,0.002000,0.000000,-2.665588,4.213570,-2.985663,0.002000,0.000000,-2.665588,4.213570,-2.985663,0.002000,0.000000,nan,nan,nan,nan,nan,0.000000,0
1788899837.126801,50.996463,-2.665277,4.211594,-2.985663,-2.665588,4.213570,-2.985663,0.002000,0.000000,-2.665588,4.213570,-2.985663,0.002000,0.000000,-2.665588,4.213570,-2.985663,0.002000,0.000000,nan,nan,nan,nan,nan,0.000000,0
1788899837.126801,50.996463,-2.665277,4.211594,-2.985663,-2.665588,4.213570,-2.985663,0.002000,0.000000,-2.665588,4.213570,-2.985663,0.002000,0.000000,-2.665588,4.213570,-2.985663,0.002000,0.000000,nan,nan,nan,nan,nan,0.000000,0
1788899837.176463,51.046125,-2.665277,4.211594,-2.985663,-2.665588,4.213570,-2.985663,0.002000,0.000000,-2.665588,4.213570,-2.985663,0.002000,0.000000,-2.665588,4.213570,-2.985663,0.002000,0.000000,nan,nan,nan,nan,nan,0.000000,0
1788899837.176463,51.046125,-2.665277,4.211594,-2.985663,-2.665588,4.213570,-2.985663,0.002000,0.000000,-2.665588,4.213570,-2.985663,0.002000,0.000000,-2.665588,4.213570,-2.985663,0.002000,0.000000,nan,nan,nan,nan,nan,0.000000,0
1788899837.226438,51.096100,-2.665277,4.211594,-2.985663,-2.665588,4.213570,-2.985663,0.002000,0.000000,-2.665588,4.213570,-2.985663,0.002000,0.000000,-2.665588,4.213570,-2.985663,0.002000,0.000000,nan,nan,nan,nan,nan,0.000000,0
1788899837.226438,51.096100,-2.665277,4.211594,-2.985663,-2.665588,4.213570,-2.985663,0.002000,0.000000,-2.665588,4.213570,-2.985663,0.002000,0.000000,-2.665588,4.213570,-2.985663,0.002000,0.000000,nan,nan,nan,nan,nan,0.000000,0
1788899837.276032,51.145694,-2.665277,4.211594,-2.985663,-2.665588,4.213570,-2.985663,0.002000,0.000000,-2.665588,4.213570,-2.985663,0.002000,0.000000,-2.665588,4.213570,-2.985663,0.002000,0.000000,nan,nan,nan,nan,nan,0.000000,0
1788899837.276032,51.145694,-2.665277,4.211594,-2.985663,-2.665588,4.213570,-2.985663,0.002000,0.000000,-2.665588,4.213570,-2.985663,0.002000,0.000000,-2.665588,4.213570,-2.985663,0.002000,0.000000,nan,nan,nan,nan,nan,0.000000,0
1788899837.326619,51.196281,-2.665277,4.211594,-2.985663,-2.665588,4.213570,-2.985663,0.002000,0.000000,-2.665588,4.213570,-2.985663,0.002000,0.000000,-2.665588,4.213570,-2.985663,0.002000,0.000000,nan,nan,nan,nan,nan,0.000000,0
1788899837.326619,51.196281,-2.665277,4.211594,-2.985663,-2.665588,4.213570,-2.985663,0.002000,0.000000,-2.665588,4.213570,-2.985663,0.002000,0.000000,-2.665588,4.213570,-2.985663,0.002000,0.000000,nan,nan,nan,nan,nan,0.000000,0
1788899837.376564,51.246225,-2.665277,4.211594,-2.985663,-2.665588,4.213570,-2.985663,0.002000,0.000000,-2.665588,4.213570,-2.985663,0.002000,0.000000,-2.665588,4.213570,-2.985663,0.002000,0.000000,nan,nan,nan,nan,nan,0.000000,0
1788899837.376564,51.246225,-2.665277,4.211594,-2.985663,-2.665588,4.213570,-2.985663,0.002000,0.000000,-2.665588,4.213570,-2.985663,0.002000,0.000000,-2.665588,4.213570,-2.985663,0.002000,0.000000,nan,nan,nan,nan,nan,0.000000,0
1788899837.426788,51.296450,-2.665277,4.211594,-2.985663,-2.665588,4.213570,-2.985663,0.002000,0.000000,-2.665588,4.213570,-2.985663,0.002000,0.000000,-2.665588,4.213570,-2.985663,0.002000,0.000000,nan,nan,nan,nan,nan,0.000000,0
1788899837.426788,51.296450,-2.665277,4.211594,-2.985663,-2.665588,4.213570,-2.985663,0.002000,0.000000,-2.665588,4.213570,-2.985663,0.002000,0.000000,-2.665588,4.213570,-2.985663,0.002000,0.000000,nan,nan,nan,nan,nan,0.000000,0
1788899837.476501,51.346163,-2.665277,4.211594,-2.985663,-2.665588,4.213570,-2.985663,0.002000,0.000000,-2.665588,4.213570,-2.985663,0.002000,0.000000,-2.665588,4.213570,-2.985663,0.002000,0.000000,nan,nan,nan,nan,nan,0.000000,0
1788899837.476501,51.346163,-2.665277,4.211594,-2.985663,-2.665588,4.213570,-2.985663,0.002000,0.000000,-2.665588,4.213570,-2.985663,0.002000,0.000000,-2.665588,4.213570,-2.985663,0.002000,0.000000,nan,nan,nan,nan,nan,0.000000,0
1788899837.525980,51.395642,-2.665277,4.211594,-2.985663,-2.665588,4.213570,-2.985663,0.002000,0.000000,-2.665588,4.213570,-2.985663,0.002000,0.000000,-2.665588,4.213570,-2.985663,0.002000,0.000000,nan,nan,nan,nan,nan,0.000000,0
1788899837.525980,51.395642,-2.665277,4.211594,-2.985663,-2.665588,4.213570,-2.985663,0.002000,0.000000,-2.665588,4.213570,-2.985663,0.002000,0.000000,-2.665588,4.213570,-2.985663,0.002000,0.000000,nan,nan,nan,nan,nan,0.000000,0
1788899837.576488,51.446149,-2.665277,4.211594,-2.985663,-2.665588,4.213570,-2.985663,0.002000,0.000000,-2.665588,4.213570,-2.985663,0.002000,0.000000,-2.665588,4.213570,-2.985663,0.002000,0.000000,nan,nan,nan,nan,nan,0.000000,0
1788899837.576488,51.446149,-2.665277,4.211594,-2.985663,-2.665588,4.213570,-2.985663,0.002000,0.000000,-2.665588,4.213570,-2.985663,0.002000,0.000000,-2.665588,4.213570,-2.985663,0.002000,0.000000,nan,nan,nan,nan,nan,0.000000,0
1788899837.626358,51.496019,-2.665277,4.211594,-2.985663,-2.665588,4.213570,-2.985663,0.002000,0.000000,-2.665588,4.213570,-2.985663,0.002000,0.000000,-2.665588,4.213570,-2.985663,0.002000,0.000000,nan,nan,nan,nan,nan,0.000000,0
1788899837.626358,51.496019,-2.665277,4.211594,-2.985663,-2.665588,4.213570,-2.985663,0.002000,0.000000,-2.665588,4.213570,-2.985663,0.002000,0.000000,-2.665588,4.213570,-2.985663,0.002000,0.000000,nan,nan,nan,nan,nan,0.000000,0
1788899837.681149,51.550811,-2.665277,4.211594,-2.985663,-2.665588,4.213570,-2.985663,0.002000,0.000000,-2.665588,4.213570,-2.985663,0.002000,0.000000,-2.665588,4.213570,-2.985663,0.002000,0.000000,nan,nan,nan,nan,nan,0.000000,0
1788899837.681149,51.550811,-2.665277,4.211594,-2.985663,-2.665588,4.213570,-2.985663,0.002000,0.000000,-2.665588,4.213570,-2.985663,0.002000,0.000000,-2.665588,4.213570,-2.985663,0.002000,0.000000,nan,nan,nan,nan,nan,0.000000,0
1788899837.731252,51.600914,-2.665277,4.211594,-2.985663,-2.665588,4.213570,-2.985663,0.002000,0.000000,-2.665588,4.213570,-2.985663,0.002000,0.000000,-2.665588,4.213570,-2.985663,0.002000,0.000000,nan,nan,nan,nan,nan,0.000000,0
1788899837.731252,51.600914,-2.665277,4.211594,-2.985663,-2.665588,4.213570,-2.985663,0.002000,0.000000,-2.665588,4.213570,-2.985663,0.002000,0.000000,-2.665588,4.213570,-2.985663,0.002000,0.000000,nan,nan,nan,nan,nan,0.000000,0
1788899837.780831,51.650493,-2.665277,4.211594,-2.985663,-2.665588,4.213570,-2.985663,0.002000,0.000000,-2.665588,4.213570,-2.985663,0.002000,0.000000,-2.665588,4.213570,-2.985663,0.002000,0.000000,nan,nan,nan,nan,nan,0.000000,0
1788899837.780831,51.650493,-2.665277,4.211594,-2.985663,-2.665588,4.213570,-2.985663,0.002000,0.000000,-2.665588,4.213570,-2.985663,0.002000,0.000000,-2.665588,4.213570,-2.985663,0.002000,0.000000,nan,nan,nan,nan,nan,0.000000,0
1788899837.829675,51.699337,-2.665277,4.211594,-2.985663,-2.665588,4.213570,-2.985663,0.002000,0.000000,-2.665588,4.213570,-2.985663,0.002000,0.000000,-2.665588,4.213570,-2.985663,0.002000,0.000000,nan,nan,nan,nan,nan,0.000000,0
1788899837.829675,51.699337,-2.665277,4.211594,-2.985663,-2.665588,4.213570,-2.985663,0.002000,0.000000,-2.665588,4.213570,-2.985663,0.002000,0.000000,-2.665588,4.213570,-2.985663,0.002000,0.000000,nan,nan,nan,nan,nan,0.000000,0
1788899837.879591,51.749253,-2.665277,4.211594,-2.985663,-2.665588,4.213570,-2.985663,0.002000,0.000000,-2.665588,4.213570,-2.985663,0.002000,0.000000,-2.665588,4.213570,-2.985663,0.002000,0.000000,nan,nan,nan,nan,nan,0.000000,0
1788899837.879591,51.749253,-2.665277,4.211594,-2.985663,-2.665588,4.213570,-2.985663,0.002000,0.000000,-2.665588,4.213570,-2.985663,0.002000,0.000000,-2.665588,4.213570,-2.985663,0.002000,0.000000,nan,nan,nan,nan,nan,0.000000,0
1788899837.928362,51.798024,-2.665277,4.211594,-2.985663,-2.665588,4.213570,-2.985663,0.002000,0.000000,-2.665588,4.213570,-2.985663,0.002000,0.000000,-2.665588,4.213570,-2.985663,0.002000,0.000000,nan,nan,nan,nan,nan,0.000000,0
1788899837.928362,51.798024,-2.665277,4.211594,-2.985663,-2.665588,4.213570,-2.985663,0.002000,0.000000,-2.665588,4.213570,-2.985663,0.002000,0.000000,-2.665588,4.213570,-2.985663,0.002000,0.000000,nan,nan,nan,nan,nan,0.000000,0
1788899837.977643,51.847305,-2.665277,4.211594,-2.985663,-2.665588,4.213570,-2.985663,0.002000,0.000000,-2.665588,4.213570,-2.985663,0.002000,0.000000,-2.665588,4.213570,-2.985663,0.002000,0.000000,nan,nan,nan,nan,nan,0.000000,0
1788899837.977643,51.847305,-2.665277,4.211594,-2.985663,-2.665588,4.213570,-2.985663,0.002000,0.000000,-2.665588,4.213570,-2.985663,0.002000,0.000000,-2.665588,4.213570,-2.985663,0.002000,0.000000,nan,nan,nan,nan,nan,0.000000,0
1788899838.026567,51.896229,-2.665277,4.211594,-2.985663,-2.665588,4.213570,-2.985663,0.002000,0.000000,-2.665588,4.213570,-2.985663,0.002000,0.000000,-2.665588,4.213570,-2.985663,0.002000,0.000000,nan,nan,nan,nan,nan,0.000000,0
1788899838.026567,51.896229,-2.665277,4.211594,-2.985663,-2.665588,4.213570,-2.985663,0.002000,0.000000,-2.665588,4.213570,-2.985663,0.002000,0.000000,-2.665588,4.213570,-2.985663,0.002000,0.000000,nan,nan,nan,nan,nan,0.000000,0
1788899838.076145,51.945807,-2.665277,4.211594,-2.985663,-2.665588,4.213570,-2.985663,0.002000,0.000000,-2.665588,4.213570,-2.985663,0.002000,0.000000,-2.665588,4.213570,-2.985663,0.002000,0.000000,nan,nan,nan,nan,nan,0.000000,0
1788899838.076145,51.945807,-2.665277,4.211594,-2.985663,-2.665588,4.213570,-2.985663,0.002000,0.000000,-2.665588,4.213570,-2.985663,0.002000,0.000000,-2.665588,4.213570,-2.985663,0.002000,0.000000,nan,nan,nan,nan,nan,0.000000,0
1788899838.126843,51.996505,-2.665277,4.211594,-2.985663,-2.665588,4.213570,-2.985663,0.002000,0.000000,-2.665588,4.213570,-2.985663,0.002000,0.000000,-2.665588,4.213570,-2.985663,0.002000,0.000000,nan,nan,nan,nan,nan,0.000000,0
1788899838.126843,51.996505,-2.665277,4.211594,-2.985663,-2.665588,4.213570,-2.985663,0.002000,0.000000,-2.665588,4.213570,-2.985663,0.002000,0.000000,-2.665588,4.213570,-2.985663,0.002000,0.000000,nan,nan,nan,nan,nan,0.000000,0
1788899838.176481,52.046142,-2.665277,4.211594,-2.985663,-2.665588,4.213570,-2.985663,0.002000,0.000000,-2.665588,4.213570,-2.985663,0.002000,0.000000,-2.665588,4.213570,-2.985663,0.002000,0.000000,nan,nan,nan,nan,nan,0.000000,0
1788899838.176481,52.046142,-2.665277,4.211594,-2.985663,-2.665588,4.213570,-2.985663,0.002000,0.000000,-2.665588,4.213570,-2.985663,0.002000,0.000000,-2.665588,4.213570,-2.985663,0.002000,0.000000,nan,nan,nan,nan,nan,0.000000,0
1788899838.226901,52.096562,-2.665277,4.211594,-2.985663,-2.665588,4.213570,-2.985663,0.002000,0.000000,-2.665588,4.213570,-2.985663,0.002000,0.000000,-2.665588,4.213570,-2.985663,0.002000,0.000000,nan,nan,nan,nan,nan,0.000000,0
1788899838.226901,52.096562,-2.665277,4.211594,-2.985663,-2.665588,4.213570,-2.985663,0.002000,0.000000,-2.665588,4.213570,-2.985663,0.002000,0.000000,-2.665588,4.213570,-2.985663,0.002000,0.000000,nan,nan,nan,nan,nan,0.000000,0
1788899838.277687,52.147349,-2.665277,4.211594,-2.985663,-2.665588,4.213570,-2.985663,0.002000,0.000000,-2.665588,4.213570,-2.985663,0.002000,0.000000,-2.665588,4.213570,-2.985663,0.002000,0.000000,nan,nan,nan,nan,nan,0.000000,0
1788899838.277687,52.147349,-2.665277,4.211594,-2.985663,-2.665588,4.213570,-2.985663,0.002000,0.000000,-2.665588,4.213570,-2.985663,0.002000,0.000000,-2.665588,4.213570,-2.985663,0.002000,0.000000,nan,nan,nan,nan,nan,0.000000,0
1788899838.327757,52.197419,-2.665262,4.211495,-2.985663,-2.665588,4.213570,-2.985663,0.002100,0.000000,-2.665588,4.213570,-2.985663,0.002100,0.000000,-2.665588,4.213570,-2.985663,0.002100,0.000000,nan,nan,nan,nan,nan,0.001997,0
1788899838.327757,52.197419,-2.665262,4.211495,-2.985663,-2.665588,4.213570,-2.985663,0.002100,0.000000,-2.665588,4.213570,-2.985663,0.002100,0.000000,-2.665588,4.213570,-2.985663,0.002100,0.000000,nan,nan,nan,nan,nan,0.001997,0
1788899838.378994,52.248656,-2.665262,4.211495,-2.985663,-2.665588,4.213570,-2.985663,0.002100,0.000000,-2.665588,4.213570,-2.985663,0.002100,0.000000,-2.665588,4.213570,-2.985663,0.002100,0.000000,nan,nan,nan,nan,nan,0.000000,0
1788899838.378994,52.248656,-2.665262,4.211495,-2.985663,-2.665588,4.213570,-2.985663,0.002100,0.000000,-2.665588,4.213570,-2.985663,0.002100,0.000000,-2.665588,4.213570,-2.985663,0.002100,0.000000,nan,nan,nan,nan,nan,0.000000,0
1788899838.427982,52.297644,-2.665262,4.211495,-2.985663,-2.665588,4.213570,-2.985663,0.002100,0.000000,-2.665588,4.213570,-2.985663,0.002100,0.000000,-2.665588,4.213570,-2.985663,0.002100,0.000000,nan,nan,nan,nan,nan,0.000000,0
1788899838.427982,52.297644,-2.665262,4.211495,-2.985663,-2.665588,4.213570,-2.985663,0.002100,0.000000,-2.665588,4.213570,-2.985663,0.002100,0.000000,-2.665588,4.213570,-2.985663,0.002100,0.000000,nan,nan,nan,nan,nan,0.000000,0
1788899838.476728,52.346390,-2.665262,4.211495,-2.985663,-2.665588,4.213570,-2.985663,0.002100,0.000000,-2.665588,4.213570,-2.985663,0.002100,0.000000,-2.665588,4.213570,-2.985663,0.002100,0.000000,nan,nan,nan,nan,nan,0.000000,0
1788899838.476728,52.346390,-2.665262,4.211495,-2.985663,-2.665588,4.213570,-2.985663,0.002100,0.000000,-2.665588,4.213570,-2.985663,0.002100,0.000000,-2.665588,4.213570,-2.985663,0.002100,0.000000,nan,nan,nan,nan,nan,0.000000,0
1788899838.525910,52.395572,-2.665262,4.211495,-2.985663,-2.665588,4.213570,-2.985663,0.002100,0.000000,-2.665588,4.213570,-2.985663,0.002100,0.000000,-2.665588,4.213570,-2.985663,0.002100,0.000000,nan,nan,nan,nan,nan,0.000000,0
1788899838.525910,52.395572,-2.665262,4.211495,-2.985663,-2.665588,4.213570,-2.985663,0.002100,0.000000,-2.665588,4.213570,-2.985663,0.002100,0.000000,-2.665588,4.213570,-2.985663,0.002100,0.000000,nan,nan,nan,nan,nan,0.000000,0
1788899838.576452,52.446113,-2.665262,4.211495,-2.985663,-2.665588,4.213570,-2.985663,0.002100,0.000000,-2.665588,4.213570,-2.985663,0.002100,0.000000,-2.665588,4.213570,-2.985663,0.002100,0.000000,nan,nan,nan,nan,nan,0.000000,0
1788899838.576452,52.446113,-2.665262,4.211495,-2.985663,-2.665588,4.213570,-2.985663,0.002100,0.000000,-2.665588,4.213570,-2.985663,0.002100,0.000000,-2.665588,4.213570,-2.985663,0.002100,0.000000,nan,nan,nan,nan,nan,0.000000,0
1788899838.626458,52.496120,-2.665262,4.211495,-2.985663,-2.665588,4.213570,-2.985663,0.002100,0.000000,-2.665588,4.213570,-2.985663,0.002100,0.000000,-2.665588,4.213570,-2.985663,0.002100,0.000000,nan,nan,nan,nan,nan,0.000000,0
1788899838.626458,52.496120,-2.665262,4.211495,-2.985663,-2.665588,4.213570,-2.985663,0.002100,0.000000,-2.665588,4.213570,-2.985663,0.002100,0.000000,-2.665588,4.213570,-2.985663,0.002100,0.000000,nan,nan,nan,nan,nan,0.000000,0
1788899838.676784,52.546446,-2.665262,4.211495,-2.985663,-2.665588,4.213570,-2.985663,0.002100,0.000000,-2.665588,4.213570,-2.985663,0.002100,0.000000,-2.665588,4.213570,-2.985663,0.002100,0.000000,nan,nan,nan,nan,nan,0.000000,0
1788899838.676784,52.546446,-2.665262,4.211495,-2.985663,-2.665588,4.213570,-2.985663,0.002100,0.000000,-2.665588,4.213570,-2.985663,0.002100,0.000000,-2.665588,4.213570,-2.985663,0.002100,0.000000,nan,nan,nan,nan,nan,0.000000,0
1788899838.726454,52.596116,-2.665262,4.211495,-2.985663,-2.665588,4.213570,-2.985663,0.002100,0.000000,-2.665588,4.213570,-2.985663,0.002100,0.000000,-2.665588,4.213570,-2.985663,0.002100,0.000000,nan,nan,nan,nan,nan,0.000000,0
1788899838.726454,52.596116,-2.665262,4.211495,-2.985663,-2.665588,4.213570,-2.985663,0.002100,0.000000,-2.665588,4.213570,-2.985663,0.002100,0.000000,-2.665588,4.213570,-2.985663,0.002100,0.000000,nan,nan,nan,nan,nan,0.000000,0
1788899838.776270,52.645931,-2.665262,4.211495,-2.985663,-2.665588,4.213570,-2.985663,0.002100,0.000000,-2.665588,4.213570,-2.985663,0.002100,0.000000,-2.665588,4.213570,-2.985663,0.002100,0.000000,nan,nan,nan,nan,nan,0.000000,0
1788899838.776270,52.645931,-2.665262,4.211495,-2.985663,-2.665588,4.213570,-2.985663,0.002100,0.000000,-2.665588,4.213570,-2.985663,0.002100,0.000000,-2.665588,4.213570,-2.985663,0.002100,0.000000,nan,nan,nan,nan,nan,0.000000,0
1788899838.825974,52.695636,-2.665262,4.211495,-2.985663,-2.665588,4.213570,-2.985663,0.002100,0.000000,-2.665588,4.213570,-2.985663,0.002100,0.000000,-2.665588,4.213570,-2.985663,0.002100,0.000000,nan,nan,nan,nan,nan,0.000000,0
1788899838.825974,52.695636,-2.665262,4.211495,-2.985663,-2.665588,4.213570,-2.985663,0.002100,0.000000,-2.665588,4.213570,-2.985663,0.002100,0.000000,-2.665588,4.213570,-2.985663,0.002100,0.000000,nan,nan,nan,nan,nan,0.000000,0
1788899838.876795,52.746457,-2.665262,4.211495,-2.985663,-2.665588,4.213570,-2.985663,0.002100,0.000000,-2.665588,4.213570,-2.985663,0.002100,0.000000,-2.665588,4.213570,-2.985663,0.002100,0.000000,nan,nan,nan,nan,nan,0.000000,0
1788899838.876795,52.746457,-2.665262,4.211495,-2.985663,-2.665588,4.213570,-2.985663,0.002100,0.000000,-2.665588,4.213570,-2.985663,0.002100,0.000000,-2.665588,4.213570,-2.985663,0.002100,0.000000,nan,nan,nan,nan,nan,0.000000,0
1788899838.926698,52.796360,-2.665262,4.211495,-2.985663,-2.665588,4.213570,-2.985663,0.002100,0.000000,-2.665588,4.213570,-2.985663,0.002100,0.000000,-2.665588,4.213570,-2.985663,0.002100,0.000000,nan,nan,nan,nan,nan,0.000000,0
1788899838.926698,52.796360,-2.665262,4.211495,-2.985663,-2.665588,4.213570,-2.985663,0.002100,0.000000,-2.665588,4.213570,-2.985663,0.002100,0.000000,-2.665588,4.213570,-2.985663,0.002100,0.000000,nan,nan,nan,nan,nan,0.000000,0
1788899838.976847,52.846509,-2.665262,4.211495,-2.985663,-2.665588,4.213570,-2.985663,0.002100,0.000000,-2.665588,4.213570,-2.985663,0.002100,0.000000,-2.665588,4.213570,-2.985663,0.002100,0.000000,nan,nan,nan,nan,nan,0.000000,0
1788899838.976847,52.846509,-2.665262,4.211495,-2.985663,-2.665588,4.213570,-2.985663,0.002100,0.000000,-2.665588,4.213570,-2.985663,0.002100,0.000000,-2.665588,4.213570,-2.985663,0.002100,0.000000,nan,nan,nan,nan,nan,0.000000,0
1788899839.026860,52.896522,-2.665262,4.211495,-2.985663,-2.665588,4.213570,-2.985663,0.002100,0.000000,-2.665588,4.213570,-2.985663,0.002100,0.000000,-2.665588,4.213570,-2.985663,0.002100,0.000000,nan,nan,nan,nan,nan,0.000000,0
1788899839.026860,52.896522,-2.665262,4.211495,-2.985663,-2.665588,4.213570,-2.985663,0.002100,0.000000,-2.665588,4.213570,-2.985663,0.002100,0.000000,-2.665588,4.213570,-2.985663,0.002100,0.000000,nan,nan,nan,nan,nan,0.000000,0
1788899839.076241,52.945903,-2.665262,4.211495,-2.985663,-2.665588,4.213570,-2.985663,0.002100,0.000000,-2.665588,4.213570,-2.985663,0.002100,0.000000,-2.665588,4.213570,-2.985663,0.002100,0.000000,nan,nan,nan,nan,nan,0.000000,0
1788899839.076241,52.945903,-2.665262,4.211495,-2.985663,-2.665588,4.213570,-2.985663,0.002100,0.000000,-2.665588,4.213570,-2.985663,0.002100,0.000000,-2.665588,4.213570,-2.985663,0.002100,0.000000,nan,nan,nan,nan,nan,0.000000,0
1788899839.126155,52.995816,-2.665262,4.211495,-2.985663,-2.665588,4.213570,-2.985663,0.002100,0.000000,-2.665588,4.213570,-2.985663,0.002100,0.000000,-2.665588,4.213570,-2.985663,0.002100,0.000000,nan,nan,nan,nan,nan,0.000000,0
1788899839.126155,52.995816,-2.665262,4.211495,-2.985663,-2.665588,4.213570,-2.985663,0.002100,0.000000,-2.665588,4.213570,-2.985663,0.002100,0.000000,-2.665588,4.213570,-2.985663,0.002100,0.000000,nan,nan,nan,nan,nan,0.000000,0
1788899839.176043,53.045704,-2.665262,4.211495,-2.985663,-2.665588,4.213570,-2.985663,0.002100,0.000000,-2.665588,4.213570,-2.985663,0.002100,0.000000,-2.665588,4.213570,-2.985663,0.002100,0.000000,nan,nan,nan,nan,nan,0.000000,0
1788899839.176043,53.045704,-2.665262,4.211495,-2.985663,-2.665588,4.213570,-2.985663,0.002100,0.000000,-2.665588,4.213570,-2.985663,0.002100,0.000000,-2.665588,4.213570,-2.985663,0.002100,0.000000,nan,nan,nan,nan,nan,0.000000,0
1788899839.225944,53.095606,-2.665262,4.211495,-2.985663,-2.665588,4.213570,-2.985663,0.002100,0.000000,-2.665588,4.213570,-2.985663,0.002100,0.000000,-2.665588,4.213570,-2.985663,0.002100,0.000000,nan,nan,nan,nan,nan,0.000000,0
1788899839.225944,53.095606,-2.665262,4.211495,-2.985663,-2.665588,4.213570,-2.985663,0.002100,0.000000,-2.665588,4.213570,-2.985663,0.002100,0.000000,-2.665588,4.213570,-2.985663,0.002100,0.000000,nan,nan,nan,nan,nan,0.000000,0
1788899839.276568,53.146230,-2.665262,4.211495,-2.985663,-2.665588,4.213570,-2.985663,0.002100,0.000000,-2.665588,4.213570,-2.985663,0.002100,0.000000,-2.665588,4.213570,-2.985663,0.002100,0.000000,nan,nan,nan,nan,nan,0.000000,0
1788899839.276568,53.146230,-2.665262,4.211495,-2.985663,-2.665588,4.213570,-2.985663,0.002100,0.000000,-2.665588,4.213570,-2.985663,0.002100,0.000000,-2.665588,4.213570,-2.985663,0.002100,0.000000,nan,nan,nan,nan,nan,0.000000,0
1788899839.326807,53.196469,-2.665262,4.211495,-2.985663,-2.665588,4.213570,-2.985663,0.002100,0.000000,-2.665588,4.213570,-2.985663,0.002100,0.000000,-2.665588,4.213570,-2.985663,0.002100,0.000000,nan,nan,nan,nan,nan,0.000000,0
1788899839.326807,53.196469,-2.665262,4.211495,-2.985663,-2.665588,4.213570,-2.985663,0.002100,0.000000,-2.665588,4.213570,-2.985663,0.002100,0.000000,-2.665588,4.213570,-2.985663,0.002100,0.000000,nan,nan,nan,nan,nan,0.000000,0
1788899839.376846,53.246507,-2.665262,4.211495,-2.985663,-2.665588,4.213570,-2.985663,0.002100,0.000000,-2.665588,4.213570,-2.985663,0.002100,0.000000,-2.665588,4.213570,-2.985663,0.002100,0.000000,nan,nan,nan,nan,nan,0.000000,0
1788899839.376846,53.246507,-2.665262,4.211495,-2.985663,-2.665588,4.213570,-2.985663,0.002100,0.000000,-2.665588,4.213570,-2.985663,0.002100,0.000000,-2.665588,4.213570,-2.985663,0.002100,0.000000,nan,nan,nan,nan,nan,0.000000,0
1788899839.426576,53.296238,-2.665262,4.211495,-2.985663,-2.665588,4.213570,-2.985663,0.002100,0.000000,-2.665588,4.213570,-2.985663,0.002100,0.000000,-2.665588,4.213570,-2.985663,0.002100,0.000000,nan,nan,nan,nan,nan,0.000000,0
1788899839.426576,53.296238,-2.665262,4.211495,-2.985663,-2.665588,4.213570,-2.985663,0.002100,0.000000,-2.665588,4.213570,-2.985663,0.002100,0.000000,-2.665588,4.213570,-2.985663,0.002100,0.000000,nan,nan,nan,nan,nan,0.000000,0
1788899839.475949,53.345611,-2.665262,4.211495,-2.985663,-2.665588,4.213570,-2.985663,0.002100,0.000000,-2.665588,4.213570,-2.985663,0.002100,0.000000,-2.665588,4.213570,-2.985663,0.002100,0.000000,nan,nan,nan,nan,nan,0.000000,0
1788899839.475949,53.345611,-2.665262,4.211495,-2.985663,-2.665588,4.213570,-2.985663,0.002100,0.000000,-2.665588,4.213570,-2.985663,0.002100,0.000000,-2.665588,4.213570,-2.985663,0.002100,0.000000,nan,nan,nan,nan,nan,0.000000,0
1788899839.526102,53.395764,-2.665262,4.211495,-2.985663,-2.665588,4.213570,-2.985663,0.002100,0.000000,-2.665588,4.213570,-2.985663,0.002100,0.000000,-2.665588,4.213570,-2.985663,0.002100,0.000000,nan,nan,nan,nan,nan,0.000000,0
1788899839.526102,53.395764,-2.665262,4.211495,-2.985663,-2.665588,4.213570,-2.985663,0.002100,0.000000,-2.665588,4.213570,-2.985663,0.002100,0.000000,-2.665588,4.213570,-2.985663,0.002100,0.000000,nan,nan,nan,nan,nan,0.000000,0
1788899839.576601,53.446263,-2.665262,4.211495,-2.985663,-2.665588,4.213570,-2.985663,0.002100,0.000000,-2.665588,4.213570,-2.985663,0.002100,0.000000,-2.665588,4.213570,-2.985663,0.002100,0.000000,nan,nan,nan,nan,nan,0.000000,0
1788899839.576601,53.446263,-2.665262,4.211495,-2.985663,-2.665588,4.213570,-2.985663,0.002100,0.000000,-2.665588,4.213570,-2.985663,0.002100,0.000000,-2.665588,4.213570,-2.985663,0.002100,0.000000,nan,nan,nan,nan,nan,0.000000,0
1788899839.626444,53.496106,-2.665262,4.211495,-2.985663,-2.665588,4.213570,-2.985663,0.002100,0.000000,-2.665588,4.213570,-2.985663,0.002100,0.000000,-2.665588,4.213570,-2.985663,0.002100,0.000000,nan,nan,nan,nan,nan,0.000000,0
1788899839.626444,53.496106,-2.665262,4.211495,-2.985663,-2.665588,4.213570,-2.985663,0.002100,0.000000,-2.665588,4.213570,-2.985663,0.002100,0.000000,-2.665588,4.213570,-2.985663,0.002100,0.000000,nan,nan,nan,nan,nan,0.000000,0
1788899839.676565,53.546227,-2.665262,4.211495,-2.985663,-2.665588,4.213570,-2.985663,0.002100,0.000000,-2.665588,4.213570,-2.985663,0.002100,0.000000,-2.665588,4.213570,-2.985663,0.002100,0.000000,nan,nan,nan,nan,nan,0.000000,0
1788899839.676565,53.546227,-2.665262,4.211495,-2.985663,-2.665588,4.213570,-2.985663,0.002100,0.000000,-2.665588,4.213570,-2.985663,0.002100,0.000000,-2.665588,4.213570,-2.985663,0.002100,0.000000,nan,nan,nan,nan,nan,0.000000,0
1788899839.726457,53.596119,-2.665262,4.211495,-2.985663,-2.665588,4.213570,-2.985663,0.002100,0.000000,-2.665588,4.213570,-2.985663,0.002100,0.000000,-2.665588,4.213570,-2.985663,0.002100,0.000000,nan,nan,nan,nan,nan,0.000000,0
1788899839.726457,53.596119,-2.665262,4.211495,-2.985663,-2.665588,4.213570,-2.985663,0.002100,0.000000,-2.665588,4.213570,-2.985663,0.002100,0.000000,-2.665588,4.213570,-2.985663,0.002100,0.000000,nan,nan,nan,nan,nan,0.000000,0
1788899839.776868,53.646530,-2.665262,4.211495,-2.985663,-2.665588,4.213570,-2.985663,0.002100,0.000000,-2.665588,4.213570,-2.985663,0.002100,0.000000,-2.665588,4.213570,-2.985663,0.002100,0.000000,nan,nan,nan,nan,nan,0.000000,0
1788899839.776868,53.646530,-2.665262,4.211495,-2.985663,-2.665588,4.213570,-2.985663,0.002100,0.000000,-2.665588,4.213570,-2.985663,0.002100,0.000000,-2.665588,4.213570,-2.985663,0.002100,0.000000,nan,nan,nan,nan,nan,0.000000,0
1788899839.826900,53.696561,-2.665262,4.211495,-2.985663,-2.665588,4.213570,-2.985663,0.002100,0.000000,-2.665588,4.213570,-2.985663,0.002100,0.000000,-2.665588,4.213570,-2.985663,0.002100,0.000000,nan,nan,nan,nan,nan,0.000000,0
1788899839.826900,53.696561,-2.665262,4.211495,-2.985663,-2.665588,4.213570,-2.985663,0.002100,0.000000,-2.665588,4.213570,-2.985663,0.002100,0.000000,-2.665588,4.213570,-2.985663,0.002100,0.000000,nan,nan,nan,nan,nan,0.000000,0
1788899839.877763,53.747425,-2.665262,4.211495,-2.985663,-2.665588,4.213570,-2.985663,0.002100,0.000000,-2.665588,4.213570,-2.985663,0.002100,0.000000,-2.665588,4.213570,-2.985663,0.002100,0.000000,nan,nan,nan,nan,nan,0.000000,0
1788899839.877763,53.747425,-2.665262,4.211495,-2.985663,-2.665588,4.213570,-2.985663,0.002100,0.000000,-2.665588,4.213570,-2.985663,0.002100,0.000000,-2.665588,4.213570,-2.985663,0.002100,0.000000,nan,nan,nan,nan,nan,0.000000,0
1788899839.926651,53.796313,-2.665262,4.211495,-2.985663,-2.665588,4.213570,-2.985663,0.002100,0.000000,-2.665588,4.213570,-2.985663,0.002100,0.000000,-2.665588,4.213570,-2.985663,0.002100,0.000000,nan,nan,nan,nan,nan,0.000000,0
1788899839.926651,53.796313,-2.665262,4.211495,-2.985663,-2.665588,4.213570,-2.985663,0.002100,0.000000,-2.665588,4.213570,-2.985663,0.002100,0.000000,-2.665588,4.213570,-2.985663,0.002100,0.000000,nan,nan,nan,nan,nan,0.000000,0
1788899839.976442,53.846104,-2.665262,4.211495,-2.985663,-2.665588,4.213570,-2.985663,0.002100,0.000000,-2.665588,4.213570,-2.985663,0.002100,0.000000,-2.665588,4.213570,-2.985663,0.002100,0.000000,nan,nan,nan,nan,nan,0.000000,0
1788899839.976442,53.846104,-2.665262,4.211495,-2.985663,-2.665588,4.213570,-2.985663,0.002100,0.000000,-2.665588,4.213570,-2.985663,0.002100,0.000000,-2.665588,4.213570,-2.985663,0.002100,0.000000,nan,nan,nan,nan,nan,0.000000,0
1788899840.026021,53.895682,-2.665262,4.211495,-2.985663,-2.665588,4.213570,-2.985663,0.002100,0.000000,-2.665588,4.213570,-2.985663,0.002100,0.000000,-2.665588,4.213570,-2.985663,0.002100,0.000000,nan,nan,nan,nan,nan,0.000000,0
1788899840.026021,53.895682,-2.665262,4.211495,-2.985663,-2.665588,4.213570,-2.985663,0.002100,0.000000,-2.665588,4.213570,-2.985663,0.002100,0.000000,-2.665588,4.213570,-2.985663,0.002100,0.000000,nan,nan,nan,nan,nan,0.000000,0
1788899840.076987,53.946649,-2.665262,4.211495,-2.985663,-2.665588,4.213570,-2.985663,0.002100,0.000000,-2.665588,4.213570,-2.985663,0.002100,0.000000,-2.665588,4.213570,-2.985663,0.002100,0.000000,nan,nan,nan,nan,nan,0.000000,0
1788899840.076987,53.946649,-2.665262,4.211495,-2.985663,-2.665588,4.213570,-2.985663,0.002100,0.000000,-2.665588,4.213570,-2.985663,0.002100,0.000000,-2.665588,4.213570,-2.985663,0.002100,0.000000,nan,nan,nan,nan,nan,0.000000,0
1788899840.126523,53.996185,-2.665262,4.211495,-2.985663,-2.665588,4.213570,-2.985663,0.002100,0.000000,-2.665588,4.213570,-2.985663,0.002100,0.000000,-2.665588,4.213570,-2.985663,0.002100,0.000000,nan,nan,nan,nan,nan,0.000000,0
1788899840.126523,53.996185,-2.665262,4.211495,-2.985663,-2.665588,4.213570,-2.985663,0.002100,0.000000,-2.665588,4.213570,-2.985663,0.002100,0.000000,-2.665588,4.213570,-2.985663,0.002100,0.000000,nan,nan,nan,nan,nan,0.000000,0
1788899840.176452,54.046113,-2.665262,4.211495,-2.985663,-2.665588,4.213570,-2.985663,0.002100,0.000000,-2.665588,4.213570,-2.985663,0.002100,0.000000,-2.665588,4.213570,-2.985663,0.002100,0.000000,nan,nan,nan,nan,nan,0.000000,0
1788899840.176452,54.046113,-2.665262,4.211495,-2.985663,-2.665588,4.213570,-2.985663,0.002100,0.000000,-2.665588,4.213570,-2.985663,0.002100,0.000000,-2.665588,4.213570,-2.985663,0.002100,0.000000,nan,nan,nan,nan,nan,0.000000,0
1788899840.226473,54.096135,-2.665262,4.211495,-2.985663,-2.665588,4.213570,-2.985663,0.002100,0.000000,-2.665588,4.213570,-2.985663,0.002100,0.000000,-2.665588,4.213570,-2.985663,0.002100,0.000000,nan,nan,nan,nan,nan,0.000000,0
1788899840.226473,54.096135,-2.665262,4.211495,-2.985663,-2.665588,4.213570,-2.985663,0.002100,0.000000,-2.665588,4.213570,-2.985663,0.002100,0.000000,-2.665588,4.213570,-2.985663,0.002100,0.000000,nan,nan,nan,nan,nan,0.000000,0
1788899840.275964,54.145626,-2.665262,4.211495,-2.985663,-2.665588,4.213570,-2.985663,0.002100,0.000000,-2.665588,4.213570,-2.985663,0.002100,0.000000,-2.665588,4.213570,-2.985663,0.002100,0.000000,nan,nan,nan,nan,nan,0.000000,0
1788899840.275964,54.145626,-2.665262,4.211495,-2.985663,-2.665588,4.213570,-2.985663,0.002100,0.000000,-2.665588,4.213570,-2.985663,0.002100,0.000000,-2.665588,4.213570,-2.985663,0.002100,0.000000,nan,nan,nan,nan,nan,0.000000,0
1788899840.326794,54.196456,-2.665262,4.211495,-2.985663,-2.665588,4.213570,-2.985663,0.002100,0.000000,-2.665588,4.213570,-2.985663,0.002100,0.000000,-2.665588,4.213570,-2.985663,0.002100,0.000000,nan,nan,nan,nan,nan,0.000000,0
1788899840.326794,54.196456,-2.665262,4.211495,-2.985663,-2.665588,4.213570,-2.985663,0.002100,0.000000,-2.665588,4.213570,-2.985663,0.002100,0.000000,-2.665588,4.213570,-2.985663,0.002100,0.000000,nan,nan,nan,nan,nan,0.000000,0
1788899840.376765,54.246427,-2.665262,4.211495,-2.985663,-2.665588,4.213570,-2.985663,0.002100,0.000000,-2.665588,4.213570,-2.985663,0.002100,0.000000,-2.665588,4.213570,-2.985663,0.002100,0.000000,nan,nan,nan,nan,nan,0.000000,0
1788899840.376765,54.246427,-2.665262,4.211495,-2.985663,-2.665588,4.213570,-2.985663,0.002100,0.000000,-2.665588,4.213570,-2.985663,0.002100,0.000000,-2.665588,4.213570,-2.985663,0.002100,0.000000,nan,nan,nan,nan,nan,0.000000,0
1788899840.426546,54.296208,-2.665262,4.211495,-2.985663,-2.665588,4.213570,-2.985663,0.002100,0.000000,-2.665588,4.213570,-2.985663,0.002100,0.000000,-2.665588,4.213570,-2.985663,0.002100,0.000000,nan,nan,nan,nan,nan,0.000000,0
1788899840.426546,54.296208,-2.665262,4.211495,-2.985663,-2.665588,4.213570,-2.985663,0.002100,0.000000,-2.665588,4.213570,-2.985663,0.002100,0.000000,-2.665588,4.213570,-2.985663,0.002100,0.000000,nan,nan,nan,nan,nan,0.000000,0
1788899840.476248,54.345909,-2.665262,4.211495,-2.985663,-2.665588,4.213570,-2.985663,0.002100,0.000000,-2.665588,4.213570,-2.985663,0.002100,0.000000,-2.665588,4.213570,-2.985663,0.002100,0.000000,nan,nan,nan,nan,nan,0.000000,0
1788899840.476248,54.345909,-2.665262,4.211495,-2.985663,-2.665588,4.213570,-2.985663,0.002100,0.000000,-2.665588,4.213570,-2.985663,0.002100,0.000000,-2.665588,4.213570,-2.985663,0.002100,0.000000,nan,nan,nan,nan,nan,0.000000,0
1788899840.526740,54.396402,-2.665262,4.211495,-2.985663,-2.665588,4.213570,-2.985663,0.002100,0.000000,-2.665588,4.213570,-2.985663,0.002100,0.000000,-2.665588,4.213570,-2.985663,0.002100,0.000000,nan,nan,nan,nan,nan,0.000000,0
1788899840.526740,54.396402,-2.665262,4.211495,-2.985663,-2.665588,4.213570,-2.985663,0.002100,0.000000,-2.665588,4.213570,-2.985663,0.002100,0.000000,-2.665588,4.213570,-2.985663,0.002100,0.000000,nan,nan,nan,nan,nan,0.000000,0
1788899840.576392,54.446054,-2.665262,4.211495,-2.985663,-2.665588,4.213570,-2.985663,0.002100,0.000000,-2.665588,4.213570,-2.985663,0.002100,0.000000,-2.665588,4.213570,-2.985663,0.002100,0.000000,nan,nan,nan,nan,nan,0.000000,0
1788899840.576392,54.446054,-2.665262,4.211495,-2.985663,-2.665588,4.213570,-2.985663,0.002100,0.000000,-2.665588,4.213570,-2.985663,0.002100,0.000000,-2.665588,4.213570,-2.985663,0.002100,0.000000,nan,nan,nan,nan,nan,0.000000,0
1788899840.626562,54.496224,-2.665262,4.211495,-2.985663,-2.665588,4.213570,-2.985663,0.002100,0.000000,-2.665588,4.213570,-2.985663,0.002100,0.000000,-2.665588,4.213570,-2.985663,0.002100,0.000000,nan,nan,nan,nan,nan,0.000000,0
1788899840.626562,54.496224,-2.665262,4.211495,-2.985663,-2.665588,4.213570,-2.985663,0.002100,0.000000,-2.665588,4.213570,-2.985663,0.002100,0.000000,-2.665588,4.213570,-2.985663,0.002100,0.000000,nan,nan,nan,nan,nan,0.000000,0
1788899840.676543,54.546205,-2.665262,4.211495,-2.985663,-2.665588,4.213570,-2.985663,0.002100,0.000000,-2.665588,4.213570,-2.985663,0.002100,0.000000,-2.665588,4.213570,-2.985663,0.002100,0.000000,nan,nan,nan,nan,nan,0.000000,0
1788899840.676543,54.546205,-2.665262,4.211495,-2.985663,-2.665588,4.213570,-2.985663,0.002100,0.000000,-2.665588,4.213570,-2.985663,0.002100,0.000000,-2.665588,4.213570,-2.985663,0.002100,0.000000,nan,nan,nan,nan,nan,0.000000,0
1788899840.726907,54.596568,-2.665262,4.211495,-2.985663,-2.665588,4.213570,-2.985663,0.002100,0.000000,-2.665588,4.213570,-2.985663,0.002100,0.000000,-2.665588,4.213570,-2.985663,0.002100,0.000000,nan,nan,nan,nan,nan,0.000000,0
1788899840.726907,54.596568,-2.665262,4.211495,-2.985663,-2.665588,4.213570,-2.985663,0.002100,0.000000,-2.665588,4.213570,-2.985663,0.002100,0.000000,-2.665588,4.213570,-2.985663,0.002100,0.000000,nan,nan,nan,nan,nan,0.000000,0
1788899840.776724,54.646386,-2.665262,4.211495,-2.985663,-2.665588,4.213570,-2.985663,0.002100,0.000000,-2.665588,4.213570,-2.985663,0.002100,0.000000,-2.665588,4.213570,-2.985663,0.002100,0.000000,nan,nan,nan,nan,nan,0.000000,0
1788899840.776724,54.646386,-2.665262,4.211495,-2.985663,-2.665588,4.213570,-2.985663,0.002100,0.000000,-2.665588,4.213570,-2.985663,0.002100,0.000000,-2.665588,4.213570,-2.985663,0.002100,0.000000,nan,nan,nan,nan,nan,0.000000,0
1788899840.826962,54.696624,-2.665262,4.211495,-2.985663,-2.665588,4.213570,-2.985663,0.002100,0.000000,-2.665588,4.213570,-2.985663,0.002100,0.000000,-2.665588,4.213570,-2.985663,0.002100,0.000000,nan,nan,nan,nan,nan,0.000000,0
1788899840.826962,54.696624,-2.665262,4.211495,-2.985663,-2.665588,4.213570,-2.985663,0.002100,0.000000,-2.665588,4.213570,-2.985663,0.002100,0.000000,-2.665588,4.213570,-2.985663,0.002100,0.000000,nan,nan,nan,nan,nan,0.000000,0
1788899840.877023,54.746685,-2.665262,4.211495,-2.985663,-2.665588,4.213570,-2.985663,0.002100,0.000000,-2.665588,4.213570,-2.985663,0.002100,0.000000,-2.665588,4.213570,-2.985663,0.002100,0.000000,nan,nan,nan,nan,nan,0.000000,0
1788899840.877023,54.746685,-2.665262,4.211495,-2.985663,-2.665588,4.213570,-2.985663,0.002100,0.000000,-2.665588,4.213570,-2.985663,0.002100,0.000000,-2.665588,4.213570,-2.985663,0.002100,0.000000,nan,nan,nan,nan,nan,0.000000,0
1788899840.926769,54.796431,-2.665262,4.211495,-2.985663,-2.665588,4.213570,-2.985663,0.002100,0.000000,-2.665588,4.213570,-2.985663,0.002100,0.000000,-2.665588,4.213570,-2.985663,0.002100,0.000000,nan,nan,nan,nan,nan,0.000000,0
1788899840.926769,54.796431,-2.665262,4.211495,-2.985663,-2.665588,4.213570,-2.985663,0.002100,0.000000,-2.665588,4.213570,-2.985663,0.002100,0.000000,-2.665588,4.213570,-2.985663,0.002100,0.000000,nan,nan,nan,nan,nan,0.000000,0
1788899840.975922,54.845584,-2.665262,4.211495,-2.985663,-2.665588,4.213570,-2.985663,0.002100,0.000000,-2.665588,4.213570,-2.985663,0.002100,0.000000,-2.665588,4.213570,-2.985663,0.002100,0.000000,nan,nan,nan,nan,nan,0.000000,0
1788899840.975922,54.845584,-2.665262,4.211495,-2.985663,-2.665588,4.213570,-2.985663,0.002100,0.000000,-2.665588,4.213570,-2.985663,0.002100,0.000000,-2.665588,4.213570,-2.985663,0.002100,0.000000,nan,nan,nan,nan,nan,0.000000,0
1788899841.025991,54.895653,-2.665262,4.211495,-2.985663,-2.665588,4.213570,-2.985663,0.002100,0.000000,-2.665588,4.213570,-2.985663,0.002100,0.000000,-2.665588,4.213570,-2.985663,0.002100,0.000000,nan,nan,nan,nan,nan,0.000000,0
1788899841.025991,54.895653,-2.665262,4.211495,-2.985663,-2.665588,4.213570,-2.985663,0.002100,0.000000,-2.665588,4.213570,-2.985663,0.002100,0.000000,-2.665588,4.213570,-2.985663,0.002100,0.000000,nan,nan,nan,nan,nan,0.000000,0
1788899841.076663,54.946325,-2.665262,4.211495,-2.985663,-2.665588,4.213570,-2.985663,0.002100,0.000000,-2.665588,4.213570,-2.985663,0.002100,0.000000,-2.665588,4.213570,-2.985663,0.002100,0.000000,nan,nan,nan,nan,nan,0.000000,0
1788899841.076663,54.946325,-2.665262,4.211495,-2.985663,-2.665588,4.213570,-2.985663,0.002100,0.000000,-2.665588,4.213570,-2.985663,0.002100,0.000000,-2.665588,4.213570,-2.985663,0.002100,0.000000,nan,nan,nan,nan,nan,0.000000,0
1788899841.126447,54.996109,-2.665262,4.211495,-2.985663,-2.665588,4.213570,-2.985663,0.002100,0.000000,-2.665588,4.213570,-2.985663,0.002100,0.000000,-2.665588,4.213570,-2.985663,0.002100,0.000000,nan,nan,nan,nan,nan,0.000000,0
1788899841.126447,54.996109,-2.665262,4.211495,-2.985663,-2.665588,4.213570,-2.985663,0.002100,0.000000,-2.665588,4.213570,-2.985663,0.002100,0.000000,-2.665588,4.213570,-2.985663,0.002100,0.000000,nan,nan,nan,nan,nan,0.000000,0
1788899841.176762,55.046424,-2.665262,4.211495,-2.985663,-2.665588,4.213570,-2.985663,0.002100,0.000000,-2.665588,4.213570,-2.985663,0.002100,0.000000,-2.665588,4.213570,-2.985663,0.002100,0.000000,nan,nan,nan,nan,nan,0.000000,0
1788899841.176762,55.046424,-2.665262,4.211495,-2.985663,-2.665588,4.213570,-2.985663,0.002100,0.000000,-2.665588,4.213570,-2.985663,0.002100,0.000000,-2.665588,4.213570,-2.985663,0.002100,0.000000,nan,nan,nan,nan,nan,0.000000,0
1788899841.226809,55.096470,-2.665262,4.211495,-2.985663,-2.665588,4.213570,-2.985663,0.002100,0.000000,-2.665588,4.213570,-2.985663,0.002100,0.000000,-2.665588,4.213570,-2.985663,0.002100,0.000000,nan,nan,nan,nan,nan,0.000000,0
1788899841.226809,55.096470,-2.665262,4.211495,-2.985663,-2.665588,4.213570,-2.985663,0.002100,0.000000,-2.665588,4.213570,-2.985663,0.002100,0.000000,-2.665588,4.213570,-2.985663,0.002100,0.000000,nan,nan,nan,nan,nan,0.000000,0
1788899841.276738,55.146400,-2.665262,4.211495,-2.985663,-2.665588,4.213570,-2.985663,0.002100,0.000000,-2.665588,4.213570,-2.985663,0.002100,0.000000,-2.665588,4.213570,-2.985663,0.002100,0.000000,nan,nan,nan,nan,nan,0.000000,0
1788899841.276738,55.146400,-2.665262,4.211495,-2.985663,-2.665588,4.213570,-2.985663,0.002100,0.000000,-2.665588,4.213570,-2.985663,0.002100,0.000000,-2.665588,4.213570,-2.985663,0.002100,0.000000,nan,nan,nan,nan,nan,0.000000,0
1788899841.326102,55.195763,-2.665246,4.211396,-2.985663,-2.665588,4.213570,-2.985663,0.002200,0.000000,-2.665588,4.213570,-2.985663,0.002200,0.000000,-2.665588,4.213570,-2.985663,0.002200,0.000000,nan,nan,nan,nan,nan,0.002026,0
1788899841.326102,55.195763,-2.665246,4.211396,-2.985663,-2.665588,4.213570,-2.985663,0.002200,0.000000,-2.665588,4.213570,-2.985663,0.002200,0.000000,-2.665588,4.213570,-2.985663,0.002200,0.000000,nan,nan,nan,nan,nan,0.002026,0
1788899841.376888,55.246550,-2.665246,4.211396,-2.985663,-2.665588,4.213570,-2.985663,0.002200,0.000000,-2.665588,4.213570,-2.985663,0.002200,0.000000,-2.665588,4.213570,-2.985663,0.002200,0.000000,nan,nan,nan,nan,nan,0.000000,0
1788899841.376888,55.246550,-2.665246,4.211396,-2.985663,-2.665588,4.213570,-2.985663,0.002200,0.000000,-2.665588,4.213570,-2.985663,0.002200,0.000000,-2.665588,4.213570,-2.985663,0.002200,0.000000,nan,nan,nan,nan,nan,0.000000,0
1788899841.426899,55.296561,-2.665246,4.211396,-2.985663,-2.665588,4.213570,-2.985663,0.002200,0.000000,-2.665588,4.213570,-2.985663,0.002200,0.000000,-2.665588,4.213570,-2.985663,0.002200,0.000000,nan,nan,nan,nan,nan,0.000000,0
1788899841.426899,55.296561,-2.665246,4.211396,-2.985663,-2.665588,4.213570,-2.985663,0.002200,0.000000,-2.665588,4.213570,-2.985663,0.002200,0.000000,-2.665588,4.213570,-2.985663,0.002200,0.000000,nan,nan,nan,nan,nan,0.000000,0
1788899841.477293,55.346955,-2.665246,4.211396,-2.985663,-2.665588,4.213570,-2.985663,0.002200,0.000000,-2.665588,4.213570,-2.985663,0.002200,0.000000,-2.665588,4.213570,-2.985663,0.002200,0.000000,nan,nan,nan,nan,nan,0.000000,0
1788899841.477293,55.346955,-2.665246,4.211396,-2.985663,-2.665588,4.213570,-2.985663,0.002200,0.000000,-2.665588,4.213570,-2.985663,0.002200,0.000000,-2.665588,4.213570,-2.985663,0.002200,0.000000,nan,nan,nan,nan,nan,0.000000,0
1788899841.526669,55.396331,-2.665246,4.211396,-2.985663,-2.665588,4.213570,-2.985663,0.002200,0.000000,-2.665588,4.213570,-2.985663,0.002200,0.000000,-2.665588,4.213570,-2.985663,0.002200,0.000000,nan,nan,nan,nan,nan,0.000000,0
1788899841.526669,55.396331,-2.665246,4.211396,-2.985663,-2.665588,4.213570,-2.985663,0.002200,0.000000,-2.665588,4.213570,-2.985663,0.002200,0.000000,-2.665588,4.213570,-2.985663,0.002200,0.000000,nan,nan,nan,nan,nan,0.000000,0
1788899841.576568,55.446230,-2.665246,4.211396,-2.985663,-2.665588,4.213570,-2.985663,0.002200,0.000000,-2.665588,4.213570,-2.985663,0.002200,0.000000,-2.665588,4.213570,-2.985663,0.002200,0.000000,nan,nan,nan,nan,nan,0.000000,0
1788899841.576568,55.446230,-2.665246,4.211396,-2.985663,-2.665588,4.213570,-2.985663,0.002200,0.000000,-2.665588,4.213570,-2.985663,0.002200,0.000000,-2.665588,4.213570,-2.985663,0.002200,0.000000,nan,nan,nan,nan,nan,0.000000,0
1788899841.626040,55.495702,-2.665246,4.211396,-2.985663,-2.665588,4.213570,-2.985663,0.002200,0.000000,-2.665588,4.213570,-2.985663,0.002200,0.000000,-2.665588,4.213570,-2.985663,0.002200,0.000000,nan,nan,nan,nan,nan,0.000000,0
1788899841.626040,55.495702,-2.665246,4.211396,-2.985663,-2.665588,4.213570,-2.985663,0.002200,0.000000,-2.665588,4.213570,-2.985663,0.002200,0.000000,-2.665588,4.213570,-2.985663,0.002200,0.000000,nan,nan,nan,nan,nan,0.000000,0
1788899841.676554,55.546216,-2.665246,4.211396,-2.985663,-2.665588,4.213570,-2.985663,0.002200,0.000000,-2.665588,4.213570,-2.985663,0.002200,0.000000,-2.665588,4.213570,-2.985663,0.002200,0.000000,nan,nan,nan,nan,nan,0.000000,0
1788899841.676554,55.546216,-2.665246,4.211396,-2.985663,-2.665588,4.213570,-2.985663,0.002200,0.000000,-2.665588,4.213570,-2.985663,0.002200,0.000000,-2.665588,4.213570,-2.985663,0.002200,0.000000,nan,nan,nan,nan,nan,0.000000,0
1788899841.726200,55.595862,-2.665246,4.211396,-2.985663,-2.665588,4.213570,-2.985663,0.002200,0.000000,-2.665588,4.213570,-2.985663,0.002200,0.000000,-2.665588,4.213570,-2.985663,0.002200,0.000000,nan,nan,nan,nan,nan,0.000000,0
1788899841.726200,55.595862,-2.665246,4.211396,-2.985663,-2.665588,4.213570,-2.985663,0.002200,0.000000,-2.665588,4.213570,-2.985663,0.002200,0.000000,-2.665588,4.213570,-2.985663,0.002200,0.000000,nan,nan,nan,nan,nan,0.000000,0
1788899841.776669,55.646330,-2.665246,4.211396,-2.985663,-2.665588,4.213570,-2.985663,0.002200,0.000000,-2.665588,4.213570,-2.985663,0.002200,0.000000,-2.665588,4.213570,-2.985663,0.002200,0.000000,nan,nan,nan,nan,nan,0.000000,0
1788899841.776669,55.646330,-2.665246,4.211396,-2.985663,-2.665588,4.213570,-2.985663,0.002200,0.000000,-2.665588,4.213570,-2.985663,0.002200,0.000000,-2.665588,4.213570,-2.985663,0.002200,0.000000,nan,nan,nan,nan,nan,0.000000,0
1788899841.826474,55.696136,-2.665246,4.211396,-2.985663,-2.665588,4.213570,-2.985663,0.002200,0.000000,-2.665588,4.213570,-2.985663,0.002200,0.000000,-2.665588,4.213570,-2.985663,0.002200,0.000000,nan,nan,nan,nan,nan,0.000000,0
1788899841.826474,55.696136,-2.665246,4.211396,-2.985663,-2.665588,4.213570,-2.985663,0.002200,0.000000,-2.665588,4.213570,-2.985663,0.002200,0.000000,-2.665588,4.213570,-2.985663,0.002200,0.000000,nan,nan,nan,nan,nan,0.000000,0
1788899841.876904,55.746565,-2.665246,4.211396,-2.985663,-2.665588,4.213570,-2.985663,0.002200,0.000000,-2.665588,4.213570,-2.985663,0.002200,0.000000,-2.665588,4.213570,-2.985663,0.002200,0.000000,nan,nan,nan,nan,nan,0.000000,0
1788899841.876904,55.746565,-2.665246,4.211396,-2.985663,-2.665588,4.213570,-2.985663,0.002200,0.000000,-2.665588,4.213570,-2.985663,0.002200,0.000000,-2.665588,4.213570,-2.985663,0.002200,0.000000,nan,nan,nan,nan,nan,0.000000,0
1788899841.925982,55.795643,-2.665246,4.211396,-2.985663,-2.665588,4.213570,-2.985663,0.002200,0.000000,-2.665588,4.213570,-2.985663,0.002200,0.000000,-2.665588,4.213570,-2.985663,0.002200,0.000000,nan,nan,nan,nan,nan,0.000000,0
1788899841.925982,55.795643,-2.665246,4.211396,-2.985663,-2.665588,4.213570,-2.985663,0.002200,0.000000,-2.665588,4.213570,-2.985663,0.002200,0.000000,-2.665588,4.213570,-2.985663,0.002200,0.000000,nan,nan,nan,nan,nan,0.000000,0
1788899841.976040,55.845702,-2.665246,4.211396,-2.985663,-2.665588,4.213570,-2.985663,0.002200,0.000000,-2.665588,4.213570,-2.985663,0.002200,0.000000,-2.665588,4.213570,-2.985663,0.002200,0.000000,nan,nan,nan,nan,nan,0.000000,0
1788899841.976040,55.845702,-2.665246,4.211396,-2.985663,-2.665588,4.213570,-2.985663,0.002200,0.000000,-2.665588,4.213570,-2.985663,0.002200,0.000000,-2.665588,4.213570,-2.985663,0.002200,0.000000,nan,nan,nan,nan,nan,0.000000,0
1788899842.025981,55.895643,-2.665246,4.211396,-2.985663,-2.665588,4.213570,-2.985663,0.002200,0.000000,-2.665588,4.213570,-2.985663,0.002200,0.000000,-2.665588,4.213570,-2.985663,0.002200,0.000000,nan,nan,nan,nan,nan,0.000000,0
1788899842.025981,55.895643,-2.665246,4.211396,-2.985663,-2.665588,4.213570,-2.985663,0.002200,0.000000,-2.665588,4.213570,-2.985663,0.002200,0.000000,-2.665588,4.213570,-2.985663,0.002200,0.000000,nan,nan,nan,nan,nan,0.000000,0
1788899842.076431,55.946093,-2.665246,4.211396,-2.985663,-2.665588,4.213570,-2.985663,0.002200,0.000000,-2.665588,4.213570,-2.985663,0.002200,0.000000,-2.665588,4.213570,-2.985663,0.002200,0.000000,nan,nan,nan,nan,nan,0.000000,0
1788899842.076431,55.946093,-2.665246,4.211396,-2.985663,-2.665588,4.213570,-2.985663,0.002200,0.000000,-2.665588,4.213570,-2.985663,0.002200,0.000000,-2.665588,4.213570,-2.985663,0.002200,0.000000,nan,nan,nan,nan,nan,0.000000,0
1788899842.125894,55.995556,-2.665246,4.211396,-2.985663,-2.665588,4.213570,-2.985663,0.002200,0.000000,-2.665588,4.213570,-2.985663,0.002200,0.000000,-2.665588,4.213570,-2.985663,0.002200,0.000000,nan,nan,nan,nan,nan,0.000000,0
1788899842.125894,55.995556,-2.665246,4.211396,-2.985663,-2.665588,4.213570,-2.985663,0.002200,0.000000,-2.665588,4.213570,-2.985663,0.002200,0.000000,-2.665588,4.213570,-2.985663,0.002200,0.000000,nan,nan,nan,nan,nan,0.000000,0
1788899842.176877,56.046538,-2.665246,4.211396,-2.985663,-2.665588,4.213570,-2.985663,0.002200,0.000000,-2.665588,4.213570,-2.985663,0.002200,0.000000,-2.665588,4.213570,-2.985663,0.002200,0.000000,nan,nan,nan,nan,nan,0.000000,0
1788899842.176877,56.046538,-2.665246,4.211396,-2.985663,-2.665588,4.213570,-2.985663,0.002200,0.000000,-2.665588,4.213570,-2.985663,0.002200,0.000000,-2.665588,4.213570,-2.985663,0.002200,0.000000,nan,nan,nan,nan,nan,0.000000,0
1788899842.226677,56.096339,-2.665246,4.211396,-2.985663,-2.665588,4.213570,-2.985663,0.002200,0.000000,-2.665588,4.213570,-2.985663,0.002200,0.000000,-2.665588,4.213570,-2.985663,0.002200,0.000000,nan,nan,nan,nan,nan,0.000000,0
1788899842.226677,56.096339,-2.665246,4.211396,-2.985663,-2.665588,4.213570,-2.985663,0.002200,0.000000,-2.665588,4.213570,-2.985663,0.002200,0.000000,-2.665588,4.213570,-2.985663,0.002200,0.000000,nan,nan,nan,nan,nan,0.000000,0
1788899842.276512,56.146174,-2.665246,4.211396,-2.985663,-2.665588,4.213570,-2.985663,0.002200,0.000000,-2.665588,4.213570,-2.985663,0.002200,0.000000,-2.665588,4.213570,-2.985663,0.002200,0.000000,nan,nan,nan,nan,nan,0.000000,0
1788899842.276512,56.146174,-2.665246,4.211396,-2.985663,-2.665588,4.213570,-2.985663,0.002200,0.000000,-2.665588,4.213570,-2.985663,0.002200,0.000000,-2.665588,4.213570,-2.985663,0.002200,0.000000,nan,nan,nan,nan,nan,0.000000,0
1788899842.326396,56.196057,-2.665246,4.211396,-2.985663,-2.665588,4.213570,-2.985663,0.002200,0.000000,-2.665588,4.213570,-2.985663,0.002200,0.000000,-2.665588,4.213570,-2.985663,0.002200,0.000000,nan,nan,nan,nan,nan,0.000000,0
1788899842.326396,56.196057,-2.665246,4.211396,-2.985663,-2.665588,4.213570,-2.985663,0.002200,0.000000,-2.665588,4.213570,-2.985663,0.002200,0.000000,-2.665588,4.213570,-2.985663,0.002200,0.000000,nan,nan,nan,nan,nan,0.000000,0
1788899842.376462,56.246124,-2.665246,4.211396,-2.985663,-2.665588,4.213570,-2.985663,0.002200,0.000000,-2.665588,4.213570,-2.985663,0.002200,0.000000,-2.665588,4.213570,-2.985663,0.002200,0.000000,nan,nan,nan,nan,nan,0.000000,0
1788899842.376462,56.246124,-2.665246,4.211396,-2.985663,-2.665588,4.213570,-2.985663,0.002200,0.000000,-2.665588,4.213570,-2.985663,0.002200,0.000000,-2.665588,4.213570,-2.985663,0.002200,0.000000,nan,nan,nan,nan,nan,0.000000,0
1788899842.426893,56.296555,-2.665246,4.211396,-2.985663,-2.665588,4.213570,-2.985663,0.002200,0.000000,-2.665588,4.213570,-2.985663,0.002200,0.000000,-2.665588,4.213570,-2.985663,0.002200,0.000000,nan,nan,nan,nan,nan,0.000000,0
1788899842.426893,56.296555,-2.665246,4.211396,-2.985663,-2.665588,4.213570,-2.985663,0.002200,0.000000,-2.665588,4.213570,-2.985663,0.002200,0.000000,-2.665588,4.213570,-2.985663,0.002200,0.000000,nan,nan,nan,nan,nan,0.000000,0
1788899842.476298,56.345960,-2.665246,4.211396,-2.985663,-2.665588,4.213570,-2.985663,0.002200,0.000000,-2.665588,4.213570,-2.985663,0.002200,0.000000,-2.665588,4.213570,-2.985663,0.002200,0.000000,nan,nan,nan,nan,nan,0.000000,0
1788899842.476298,56.345960,-2.665246,4.211396,-2.985663,-2.665588,4.213570,-2.985663,0.002200,0.000000,-2.665588,4.213570,-2.985663,0.002200,0.000000,-2.665588,4.213570,-2.985663,0.002200,0.000000,nan,nan,nan,nan,nan,0.000000,0
1788899842.526549,56.396211,-2.665246,4.211396,-2.985663,-2.665588,4.213570,-2.985663,0.002200,0.000000,-2.665588,4.213570,-2.985663,0.002200,0.000000,-2.665588,4.213570,-2.985663,0.002200,0.000000,nan,nan,nan,nan,nan,0.000000,0
1788899842.526549,56.396211,-2.665246,4.211396,-2.985663,-2.665588,4.213570,-2.985663,0.002200,0.000000,-2.665588,4.213570,-2.985663,0.002200,0.000000,-2.665588,4.213570,-2.985663,0.002200,0.000000,nan,nan,nan,nan,nan,0.000000,0
1788899842.576526,56.446187,-2.665246,4.211396,-2.985663,-2.665588,4.213570,-2.985663,0.002200,0.000000,-2.665588,4.213570,-2.985663,0.002200,0.000000,-2.665588,4.213570,-2.985663,0.002200,0.000000,nan,nan,nan,nan,nan,0.000000,0
1788899842.576526,56.446187,-2.665246,4.211396,-2.985663,-2.665588,4.213570,-2.985663,0.002200,0.000000,-2.665588,4.213570,-2.985663,0.002200,0.000000,-2.665588,4.213570,-2.985663,0.002200,0.000000,nan,nan,nan,nan,nan,0.000000,0
1788899842.626811,56.496473,-2.665246,4.211396,-2.985663,-2.665588,4.213570,-2.985663,0.002200,0.000000,-2.665588,4.213570,-2.985663,0.002200,0.000000,-2.665588,4.213570,-2.985663,0.002200,0.000000,nan,nan,nan,nan,nan,0.000000,0
1788899842.626811,56.496473,-2.665246,4.211396,-2.985663,-2.665588,4.213570,-2.985663,0.002200,0.000000,-2.665588,4.213570,-2.985663,0.002200,0.000000,-2.665588,4.213570,-2.985663,0.002200,0.000000,nan,nan,nan,nan,nan,0.000000,0
1788899842.675895,56.545557,-2.665246,4.211396,-2.985663,-2.665588,4.213570,-2.985663,0.002200,0.000000,-2.665588,4.213570,-2.985663,0.002200,0.000000,-2.665588,4.213570,-2.985663,0.002200,0.000000,nan,nan,nan,nan,nan,0.000000,0
1788899842.675895,56.545557,-2.665246,4.211396,-2.985663,-2.665588,4.213570,-2.985663,0.002200,0.000000,-2.665588,4.213570,-2.985663,0.002200,0.000000,-2.665588,4.213570,-2.985663,0.002200,0.000000,nan,nan,nan,nan,nan,0.000000,0
1788899842.726593,56.596255,-2.665246,4.211396,-2.985663,-2.665588,4.213570,-2.985663,0.002200,0.000000,-2.665588,4.213570,-2.985663,0.002200,0.000000,-2.665588,4.213570,-2.985663,0.002200,0.000000,nan,nan,nan,nan,nan,0.000000,0
1788899842.726593,56.596255,-2.665246,4.211396,-2.985663,-2.665588,4.213570,-2.985663,0.002200,0.000000,-2.665588,4.213570,-2.985663,0.002200,0.000000,-2.665588,4.213570,-2.985663,0.002200,0.000000,nan,nan,nan,nan,nan,0.000000,0
1788899842.776363,56.646025,-2.665246,4.211396,-2.985663,-2.665588,4.213570,-2.985663,0.002200,0.000000,-2.665588,4.213570,-2.985663,0.002200,0.000000,-2.665588,4.213570,-2.985663,0.002200,0.000000,nan,nan,nan,nan,nan,0.000000,0
1788899842.776363,56.646025,-2.665246,4.211396,-2.985663,-2.665588,4.213570,-2.985663,0.002200,0.000000,-2.665588,4.213570,-2.985663,0.002200,0.000000,-2.665588,4.213570,-2.985663,0.002200,0.000000,nan,nan,nan,nan,nan,0.000000,0
1788899842.826543,56.696205,-2.665246,4.211396,-2.985663,-2.665588,4.213570,-2.985663,0.002200,0.000000,-2.665588,4.213570,-2.985663,0.002200,0.000000,-2.665588,4.213570,-2.985663,0.002200,0.000000,nan,nan,nan,nan,nan,0.000000,0
1788899842.826543,56.696205,-2.665246,4.211396,-2.985663,-2.665588,4.213570,-2.985663,0.002200,0.000000,-2.665588,4.213570,-2.985663,0.002200,0.000000,-2.665588,4.213570,-2.985663,0.002200,0.000000,nan,nan,nan,nan,nan,0.000000,0
1788899842.876811,56.746472,-2.665246,4.211396,-2.985663,-2.665588,4.213570,-2.985663,0.002200,0.000000,-2.665588,4.213570,-2.985663,0.002200,0.000000,-2.665588,4.213570,-2.985663,0.002200,0.000000,nan,nan,nan,nan,nan,0.000000,0
1788899842.876811,56.746472,-2.665246,4.211396,-2.985663,-2.665588,4.213570,-2.985663,0.002200,0.000000,-2.665588,4.213570,-2.985663,0.002200,0.000000,-2.665588,4.213570,-2.985663,0.002200,0.000000,nan,nan,nan,nan,nan,0.000000,0
1788899842.926054,56.795715,-2.665246,4.211396,-2.985663,-2.665588,4.213570,-2.985663,0.002200,0.000000,-2.665588,4.213570,-2.985663,0.002200,0.000000,-2.665588,4.213570,-2.985663,0.002200,0.000000,nan,nan,nan,nan,nan,0.000000,0
1788899842.926054,56.795715,-2.665246,4.211396,-2.985663,-2.665588,4.213570,-2.985663,0.002200,0.000000,-2.665588,4.213570,-2.985663,0.002200,0.000000,-2.665588,4.213570,-2.985663,0.002200,0.000000,nan,nan,nan,nan,nan,0.000000,0
1788899842.976745,56.846407,-2.665246,4.211396,-2.985663,-2.665588,4.213570,-2.985663,0.002200,0.000000,-2.665588,4.213570,-2.985663,0.002200,0.000000,-2.665588,4.213570,-2.985663,0.002200,0.000000,nan,nan,nan,nan,nan,0.000000,0
1788899842.976745,56.846407,-2.665246,4.211396,-2.985663,-2.665588,4.213570,-2.985663,0.002200,0.000000,-2.665588,4.213570,-2.985663,0.002200,0.000000,-2.665588,4.213570,-2.985663,0.002200,0.000000,nan,nan,nan,nan,nan,0.000000,0
1788899843.026906,56.896568,-2.665246,4.211396,-2.985663,-2.665588,4.213570,-2.985663,0.002200,0.000000,-2.665588,4.213570,-2.985663,0.002200,0.000000,-2.665588,4.213570,-2.985663,0.002200,0.000000,nan,nan,nan,nan,nan,0.000000,0
1788899843.026906,56.896568,-2.665246,4.211396,-2.985663,-2.665588,4.213570,-2.985663,0.002200,0.000000,-2.665588,4.213570,-2.985663,0.002200,0.000000,-2.665588,4.213570,-2.985663,0.002200,0.000000,nan,nan,nan,nan,nan,0.000000,0
1788899843.076525,56.946187,-2.665246,4.211396,-2.985663,-2.665588,4.213570,-2.985663,0.002200,0.000000,-2.665588,4.213570,-2.985663,0.002200,0.000000,-2.665588,4.213570,-2.985663,0.002200,0.000000,nan,nan,nan,nan,nan,0.000000,0
1788899843.076525,56.946187,-2.665246,4.211396,-2.985663,-2.665588,4.213570,-2.985663,0.002200,0.000000,-2.665588,4.213570,-2.985663,0.002200,0.000000,-2.665588,4.213570,-2.985663,0.002200,0.000000,nan,nan,nan,nan,nan,0.000000,0
1788899843.126495,56.996157,-2.665246,4.211396,-2.985663,-2.665588,4.213570,-2.985663,0.002200,0.000000,-2.665588,4.213570,-2.985663,0.002200,0.000000,-2.665588,4.213570,-2.985663,0.002200,0.000000,nan,nan,nan,nan,nan,0.000000,0
1788899843.126495,56.996157,-2.665246,4.211396,-2.985663,-2.665588,4.213570,-2.985663,0.002200,0.000000,-2.665588,4.213570,-2.985663,0.002200,0.000000,-2.665588,4.213570,-2.985663,0.002200,0.000000,nan,nan,nan,nan,nan,0.000000,0
1788899843.176317,57.045979,-2.665246,4.211396,-2.985663,-2.665588,4.213570,-2.985663,0.002200,0.000000,-2.665588,4.213570,-2.985663,0.002200,0.000000,-2.665588,4.213570,-2.985663,0.002200,0.000000,nan,nan,nan,nan,nan,0.000000,0
1788899843.176317,57.045979,-2.665246,4.211396,-2.985663,-2.665588,4.213570,-2.985663,0.002200,0.000000,-2.665588,4.213570,-2.985663,0.002200,0.000000,-2.665588,4.213570,-2.985663,0.002200,0.000000,nan,nan,nan,nan,nan,0.000000,0
1788899843.228514,57.098176,-2.665246,4.211396,-2.985663,-2.665588,4.213570,-2.985663,0.002200,0.000000,-2.665588,4.213570,-2.985663,0.002200,0.000000,-2.665588,4.213570,-2.985663,0.002200,0.000000,nan,nan,nan,nan,nan,0.000000,0
1788899843.228514,57.098176,-2.665246,4.211396,-2.985663,-2.665588,4.213570,-2.985663,0.002200,0.000000,-2.665588,4.213570,-2.985663,0.002200,0.000000,-2.665588,4.213570,-2.985663,0.002200,0.000000,nan,nan,nan,nan,nan,0.000000,0
1788899843.276469,57.146131,-2.665246,4.211396,-2.985663,-2.665588,4.213570,-2.985663,0.002200,0.000000,-2.665588,4.213570,-2.985663,0.002200,0.000000,-2.665588,4.213570,-2.985663,0.002200,0.000000,nan,nan,nan,nan,nan,0.000000,0
1788899843.276469,57.146131,-2.665246,4.211396,-2.985663,-2.665588,4.213570,-2.985663,0.002200,0.000000,-2.665588,4.213570,-2.985663,0.002200,0.000000,-2.665588,4.213570,-2.985663,0.002200,0.000000,nan,nan,nan,nan,nan,0.000000,0
1788899843.326557,57.196219,-2.665246,4.211396,-2.985663,-2.665588,4.213570,-2.985663,0.002200,0.000000,-2.665588,4.213570,-2.985663,0.002200,0.000000,-2.665588,4.213570,-2.985663,0.002200,0.000000,nan,nan,nan,nan,nan,0.000000,0
1788899843.326557,57.196219,-2.665246,4.211396,-2.985663,-2.665588,4.213570,-2.985663,0.002200,0.000000,-2.665588,4.213570,-2.985663,0.002200,0.000000,-2.665588,4.213570,-2.985663,0.002200,0.000000,nan,nan,nan,nan,nan,0.000000,0
1788899843.376566,57.246228,-2.665246,4.211396,-2.985663,-2.665588,4.213570,-2.985663,0.002200,0.000000,-2.665588,4.213570,-2.985663,0.002200,0.000000,-2.665588,4.213570,-2.985663,0.002200,0.000000,nan,nan,nan,nan,nan,0.000000,0
1788899843.376566,57.246228,-2.665246,4.211396,-2.985663,-2.665588,4.213570,-2.985663,0.002200,0.000000,-2.665588,4.213570,-2.985663,0.002200,0.000000,-2.665588,4.213570,-2.985663,0.002200,0.000000,nan,nan,nan,nan,nan,0.000000,0
1788899843.426099,57.295761,-2.665246,4.211396,-2.985663,-2.665588,4.213570,-2.985663,0.002200,0.000000,-2.665588,4.213570,-2.985663,0.002200,0.000000,-2.665588,4.213570,-2.985663,0.002200,0.000000,nan,nan,nan,nan,nan,0.000000,0
1788899843.426099,57.295761,-2.665246,4.211396,-2.985663,-2.665588,4.213570,-2.985663,0.002200,0.000000,-2.665588,4.213570,-2.985663,0.002200,0.000000,-2.665588,4.213570,-2.985663,0.002200,0.000000,nan,nan,nan,nan,nan,0.000000,0
1788899843.476811,57.346473,-2.665246,4.211396,-2.985663,-2.665588,4.213570,-2.985663,0.002200,0.000000,-2.665588,4.213570,-2.985663,0.002200,0.000000,-2.665588,4.213570,-2.985663,0.002200,0.000000,nan,nan,nan,nan,nan,0.000000,0
1788899843.476811,57.346473,-2.665246,4.211396,-2.985663,-2.665588,4.213570,-2.985663,0.002200,0.000000,-2.665588,4.213570,-2.985663,0.002200,0.000000,-2.665588,4.213570,-2.985663,0.002200,0.000000,nan,nan,nan,nan,nan,0.000000,0
1788899843.526881,57.396542,-2.665246,4.211396,-2.985663,-2.665588,4.213570,-2.985663,0.002200,0.000000,-2.665588,4.213570,-2.985663,0.002200,0.000000,-2.665588,4.213570,-2.985663,0.002200,0.000000,nan,nan,nan,nan,nan,0.000000,0
1788899843.526881,57.396542,-2.665246,4.211396,-2.985663,-2.665588,4.213570,-2.985663,0.002200,0.000000,-2.665588,4.213570,-2.985663,0.002200,0.000000,-2.665588,4.213570,-2.985663,0.002200,0.000000,nan,nan,nan,nan,nan,0.000000,0
1788899843.576222,57.445884,-2.665246,4.211396,-2.985663,-2.665588,4.213570,-2.985663,0.002200,0.000000,-2.665588,4.213570,-2.985663,0.002200,0.000000,-2.665588,4.213570,-2.985663,0.002200,0.000000,nan,nan,nan,nan,nan,0.000000,0
1788899843.576222,57.445884,-2.665246,4.211396,-2.985663,-2.665588,4.213570,-2.985663,0.002200,0.000000,-2.665588,4.213570,-2.985663,0.002200,0.000000,-2.665588,4.213570,-2.985663,0.002200,0.000000,nan,nan,nan,nan,nan,0.000000,0
1788899843.626090,57.495751,-2.665246,4.211396,-2.985663,-2.665588,4.213570,-2.985663,0.002200,0.000000,-2.665588,4.213570,-2.985663,0.002200,0.000000,-2.665588,4.213570,-2.985663,0.002200,0.000000,nan,nan,nan,nan,nan,0.000000,0
1788899843.626090,57.495751,-2.665246,4.211396,-2.985663,-2.665588,4.213570,-2.985663,0.002200,0.000000,-2.665588,4.213570,-2.985663,0.002200,0.000000,-2.665588,4.213570,-2.985663,0.002200,0.000000,nan,nan,nan,nan,nan,0.000000,0
1788899843.677736,57.547398,-2.665246,4.211396,-2.985663,-2.665588,4.213570,-2.985663,0.002200,0.000000,-2.665588,4.213570,-2.985663,0.002200,0.000000,-2.665588,4.213570,-2.985663,0.002200,0.000000,nan,nan,nan,nan,nan,0.000000,0
1788899843.677736,57.547398,-2.665246,4.211396,-2.985663,-2.665588,4.213570,-2.985663,0.002200,0.000000,-2.665588,4.213570,-2.985663,0.002200,0.000000,-2.665588,4.213570,-2.985663,0.002200,0.000000,nan,nan,nan,nan,nan,0.000000,0
1788899843.726473,57.596135,-2.665231,4.211298,-2.985663,-2.665588,4.213570,-2.985663,0.002300,0.000000,-2.665588,4.213570,-2.985663,0.002300,0.000000,-2.665588,4.213570,-2.985663,0.002300,0.000000,nan,nan,nan,nan,nan,0.002052,0
1788899843.726473,57.596135,-2.665231,4.211298,-2.985663,-2.665588,4.213570,-2.985663,0.002300,0.000000,-2.665588,4.213570,-2.985663,0.002300,0.000000,-2.665588,4.213570,-2.985663,0.002300,0.000000,nan,nan,nan,nan,nan,0.002052,0
1788899843.776699,57.646361,-2.665231,4.211298,-2.985663,-2.665588,4.213570,-2.985663,0.002300,0.000000,-2.665588,4.213570,-2.985663,0.002300,0.000000,-2.665588,4.213570,-2.985663,0.002300,0.000000,nan,nan,nan,nan,nan,0.000000,0
1788899843.776699,57.646361,-2.665231,4.211298,-2.985663,-2.665588,4.213570,-2.985663,0.002300,0.000000,-2.665588,4.213570,-2.985663,0.002300,0.000000,-2.665588,4.213570,-2.985663,0.002300,0.000000,nan,nan,nan,nan,nan,0.000000,0
1788899843.826653,57.696315,-2.665231,4.211298,-2.985663,-2.665588,4.213570,-2.985663,0.002300,0.000000,-2.665588,4.213570,-2.985663,0.002300,0.000000,-2.665588,4.213570,-2.985663,0.002300,0.000000,nan,nan,nan,nan,nan,0.000000,0
1788899843.826653,57.696315,-2.665231,4.211298,-2.985663,-2.665588,4.213570,-2.985663,0.002300,0.000000,-2.665588,4.213570,-2.985663,0.002300,0.000000,-2.665588,4.213570,-2.985663,0.002300,0.000000,nan,nan,nan,nan,nan,0.000000,0
1788899843.876065,57.745727,-2.665231,4.211298,-2.985663,-2.665588,4.213570,-2.985663,0.002300,0.000000,-2.665588,4.213570,-2.985663,0.002300,0.000000,-2.665588,4.213570,-2.985663,0.002300,0.000000,nan,nan,nan,nan,nan,0.000000,0
1788899843.876065,57.745727,-2.665231,4.211298,-2.985663,-2.665588,4.213570,-2.985663,0.002300,0.000000,-2.665588,4.213570,-2.985663,0.002300,0.000000,-2.665588,4.213570,-2.985663,0.002300,0.000000,nan,nan,nan,nan,nan,0.000000,0
1788899843.926759,57.796420,-2.665231,4.211298,-2.985663,-2.665588,4.213570,-2.985663,0.002300,0.000000,-2.665588,4.213570,-2.985663,0.002300,0.000000,-2.665588,4.213570,-2.985663,0.002300,0.000000,nan,nan,nan,nan,nan,0.000000,0
1788899843.926759,57.796420,-2.665231,4.211298,-2.985663,-2.665588,4.213570,-2.985663,0.002300,0.000000,-2.665588,4.213570,-2.985663,0.002300,0.000000,-2.665588,4.213570,-2.985663,0.002300,0.000000,nan,nan,nan,nan,nan,0.000000,0
1788899843.976674,57.846336,-2.665231,4.211298,-2.985663,-2.665588,4.213570,-2.985663,0.002300,0.000000,-2.665588,4.213570,-2.985663,0.002300,0.000000,-2.665588,4.213570,-2.985663,0.002300,0.000000,nan,nan,nan,nan,nan,0.000000,0
1788899843.976674,57.846336,-2.665231,4.211298,-2.985663,-2.665588,4.213570,-2.985663,0.002300,0.000000,-2.665588,4.213570,-2.985663,0.002300,0.000000,-2.665588,4.213570,-2.985663,0.002300,0.000000,nan,nan,nan,nan,nan,0.000000,0
1788899844.026713,57.896375,-2.665231,4.211298,-2.985663,-2.665588,4.213570,-2.985663,0.002300,0.000000,-2.665588,4.213570,-2.985663,0.002300,0.000000,-2.665588,4.213570,-2.985663,0.002300,0.000000,nan,nan,nan,nan,nan,0.000000,0
1788899844.026713,57.896375,-2.665231,4.211298,-2.985663,-2.665588,4.213570,-2.985663,0.002300,0.000000,-2.665588,4.213570,-2.985663,0.002300,0.000000,-2.665588,4.213570,-2.985663,0.002300,0.000000,nan,nan,nan,nan,nan,0.000000,0
1788899844.076686,57.946348,-2.665231,4.211298,-2.985663,-2.665588,4.213570,-2.985663,0.002300,0.000000,-2.665588,4.213570,-2.985663,0.002300,0.000000,-2.665588,4.213570,-2.985663,0.002300,0.000000,nan,nan,nan,nan,nan,0.000000,0
1788899844.076686,57.946348,-2.665231,4.211298,-2.985663,-2.665588,4.213570,-2.985663,0.002300,0.000000,-2.665588,4.213570,-2.985663,0.002300,0.000000,-2.665588,4.213570,-2.985663,0.002300,0.000000,nan,nan,nan,nan,nan,0.000000,0
1788899844.126850,57.996512,-2.665231,4.211298,-2.985663,-2.665588,4.213570,-2.985663,0.002300,0.000000,-2.665588,4.213570,-2.985663,0.002300,0.000000,-2.665588,4.213570,-2.985663,0.002300,0.000000,nan,nan,nan,nan,nan,0.000000,0
1788899844.126850,57.996512,-2.665231,4.211298,-2.985663,-2.665588,4.213570,-2.985663,0.002300,0.000000,-2.665588,4.213570,-2.985663,0.002300,0.000000,-2.665588,4.213570,-2.985663,0.002300,0.000000,nan,nan,nan,nan,nan,0.000000,0
1788899844.176886,58.046547,-2.665231,4.211298,-2.985663,-2.665588,4.213570,-2.985663,0.002300,0.000000,-2.665588,4.213570,-2.985663,0.002300,0.000000,-2.665588,4.213570,-2.985663,0.002300,0.000000,nan,nan,nan,nan,nan,0.000000,0
1788899844.176886,58.046547,-2.665231,4.211298,-2.985663,-2.665588,4.213570,-2.985663,0.002300,0.000000,-2.665588,4.213570,-2.985663,0.002300,0.000000,-2.665588,4.213570,-2.985663,0.002300,0.000000,nan,nan,nan,nan,nan,0.000000,0
1788899844.226698,58.096360,-2.665231,4.211298,-2.985663,-2.665588,4.213570,-2.985663,0.002300,0.000000,-2.665588,4.213570,-2.985663,0.002300,0.000000,-2.665588,4.213570,-2.985663,0.002300,0.000000,nan,nan,nan,nan,nan,0.000000,0
1788899844.226698,58.096360,-2.665231,4.211298,-2.985663,-2.665588,4.213570,-2.985663,0.002300,0.000000,-2.665588,4.213570,-2.985663,0.002300,0.000000,-2.665588,4.213570,-2.985663,0.002300,0.000000,nan,nan,nan,nan,nan,0.000000,0
1788899844.276574,58.146236,-2.665231,4.211298,-2.985663,-2.665588,4.213570,-2.985663,0.002300,0.000000,-2.665588,4.213570,-2.985663,0.002300,0.000000,-2.665588,4.213570,-2.985663,0.002300,0.000000,nan,nan,nan,nan,nan,0.000000,0
1788899844.276574,58.146236,-2.665231,4.211298,-2.985663,-2.665588,4.213570,-2.985663,0.002300,0.000000,-2.665588,4.213570,-2.985663,0.002300,0.000000,-2.665588,4.213570,-2.985663,0.002300,0.000000,nan,nan,nan,nan,nan,0.000000,0
1788899844.326057,58.195719,-2.665231,4.211298,-2.985663,-2.665588,4.213570,-2.985663,0.002300,0.000000,-2.665588,4.213570,-2.985663,0.002300,0.000000,-2.665588,4.213570,-2.985663,0.002300,0.000000,nan,nan,nan,nan,nan,0.000000,0
1788899844.326057,58.195719,-2.665231,4.211298,-2.985663,-2.665588,4.213570,-2.985663,0.002300,0.000000,-2.665588,4.213570,-2.985663,0.002300,0.000000,-2.665588,4.213570,-2.985663,0.002300,0.000000,nan,nan,nan,nan,nan,0.000000,0
1788899844.376230,58.245891,-2.665231,4.211298,-2.985663,-2.665588,4.213570,-2.985663,0.002300,0.000000,-2.665588,4.213570,-2.985663,0.002300,0.000000,-2.665588,4.213570,-2.985663,0.002300,0.000000,nan,nan,nan,nan,nan,0.000000,0
1788899844.376230,58.245891,-2.665231,4.211298,-2.985663,-2.665588,4.213570,-2.985663,0.002300,0.000000,-2.665588,4.213570,-2.985663,0.002300,0.000000,-2.665588,4.213570,-2.985663,0.002300,0.000000,nan,nan,nan,nan,nan,0.000000,0
1788899844.426930,58.296592,-2.665231,4.211298,-2.985663,-2.665588,4.213570,-2.985663,0.002300,0.000000,-2.665588,4.213570,-2.985663,0.002300,0.000000,-2.665588,4.213570,-2.985663,0.002300,0.000000,nan,nan,nan,nan,nan,0.000000,0
1788899844.426930,58.296592,-2.665231,4.211298,-2.985663,-2.665588,4.213570,-2.985663,0.002300,0.000000,-2.665588,4.213570,-2.985663,0.002300,0.000000,-2.665588,4.213570,-2.985663,0.002300,0.000000,nan,nan,nan,nan,nan,0.000000,0
1788899844.476465,58.346127,-2.665231,4.211298,-2.985663,-2.665588,4.213570,-2.985663,0.002300,0.000000,-2.665588,4.213570,-2.985663,0.002300,0.000000,-2.665588,4.213570,-2.985663,0.002300,0.000000,nan,nan,nan,nan,nan,0.000000,0
1788899844.476465,58.346127,-2.665231,4.211298,-2.985663,-2.665588,4.213570,-2.985663,0.002300,0.000000,-2.665588,4.213570,-2.985663,0.002300,0.000000,-2.665588,4.213570,-2.985663,0.002300,0.000000,nan,nan,nan,nan,nan,0.000000,0
1788899844.526741,58.396403,-2.665231,4.211298,-2.985663,-2.665588,4.213570,-2.985663,0.002300,0.000000,-2.665588,4.213570,-2.985663,0.002300,0.000000,-2.665588,4.213570,-2.985663,0.002300,0.000000,nan,nan,nan,nan,nan,0.000000,0
1788899844.526741,58.396403,-2.665231,4.211298,-2.985663,-2.665588,4.213570,-2.985663,0.002300,0.000000,-2.665588,4.213570,-2.985663,0.002300,0.000000,-2.665588,4.213570,-2.985663,0.002300,0.000000,nan,nan,nan,nan,nan,0.000000,0
1788899844.576201,58.445863,-2.665231,4.211298,-2.985663,-2.665588,4.213570,-2.985663,0.002300,0.000000,-2.665588,4.213570,-2.985663,0.002300,0.000000,-2.665588,4.213570,-2.985663,0.002300,0.000000,nan,nan,nan,nan,nan,0.000000,0
1788899844.576201,58.445863,-2.665231,4.211298,-2.985663,-2.665588,4.213570,-2.985663,0.002300,0.000000,-2.665588,4.213570,-2.985663,0.002300,0.000000,-2.665588,4.213570,-2.985663,0.002300,0.000000,nan,nan,nan,nan,nan,0.000000,0
1788899844.626259,58.495920,-2.665231,4.211298,-2.985663,-2.665588,4.213570,-2.985663,0.002300,0.000000,-2.665588,4.213570,-2.985663,0.002300,0.000000,-2.665588,4.213570,-2.985663,0.002300,0.000000,nan,nan,nan,nan,nan,0.000000,0
1788899844.626259,58.495920,-2.665231,4.211298,-2.985663,-2.665588,4.213570,-2.985663,0.002300,0.000000,-2.665588,4.213570,-2.985663,0.002300,0.000000,-2.665588,4.213570,-2.985663,0.002300,0.000000,nan,nan,nan,nan,nan,0.000000,0
1788899844.676510,58.546172,-2.665231,4.211298,-2.985663,-2.665588,4.213570,-2.985663,0.002300,0.000000,-2.665588,4.213570,-2.985663,0.002300,0.000000,-2.665588,4.213570,-2.985663,0.002300,0.000000,nan,nan,nan,nan,nan,0.000000,0
1788899844.676510,58.546172,-2.665231,4.211298,-2.985663,-2.665588,4.213570,-2.985663,0.002300,0.000000,-2.665588,4.213570,-2.985663,0.002300,0.000000,-2.665588,4.213570,-2.985663,0.002300,0.000000,nan,nan,nan,nan,nan,0.000000,0
1788899844.726841,58.596503,-2.665231,4.211298,-2.985663,-2.665588,4.213570,-2.985663,0.002300,0.000000,-2.665588,4.213570,-2.985663,0.002300,0.000000,-2.665588,4.213570,-2.985663,0.002300,0.000000,nan,nan,nan,nan,nan,0.000000,0
1788899844.726841,58.596503,-2.665231,4.211298,-2.985663,-2.665588,4.213570,-2.985663,0.002300,0.000000,-2.665588,4.213570,-2.985663,0.002300,0.000000,-2.665588,4.213570,-2.985663,0.002300,0.000000,nan,nan,nan,nan,nan,0.000000,0
1788899844.776693,58.646355,-2.665231,4.211298,-2.985663,-2.665588,4.213570,-2.985663,0.002300,0.000000,-2.665588,4.213570,-2.985663,0.002300,0.000000,-2.665588,4.213570,-2.985663,0.002300,0.000000,nan,nan,nan,nan,nan,0.000000,0
1788899844.776693,58.646355,-2.665231,4.211298,-2.985663,-2.665588,4.213570,-2.985663,0.002300,0.000000,-2.665588,4.213570,-2.985663,0.002300,0.000000,-2.665588,4.213570,-2.985663,0.002300,0.000000,nan,nan,nan,nan,nan,0.000000,0
1788899844.826253,58.695915,-2.665231,4.211298,-2.985663,-2.665588,4.213570,-2.985663,0.002300,0.000000,-2.665588,4.213570,-2.985663,0.002300,0.000000,-2.665588,4.213570,-2.985663,0.002300,0.000000,nan,nan,nan,nan,nan,0.000000,0
1788899844.826253,58.695915,-2.665231,4.211298,-2.985663,-2.665588,4.213570,-2.985663,0.002300,0.000000,-2.665588,4.213570,-2.985663,0.002300,0.000000,-2.665588,4.213570,-2.985663,0.002300,0.000000,nan,nan,nan,nan,nan,0.000000,0
1788899844.875990,58.745652,-2.665231,4.211298,-2.985663,-2.665588,4.213570,-2.985663,0.002300,0.000000,-2.665588,4.213570,-2.985663,0.002300,0.000000,-2.665588,4.213570,-2.985663,0.002300,0.000000,nan,nan,nan,nan,nan,0.000000,0
1788899844.875990,58.745652,-2.665231,4.211298,-2.985663,-2.665588,4.213570,-2.985663,0.002300,0.000000,-2.665588,4.213570,-2.985663,0.002300,0.000000,-2.665588,4.213570,-2.985663,0.002300,0.000000,nan,nan,nan,nan,nan,0.000000,0
1788899844.926827,58.796489,-2.665231,4.211298,-2.985663,-2.665588,4.213570,-2.985663,0.002300,0.000000,-2.665588,4.213570,-2.985663,0.002300,0.000000,-2.665588,4.213570,-2.985663,0.002300,0.000000,nan,nan,nan,nan,nan,0.000000,0
1788899844.926827,58.796489,-2.665231,4.211298,-2.985663,-2.665588,4.213570,-2.985663,0.002300,0.000000,-2.665588,4.213570,-2.985663,0.002300,0.000000,-2.665588,4.213570,-2.985663,0.002300,0.000000,nan,nan,nan,nan,nan,0.000000,0
1788899844.976675,58.846337,-2.665231,4.211298,-2.985663,-2.665588,4.213570,-2.985663,0.002300,0.000000,-2.665588,4.213570,-2.985663,0.002300,0.000000,-2.665588,4.213570,-2.985663,0.002300,0.000000,nan,nan,nan,nan,nan,0.000000,0
1788899844.976675,58.846337,-2.665231,4.211298,-2.985663,-2.665588,4.213570,-2.985663,0.002300,0.000000,-2.665588,4.213570,-2.985663,0.002300,0.000000,-2.665588,4.213570,-2.985663,0.002300,0.000000,nan,nan,nan,nan,nan,0.000000,0
1788899845.025977,58.895639,-2.665231,4.211298,-2.985663,-2.665588,4.213570,-2.985663,0.002300,0.000000,-2.665588,4.213570,-2.985663,0.002300,0.000000,-2.665588,4.213570,-2.985663,0.002300,0.000000,nan,nan,nan,nan,nan,0.000000,0
1788899845.025977,58.895639,-2.665231,4.211298,-2.985663,-2.665588,4.213570,-2.985663,0.002300,0.000000,-2.665588,4.213570,-2.985663,0.002300,0.000000,-2.665588,4.213570,-2.985663,0.002300,0.000000,nan,nan,nan,nan,nan,0.000000,0
1788899845.076516,58.946178,-2.665231,4.211298,-2.985663,-2.665588,4.213570,-2.985663,0.002300,0.000000,-2.665588,4.213570,-2.985663,0.002300,0.000000,-2.665588,4.213570,-2.985663,0.002300,0.000000,nan,nan,nan,nan,nan,0.000000,0
1788899845.076516,58.946178,-2.665231,4.211298,-2.985663,-2.665588,4.213570,-2.985663,0.002300,0.000000,-2.665588,4.213570,-2.985663,0.002300,0.000000,-2.665588,4.213570,-2.985663,0.002300,0.000000,nan,nan,nan,nan,nan,0.000000,0
1788899845.126714,58.996376,-2.665231,4.211298,-2.985663,-2.665588,4.213570,-2.985663,0.002300,0.000000,-2.665588,4.213570,-2.985663,0.002300,0.000000,-2.665588,4.213570,-2.985663,0.002300,0.000000,nan,nan,nan,nan,nan,0.000000,0
1788899845.126714,58.996376,-2.665231,4.211298,-2.985663,-2.665588,4.213570,-2.985663,0.002300,0.000000,-2.665588,4.213570,-2.985663,0.002300,0.000000,-2.665588,4.213570,-2.985663,0.002300,0.000000,nan,nan,nan,nan,nan,0.000000,0
1788899845.176703,59.046365,-2.665231,4.211298,-2.985663,-2.665588,4.213570,-2.985663,0.002300,0.000000,-2.665588,4.213570,-2.985663,0.002300,0.000000,-2.665588,4.213570,-2.985663,0.002300,0.000000,nan,nan,nan,nan,nan,0.000000,0
1788899845.176703,59.046365,-2.665231,4.211298,-2.985663,-2.665588,4.213570,-2.985663,0.002300,0.000000,-2.665588,4.213570,-2.985663,0.002300,0.000000,-2.665588,4.213570,-2.985663,0.002300,0.000000,nan,nan,nan,nan,nan,0.000000,0
1788899845.226820,59.096482,-2.665231,4.211298,-2.985663,-2.665588,4.213570,-2.985663,0.002300,0.000000,-2.665588,4.213570,-2.985663,0.002300,0.000000,-2.665588,4.213570,-2.985663,0.002300,0.000000,nan,nan,nan,nan,nan,0.000000,0
1788899845.226820,59.096482,-2.665231,4.211298,-2.985663,-2.665588,4.213570,-2.985663,0.002300,0.000000,-2.665588,4.213570,-2.985663,0.002300,0.000000,-2.665588,4.213570,-2.985663,0.002300,0.000000,nan,nan,nan,nan,nan,0.000000,0
1788899845.276778,59.146440,-2.665231,4.211298,-2.985663,-2.665588,4.213570,-2.985663,0.002300,0.000000,-2.665588,4.213570,-2.985663,0.002300,0.000000,-2.665588,4.213570,-2.985663,0.002300,0.000000,nan,nan,nan,nan,nan,0.000000,0
1788899845.276778,59.146440,-2.665231,4.211298,-2.985663,-2.665588,4.213570,-2.985663,0.002300,0.000000,-2.665588,4.213570,-2.985663,0.002300,0.000000,-2.665588,4.213570,-2.985663,0.002300,0.000000,nan,nan,nan,nan,nan,0.000000,0
1788899845.326742,59.196404,-2.665231,4.211298,-2.985663,-2.665588,4.213570,-2.985663,0.002300,0.000000,-2.665588,4.213570,-2.985663,0.002300,0.000000,-2.665588,4.213570,-2.985663,0.002300,0.000000,nan,nan,nan,nan,nan,0.000000,0
1788899845.326742,59.196404,-2.665231,4.211298,-2.985663,-2.665588,4.213570,-2.985663,0.002300,0.000000,-2.665588,4.213570,-2.985663,0.002300,0.000000,-2.665588,4.213570,-2.985663,0.002300,0.000000,nan,nan,nan,nan,nan,0.000000,0
1788899845.376487,59.246149,-2.665231,4.211298,-2.985663,-2.665588,4.213570,-2.985663,0.002300,0.000000,-2.665588,4.213570,-2.985663,0.002300,0.000000,-2.665588,4.213570,-2.985663,0.002300,0.000000,nan,nan,nan,nan,nan,0.000000,0
1788899845.376487,59.246149,-2.665231,4.211298,-2.985663,-2.665588,4.213570,-2.985663,0.002300,0.000000,-2.665588,4.213570,-2.985663,0.002300,0.000000,-2.665588,4.213570,-2.985663,0.002300,0.000000,nan,nan,nan,nan,nan,0.000000,0
1788899845.426060,59.295722,-2.665231,4.211298,-2.985663,-2.665588,4.213570,-2.985663,0.002300,0.000000,-2.665588,4.213570,-2.985663,0.002300,0.000000,-2.665588,4.213570,-2.985663,0.002300,0.000000,nan,nan,nan,nan,nan,0.000000,0
1788899845.426060,59.295722,-2.665231,4.211298,-2.985663,-2.665588,4.213570,-2.985663,0.002300,0.000000,-2.665588,4.213570,-2.985663,0.002300,0.000000,-2.665588,4.213570,-2.985663,0.002300,0.000000,nan,nan,nan,nan,nan,0.000000,0
1788899845.476794,59.346456,-2.665231,4.211298,-2.985663,-2.665588,4.213570,-2.985663,0.002300,0.000000,-2.665588,4.213570,-2.985663,0.002300,0.000000,-2.665588,4.213570,-2.985663,0.002300,0.000000,nan,nan,nan,nan,nan,0.000000,0
1788899845.476794,59.346456,-2.665231,4.211298,-2.985663,-2.665588,4.213570,-2.985663,0.002300,0.000000,-2.665588,4.213570,-2.985663,0.002300,0.000000,-2.665588,4.213570,-2.985663,0.002300,0.000000,nan,nan,nan,nan,nan,0.000000,0
1788899845.526568,59.396230,-2.665231,4.211298,-2.985663,-2.665588,4.213570,-2.985663,0.002300,0.000000,-2.665588,4.213570,-2.985663,0.002300,0.000000,-2.665588,4.213570,-2.985663,0.002300,0.000000,nan,nan,nan,nan,nan,0.000000,0
1788899845.526568,59.396230,-2.665231,4.211298,-2.985663,-2.665588,4.213570,-2.985663,0.002300,0.000000,-2.665588,4.213570,-2.985663,0.002300,0.000000,-2.665588,4.213570,-2.985663,0.002300,0.000000,nan,nan,nan,nan,nan,0.000000,0
1788899845.576297,59.445959,-2.665231,4.211298,-2.985663,-2.665588,4.213570,-2.985663,0.002300,0.000000,-2.665588,4.213570,-2.985663,0.002300,0.000000,-2.665588,4.213570,-2.985663,0.002300,0.000000,nan,nan,nan,nan,nan,0.000000,0
1788899845.576297,59.445959,-2.665231,4.211298,-2.985663,-2.665588,4.213570,-2.985663,0.002300,0.000000,-2.665588,4.213570,-2.985663,0.002300,0.000000,-2.665588,4.213570,-2.985663,0.002300,0.000000,nan,nan,nan,nan,nan,0.000000,0
1788899845.626755,59.496417,-2.665231,4.211298,-2.985663,-2.665588,4.213570,-2.985663,0.002300,0.000000,-2.665588,4.213570,-2.985663,0.002300,0.000000,-2.665588,4.213570,-2.985663,0.002300,0.000000,nan,nan,nan,nan,nan,0.000000,0
1788899845.626755,59.496417,-2.665231,4.211298,-2.985663,-2.665588,4.213570,-2.985663,0.002300,0.000000,-2.665588,4.213570,-2.985663,0.002300,0.000000,-2.665588,4.213570,-2.985663,0.002300,0.000000,nan,nan,nan,nan,nan,0.000000,0
1788899845.676144,59.545805,-2.665231,4.211298,-2.985663,-2.665588,4.213570,-2.985663,0.002300,0.000000,-2.665588,4.213570,-2.985663,0.002300,0.000000,-2.665588,4.213570,-2.985663,0.002300,0.000000,nan,nan,nan,nan,nan,0.000000,0
1788899845.676144,59.545805,-2.665231,4.211298,-2.985663,-2.665588,4.213570,-2.985663,0.002300,0.000000,-2.665588,4.213570,-2.985663,0.002300,0.000000,-2.665588,4.213570,-2.985663,0.002300,0.000000,nan,nan,nan,nan,nan,0.000000,0
1788899845.726711,59.596372,-2.665231,4.211298,-2.985663,-2.665588,4.213570,-2.985663,0.002300,0.000000,-2.665588,4.213570,-2.985663,0.002300,0.000000,-2.665588,4.213570,-2.985663,0.002300,0.000000,nan,nan,nan,nan,nan,0.000000,0
1788899845.726711,59.596372,-2.665231,4.211298,-2.985663,-2.665588,4.213570,-2.985663,0.002300,0.000000,-2.665588,4.213570,-2.985663,0.002300,0.000000,-2.665588,4.213570,-2.985663,0.002300,0.000000,nan,nan,nan,nan,nan,0.000000,0
1788899845.776968,59.646630,-2.665231,4.211298,-2.985663,-2.665588,4.213570,-2.985663,0.002300,0.000000,-2.665588,4.213570,-2.985663,0.002300,0.000000,-2.665588,4.213570,-2.985663,0.002300,0.000000,nan,nan,nan,nan,nan,0.000000,0
1788899845.776968,59.646630,-2.665231,4.211298,-2.985663,-2.665588,4.213570,-2.985663,0.002300,0.000000,-2.665588,4.213570,-2.985663,0.002300,0.000000,-2.665588,4.213570,-2.985663,0.002300,0.000000,nan,nan,nan,nan,nan,0.000000,0
1788899845.827039,59.696701,-2.665231,4.211298,-2.985663,-2.665588,4.213570,-2.985663,0.002300,0.000000,-2.665588,4.213570,-2.985663,0.002300,0.000000,-2.665588,4.213570,-2.985663,0.002300,0.000000,nan,nan,nan,nan,nan,0.000000,0
1788899845.827039,59.696701,-2.665231,4.211298,-2.985663,-2.665588,4.213570,-2.985663,0.002300,0.000000,-2.665588,4.213570,-2.985663,0.002300,0.000000,-2.665588,4.213570,-2.985663,0.002300,0.000000,nan,nan,nan,nan,nan,0.000000,0
1788899845.876957,59.746619,-2.665231,4.211298,-2.985663,-2.665588,4.213570,-2.985663,0.002300,0.000000,-2.665588,4.213570,-2.985663,0.002300,0.000000,-2.665588,4.213570,-2.985663,0.002300,0.000000,nan,nan,nan,nan,nan,0.000000,0
1788899845.876957,59.746619,-2.665231,4.211298,-2.985663,-2.665588,4.213570,-2.985663,0.002300,0.000000,-2.665588,4.213570,-2.985663,0.002300,0.000000,-2.665588,4.213570,-2.985663,0.002300,0.000000,nan,nan,nan,nan,nan,0.000000,0
1788899845.926659,59.796321,-2.665231,4.211298,-2.985663,-2.665588,4.213570,-2.985663,0.002300,0.000000,-2.665588,4.213570,-2.985663,0.002300,0.000000,-2.665588,4.213570,-2.985663,0.002300,0.000000,nan,nan,nan,nan,nan,0.000000,0
1788899845.926659,59.796321,-2.665231,4.211298,-2.985663,-2.665588,4.213570,-2.985663,0.002300,0.000000,-2.665588,4.213570,-2.985663,0.002300,0.000000,-2.665588,4.213570,-2.985663,0.002300,0.000000,nan,nan,nan,nan,nan,0.000000,0
1788899845.976694,59.846356,-2.665231,4.211298,-2.985663,-2.665588,4.213570,-2.985663,0.002300,0.000000,-2.665588,4.213570,-2.985663,0.002300,0.000000,-2.665588,4.213570,-2.985663,0.002300,0.000000,nan,nan,nan,nan,nan,0.000000,0
1788899845.976694,59.846356,-2.665231,4.211298,-2.985663,-2.665588,4.213570,-2.985663,0.002300,0.000000,-2.665588,4.213570,-2.985663,0.002300,0.000000,-2.665588,4.213570,-2.985663,0.002300,0.000000,nan,nan,nan,nan,nan,0.000000,0
1788899846.026056,59.895717,-2.665231,4.211298,-2.985663,-2.665588,4.213570,-2.985663,0.002300,0.000000,-2.665588,4.213570,-2.985663,0.002300,0.000000,-2.665588,4.213570,-2.985663,0.002300,0.000000,nan,nan,nan,nan,nan,0.000000,0
1788899846.026056,59.895717,-2.665231,4.211298,-2.985663,-2.665588,4.213570,-2.985663,0.002300,0.000000,-2.665588,4.213570,-2.985663,0.002300,0.000000,-2.665588,4.213570,-2.985663,0.002300,0.000000,nan,nan,nan,nan,nan,0.000000,0
1788899846.076053,59.945715,-2.665231,4.211298,-2.985663,-2.665588,4.213570,-2.985663,0.002300,0.000000,-2.665588,4.213570,-2.985663,0.002300,0.000000,-2.665588,4.213570,-2.985663,0.002300,0.000000,nan,nan,nan,nan,nan,0.000000,0
1788899846.076053,59.945715,-2.665231,4.211298,-2.985663,-2.665588,4.213570,-2.985663,0.002300,0.000000,-2.665588,4.213570,-2.985663,0.002300,0.000000,-2.665588,4.213570,-2.985663,0.002300,0.000000,nan,nan,nan,nan,nan,0.000000,0
1788899846.126537,59.996198,-2.665231,4.211298,-2.985663,-2.665588,4.213570,-2.985663,0.002300,0.000000,-2.665588,4.213570,-2.985663,0.002300,0.000000,-2.665588,4.213570,-2.985663,0.002300,0.000000,nan,nan,nan,nan,nan,0.000000,0
1788899846.126537,59.996198,-2.665231,4.211298,-2.985663,-2.665588,4.213570,-2.985663,0.002300,0.000000,-2.665588,4.213570,-2.985663,0.002300,0.000000,-2.665588,4.213570,-2.985663,0.002300,0.000000,nan,nan,nan,nan,nan,0.000000,0
1788899846.177072,60.046734,-2.665215,4.211199,-2.985663,-2.665588,4.213570,-2.985663,0.002400,0.000000,-2.665588,4.213570,-2.985663,0.002400,0.000000,-2.665588,4.213570,-2.985663,0.002400,0.000000,nan,nan,nan,nan,nan,0.001979,0
1788899846.177072,60.046734,-2.665215,4.211199,-2.985663,-2.665588,4.213570,-2.985663,0.002400,0.000000,-2.665588,4.213570,-2.985663,0.002400,0.000000,-2.665588,4.213570,-2.985663,0.002400,0.000000,nan,nan,nan,nan,nan,0.001979,0
1788899846.226659,60.096321,-2.665215,4.211199,-2.985663,-2.665588,4.213570,-2.985663,0.002400,0.000000,-2.665588,4.213570,-2.985663,0.002400,0.000000,-2.665588,4.213570,-2.985663,0.002400,0.000000,nan,nan,nan,nan,nan,0.000000,0
1788899846.226659,60.096321,-2.665215,4.211199,-2.985663,-2.665588,4.213570,-2.985663,0.002400,0.000000,-2.665588,4.213570,-2.985663,0.002400,0.000000,-2.665588,4.213570,-2.985663,0.002400,0.000000,nan,nan,nan,nan,nan,0.000000,0
1788899846.276191,60.145853,-2.665215,4.211199,-2.985663,-2.665588,4.213570,-2.985663,0.002400,0.000000,-2.665588,4.213570,-2.985663,0.002400,0.000000,-2.665588,4.213570,-2.985663,0.002400,0.000000,nan,nan,nan,nan,nan,0.000000,0
1788899846.276191,60.145853,-2.665215,4.211199,-2.985663,-2.665588,4.213570,-2.985663,0.002400,0.000000,-2.665588,4.213570,-2.985663,0.002400,0.000000,-2.665588,4.213570,-2.985663,0.002400,0.000000,nan,nan,nan,nan,nan,0.000000,0
1788899846.326582,60.196244,-2.665215,4.211199,-2.985663,-2.665588,4.213570,-2.985663,0.002400,0.000000,-2.665588,4.213570,-2.985663,0.002400,0.000000,-2.665588,4.213570,-2.985663,0.002400,0.000000,nan,nan,nan,nan,nan,0.000000,0
1788899846.326582,60.196244,-2.665215,4.211199,-2.985663,-2.665588,4.213570,-2.985663,0.002400,0.000000,-2.665588,4.213570,-2.985663,0.002400,0.000000,-2.665588,4.213570,-2.985663,0.002400,0.000000,nan,nan,nan,nan,nan,0.000000,0
1788899846.376493,60.246155,-2.665215,4.211199,-2.985663,-2.665588,4.213570,-2.985663,0.002400,0.000000,-2.665588,4.213570,-2.985663,0.002400,0.000000,-2.665588,4.213570,-2.985663,0.002400,0.000000,nan,nan,nan,nan,nan,0.000000,0
1788899846.376493,60.246155,-2.665215,4.211199,-2.985663,-2.665588,4.213570,-2.985663,0.002400,0.000000,-2.665588,4.213570,-2.985663,0.002400,0.000000,-2.665588,4.213570,-2.985663,0.002400,0.000000,nan,nan,nan,nan,nan,0.000000,0
1788899846.425917,60.295579,-2.665215,4.211199,-2.985663,-2.665588,4.213570,-2.985663,0.002400,0.000000,-2.665588,4.213570,-2.985663,0.002400,0.000000,-2.665588,4.213570,-2.985663,0.002400,0.000000,nan,nan,nan,nan,nan,0.000000,0
1788899846.425917,60.295579,-2.665215,4.211199,-2.985663,-2.665588,4.213570,-2.985663,0.002400,0.000000,-2.665588,4.213570,-2.985663,0.002400,0.000000,-2.665588,4.213570,-2.985663,0.002400,0.000000,nan,nan,nan,nan,nan,0.000000,0
1788899846.476690,60.346352,-2.665215,4.211199,-2.985663,-2.665588,4.213570,-2.985663,0.002400,0.000000,-2.665588,4.213570,-2.985663,0.002400,0.000000,-2.665588,4.213570,-2.985663,0.002400,0.000000,nan,nan,nan,nan,nan,0.000000,0
1788899846.476690,60.346352,-2.665215,4.211199,-2.985663,-2.665588,4.213570,-2.985663,0.002400,0.000000,-2.665588,4.213570,-2.985663,0.002400,0.000000,-2.665588,4.213570,-2.985663,0.002400,0.000000,nan,nan,nan,nan,nan,0.000000,0
1788899846.526082,60.395743,-2.665215,4.211199,-2.985663,-2.665588,4.213570,-2.985663,0.002400,0.000000,-2.665588,4.213570,-2.985663,0.002400,0.000000,-2.665588,4.213570,-2.985663,0.002400,0.000000,nan,nan,nan,nan,nan,0.000000,0
1788899846.526082,60.395743,-2.665215,4.211199,-2.985663,-2.665588,4.213570,-2.985663,0.002400,0.000000,-2.665588,4.213570,-2.985663,0.002400,0.000000,-2.665588,4.213570,-2.985663,0.002400,0.000000,nan,nan,nan,nan,nan,0.000000,0
1788899846.576579,60.446241,-2.665215,4.211199,-2.985663,-2.665588,4.213570,-2.985663,0.002400,0.000000,-2.665588,4.213570,-2.985663,0.002400,0.000000,-2.665588,4.213570,-2.985663,0.002400,0.000000,nan,nan,nan,nan,nan,0.000000,0
1788899846.576579,60.446241,-2.665215,4.211199,-2.985663,-2.665588,4.213570,-2.985663,0.002400,0.000000,-2.665588,4.213570,-2.985663,0.002400,0.000000,-2.665588,4.213570,-2.985663,0.002400,0.000000,nan,nan,nan,nan,nan,0.000000,0
1788899846.626261,60.495923,-2.665215,4.211199,-2.985663,-2.665588,4.213570,-2.985663,0.002400,0.000000,-2.665588,4.213570,-2.985663,0.002400,0.000000,-2.665588,4.213570,-2.985663,0.002400,0.000000,nan,nan,nan,nan,nan,0.000000,0
1788899846.626261,60.495923,-2.665215,4.211199,-2.985663,-2.665588,4.213570,-2.985663,0.002400,0.000000,-2.665588,4.213570,-2.985663,0.002400,0.000000,-2.665588,4.213570,-2.985663,0.002400,0.000000,nan,nan,nan,nan,nan,0.000000,0
1788899846.676548,60.546210,-2.665215,4.211199,-2.985663,-2.665588,4.213570,-2.985663,0.002400,0.000000,-2.665588,4.213570,-2.985663,0.002400,0.000000,-2.665588,4.213570,-2.985663,0.002400,0.000000,nan,nan,nan,nan,nan,0.000000,0
1788899846.676548,60.546210,-2.665215,4.211199,-2.985663,-2.665588,4.213570,-2.985663,0.002400,0.000000,-2.665588,4.213570,-2.985663,0.002400,0.000000,-2.665588,4.213570,-2.985663,0.002400,0.000000,nan,nan,nan,nan,nan,0.000000,0
1788899846.726941,60.596603,-2.665215,4.211199,-2.985663,-2.665588,4.213570,-2.985663,0.002400,0.000000,-2.665588,4.213570,-2.985663,0.002400,0.000000,-2.665588,4.213570,-2.985663,0.002400,0.000000,nan,nan,nan,nan,nan,0.000000,0
1788899846.726941,60.596603,-2.665215,4.211199,-2.985663,-2.665588,4.213570,-2.985663,0.002400,0.000000,-2.665588,4.213570,-2.985663,0.002400,0.000000,-2.665588,4.213570,-2.985663,0.002400,0.000000,nan,nan,nan,nan,nan,0.000000,0
1788899846.777045,60.646707,-2.665215,4.211199,-2.985663,-2.665588,4.213570,-2.985663,0.002400,0.000000,-2.665588,4.213570,-2.985663,0.002400,0.000000,-2.665588,4.213570,-2.985663,0.002400,0.000000,nan,nan,nan,nan,nan,0.000000,0
1788899846.777045,60.646707,-2.665215,4.211199,-2.985663,-2.665588,4.213570,-2.985663,0.002400,0.000000,-2.665588,4.213570,-2.985663,0.002400,0.000000,-2.665588,4.213570,-2.985663,0.002400,0.000000,nan,nan,nan,nan,nan,0.000000,0
1788899846.826251,60.695912,-2.665215,4.211199,-2.985663,-2.665588,4.213570,-2.985663,0.002400,0.000000,-2.665588,4.213570,-2.985663,0.002400,0.000000,-2.665588,4.213570,-2.985663,0.002400,0.000000,nan,nan,nan,nan,nan,0.000000,0
1788899846.826251,60.695912,-2.665215,4.211199,-2.985663,-2.665588,4.213570,-2.985663,0.002400,0.000000,-2.665588,4.213570,-2.985663,0.002400,0.000000,-2.665588,4.213570,-2.985663,0.002400,0.000000,nan,nan,nan,nan,nan,0.000000,0
1788899846.875980,60.745642,-2.665215,4.211199,-2.985663,-2.665588,4.213570,-2.985663,0.002400,0.000000,-2.665588,4.213570,-2.985663,0.002400,0.000000,-2.665588,4.213570,-2.985663,0.002400,0.000000,nan,nan,nan,nan,nan,0.000000,0
1788899846.875980,60.745642,-2.665215,4.211199,-2.985663,-2.665588,4.213570,-2.985663,0.002400,0.000000,-2.665588,4.213570,-2.985663,0.002400,0.000000,-2.665588,4.213570,-2.985663,0.002400,0.000000,nan,nan,nan,nan,nan,0.000000,0
1788899846.926718,60.796380,-2.665215,4.211199,-2.985663,-2.665588,4.213570,-2.985663,0.002400,0.000000,-2.665588,4.213570,-2.985663,0.002400,0.000000,-2.665588,4.213570,-2.985663,0.002400,0.000000,nan,nan,nan,nan,nan,0.000000,0
1788899846.926718,60.796380,-2.665215,4.211199,-2.985663,-2.665588,4.213570,-2.985663,0.002400,0.000000,-2.665588,4.213570,-2.985663,0.002400,0.000000,-2.665588,4.213570,-2.985663,0.002400,0.000000,nan,nan,nan,nan,nan,0.000000,0
1788899846.976039,60.845701,-2.665215,4.211199,-2.985663,-2.665588,4.213570,-2.985663,0.002400,0.000000,-2.665588,4.213570,-2.985663,0.002400,0.000000,-2.665588,4.213570,-2.985663,0.002400,0.000000,nan,nan,nan,nan,nan,0.000000,0
1788899846.976039,60.845701,-2.665215,4.211199,-2.985663,-2.665588,4.213570,-2.985663,0.002400,0.000000,-2.665588,4.213570,-2.985663,0.002400,0.000000,-2.665588,4.213570,-2.985663,0.002400,0.000000,nan,nan,nan,nan,nan,0.000000,0
1788899847.026761,60.896423,-2.665215,4.211199,-2.985663,-2.665588,4.213570,-2.985663,0.002400,0.000000,-2.665588,4.213570,-2.985663,0.002400,0.000000,-2.665588,4.213570,-2.985663,0.002400,0.000000,nan,nan,nan,nan,nan,0.000000,0
1788899847.026761,60.896423,-2.665215,4.211199,-2.985663,-2.665588,4.213570,-2.985663,0.002400,0.000000,-2.665588,4.213570,-2.985663,0.002400,0.000000,-2.665588,4.213570,-2.985663,0.002400,0.000000,nan,nan,nan,nan,nan,0.000000,0
1788899847.076665,60.946326,-2.665215,4.211199,-2.985663,-2.665588,4.213570,-2.985663,0.002400,0.000000,-2.665588,4.213570,-2.985663,0.002400,0.000000,-2.665588,4.213570,-2.985663,0.002400,0.000000,nan,nan,nan,nan,nan,0.000000,0
1788899847.076665,60.946326,-2.665215,4.211199,-2.985663,-2.665588,4.213570,-2.985663,0.002400,0.000000,-2.665588,4.213570,-2.985663,0.002400,0.000000,-2.665588,4.213570,-2.985663,0.002400,0.000000,nan,nan,nan,nan,nan,0.000000,0
1788899847.126488,60.996150,-2.665215,4.211199,-2.985663,-2.665588,4.213570,-2.985663,0.002400,0.000000,-2.665588,4.213570,-2.985663,0.002400,0.000000,-2.665588,4.213570,-2.985663,0.002400,0.000000,nan,nan,nan,nan,nan,0.000000,0
1788899847.126488,60.996150,-2.665215,4.211199,-2.985663,-2.665588,4.213570,-2.985663,0.002400,0.000000,-2.665588,4.213570,-2.985663,0.002400,0.000000,-2.665588,4.213570,-2.985663,0.002400,0.000000,nan,nan,nan,nan,nan,0.000000,0
1788899847.176896,61.046558,-2.665215,4.211199,-2.985663,-2.665588,4.213570,-2.985663,0.002400,0.000000,-2.665588,4.213570,-2.985663,0.002400,0.000000,-2.665588,4.213570,-2.985663,0.002400,0.000000,nan,nan,nan,nan,nan,0.000000,0
1788899847.176896,61.046558,-2.665215,4.211199,-2.985663,-2.665588,4.213570,-2.985663,0.002400,0.000000,-2.665588,4.213570,-2.985663,0.002400,0.000000,-2.665588,4.213570,-2.985663,0.002400,0.000000,nan,nan,nan,nan,nan,0.000000,0
1788899847.226120,61.095782,-2.665215,4.211199,-2.985663,-2.665588,4.213570,-2.985663,0.002400,0.000000,-2.665588,4.213570,-2.985663,0.002400,0.000000,-2.665588,4.213570,-2.985663,0.002400,0.000000,nan,nan,nan,nan,nan,0.000000,0
1788899847.226120,61.095782,-2.665215,4.211199,-2.985663,-2.665588,4.213570,-2.985663,0.002400,0.000000,-2.665588,4.213570,-2.985663,0.002400,0.000000,-2.665588,4.213570,-2.985663,0.002400,0.000000,nan,nan,nan,nan,nan,0.000000,0
1788899847.276096,61.145758,-2.665215,4.211199,-2.985663,-2.665588,4.213570,-2.985663,0.002400,0.000000,-2.665588,4.213570,-2.985663,0.002400,0.000000,-2.665588,4.213570,-2.985663,0.002400,0.000000,nan,nan,nan,nan,nan,0.000000,0
1788899847.276096,61.145758,-2.665215,4.211199,-2.985663,-2.665588,4.213570,-2.985663,0.002400,0.000000,-2.665588,4.213570,-2.985663,0.002400,0.000000,-2.665588,4.213570,-2.985663,0.002400,0.000000,nan,nan,nan,nan,nan,0.000000,0
1788899847.326689,61.196350,-2.665215,4.211199,-2.985663,-2.665588,4.213570,-2.985663,0.002400,0.000000,-2.665588,4.213570,-2.985663,0.002400,0.000000,-2.665588,4.213570,-2.985663,0.002400,0.000000,nan,nan,nan,nan,nan,0.000000,0
1788899847.326689,61.196350,-2.665215,4.211199,-2.985663,-2.665588,4.213570,-2.985663,0.002400,0.000000,-2.665588,4.213570,-2.985663,0.002400,0.000000,-2.665588,4.213570,-2.985663,0.002400,0.000000,nan,nan,nan,nan,nan,0.000000,0
1788899847.376013,61.245675,-2.665215,4.211199,-2.985663,-2.665588,4.213570,-2.985663,0.002400,0.000000,-2.665588,4.213570,-2.985663,0.002400,0.000000,-2.665588,4.213570,-2.985663,0.002400,0.000000,nan,nan,nan,nan,nan,0.000000,0
1788899847.376013,61.245675,-2.665215,4.211199,-2.985663,-2.665588,4.213570,-2.985663,0.002400,0.000000,-2.665588,4.213570,-2.985663,0.002400,0.000000,-2.665588,4.213570,-2.985663,0.002400,0.000000,nan,nan,nan,nan,nan,0.000000,0
1788899847.426948,61.296610,-2.665215,4.211199,-2.985663,-2.665588,4.213570,-2.985663,0.002400,0.000000,-2.665588,4.213570,-2.985663,0.002400,0.000000,-2.665588,4.213570,-2.985663,0.002400,0.000000,nan,nan,nan,nan,nan,0.000000,0
1788899847.426948,61.296610,-2.665215,4.211199,-2.985663,-2.665588,4.213570,-2.985663,0.002400,0.000000,-2.665588,4.213570,-2.985663,0.002400,0.000000,-2.665588,4.213570,-2.985663,0.002400,0.000000,nan,nan,nan,nan,nan,0.000000,0
1788899847.477590,61.347251,-2.665215,4.211199,-2.985663,-2.665588,4.213570,-2.985663,0.002400,0.000000,-2.665588,4.213570,-2.985663,0.002400,0.000000,-2.665588,4.213570,-2.985663,0.002400,0.000000,nan,nan,nan,nan,nan,0.000000,0
1788899847.477590,61.347251,-2.665215,4.211199,-2.985663,-2.665588,4.213570,-2.985663,0.002400,0.000000,-2.665588,4.213570,-2.985663,0.002400,0.000000,-2.665588,4.213570,-2.985663,0.002400,0.000000,nan,nan,nan,nan,nan,0.000000,0
1788899847.526356,61.396018,-2.665215,4.211199,-2.985663,-2.665588,4.213570,-2.985663,0.002400,0.000000,-2.665588,4.213570,-2.985663,0.002400,0.000000,-2.665588,4.213570,-2.985663,0.002400,0.000000,nan,nan,nan,nan,nan,0.000000,0
1788899847.526356,61.396018,-2.665215,4.211199,-2.985663,-2.665588,4.213570,-2.985663,0.002400,0.000000,-2.665588,4.213570,-2.985663,0.002400,0.000000,-2.665588,4.213570,-2.985663,0.002400,0.000000,nan,nan,nan,nan,nan,0.000000,0
1788899847.576452,61.446114,-2.665215,4.211199,-2.985663,-2.665588,4.213570,-2.985663,0.002400,0.000000,-2.665588,4.213570,-2.985663,0.002400,0.000000,-2.665588,4.213570,-2.985663,0.002400,0.000000,nan,nan,nan,nan,nan,0.000000,0
1788899847.576452,61.446114,-2.665215,4.211199,-2.985663,-2.665588,4.213570,-2.985663,0.002400,0.000000,-2.665588,4.213570,-2.985663,0.002400,0.000000,-2.665588,4.213570,-2.985663,0.002400,0.000000,nan,nan,nan,nan,nan,0.000000,0
1788899847.626643,61.496305,-2.665215,4.211199,-2.985663,-2.665588,4.213570,-2.985663,0.002400,0.000000,-2.665588,4.213570,-2.985663,0.002400,0.000000,-2.665588,4.213570,-2.985663,0.002400,0.000000,nan,nan,nan,nan,nan,0.000000,0
1788899847.626643,61.496305,-2.665215,4.211199,-2.985663,-2.665588,4.213570,-2.985663,0.002400,0.000000,-2.665588,4.213570,-2.985663,0.002400,0.000000,-2.665588,4.213570,-2.985663,0.002400,0.000000,nan,nan,nan,nan,nan,0.000000,0
1788899847.676771,61.546433,-2.665215,4.211199,-2.985663,-2.665588,4.213570,-2.985663,0.002400,0.000000,-2.665588,4.213570,-2.985663,0.002400,0.000000,-2.665588,4.213570,-2.985663,0.002400,0.000000,nan,nan,nan,nan,nan,0.000000,0
1788899847.676771,61.546433,-2.665215,4.211199,-2.985663,-2.665588,4.213570,-2.985663,0.002400,0.000000,-2.665588,4.213570,-2.985663,0.002400,0.000000,-2.665588,4.213570,-2.985663,0.002400,0.000000,nan,nan,nan,nan,nan,0.000000,0
1788899847.727118,61.596780,-2.665215,4.211199,-2.985663,-2.665588,4.213570,-2.985663,0.002400,0.000000,-2.665588,4.213570,-2.985663,0.002400,0.000000,-2.665588,4.213570,-2.985663,0.002400,0.000000,nan,nan,nan,nan,nan,0.000000,0
1788899847.727118,61.596780,-2.665215,4.211199,-2.985663,-2.665588,4.213570,-2.985663,0.002400,0.000000,-2.665588,4.213570,-2.985663,0.002400,0.000000,-2.665588,4.213570,-2.985663,0.002400,0.000000,nan,nan,nan,nan,nan,0.000000,0
1788899847.777174,61.646836,-2.665215,4.211199,-2.985663,-2.665588,4.213570,-2.985663,0.002400,0.000000,-2.665588,4.213570,-2.985663,0.002400,0.000000,-2.665588,4.213570,-2.985663,0.002400,0.000000,nan,nan,nan,nan,nan,0.000000,0
1788899847.777174,61.646836,-2.665215,4.211199,-2.985663,-2.665588,4.213570,-2.985663,0.002400,0.000000,-2.665588,4.213570,-2.985663,0.002400,0.000000,-2.665588,4.213570,-2.985663,0.002400,0.000000,nan,nan,nan,nan,nan,0.000000,0
1788899847.826940,61.696602,-2.665215,4.211199,-2.985663,-2.665588,4.213570,-2.985663,0.002400,0.000000,-2.665588,4.213570,-2.985663,0.002400,0.000000,-2.665588,4.213570,-2.985663,0.002400,0.000000,nan,nan,nan,nan,nan,0.000000,0
1788899847.826940,61.696602,-2.665215,4.211199,-2.985663,-2.665588,4.213570,-2.985663,0.002400,0.000000,-2.665588,4.213570,-2.985663,0.002400,0.000000,-2.665588,4.213570,-2.985663,0.002400,0.000000,nan,nan,nan,nan,nan,0.000000,0
1788899847.876574,61.746236,-2.665215,4.211199,-2.985663,-2.665588,4.213570,-2.985663,0.002400,0.000000,-2.665588,4.213570,-2.985663,0.002400,0.000000,-2.665588,4.213570,-2.985663,0.002400,0.000000,nan,nan,nan,nan,nan,0.000000,0
1788899847.876574,61.746236,-2.665215,4.211199,-2.985663,-2.665588,4.213570,-2.985663,0.002400,0.000000,-2.665588,4.213570,-2.985663,0.002400,0.000000,-2.665588,4.213570,-2.985663,0.002400,0.000000,nan,nan,nan,nan,nan,0.000000,0
1788899847.926758,61.796420,-2.665215,4.211199,-2.985663,-2.665588,4.213570,-2.985663,0.002400,0.000000,-2.665588,4.213570,-2.985663,0.002400,0.000000,-2.665588,4.213570,-2.985663,0.002400,0.000000,nan,nan,nan,nan,nan,0.000000,0
1788899847.926758,61.796420,-2.665215,4.211199,-2.985663,-2.665588,4.213570,-2.985663,0.002400,0.000000,-2.665588,4.213570,-2.985663,0.002400,0.000000,-2.665588,4.213570,-2.985663,0.002400,0.000000,nan,nan,nan,nan,nan,0.000000,0
1788899847.976144,61.845806,-2.665215,4.211199,-2.985663,-2.665588,4.213570,-2.985663,0.002400,0.000000,-2.665588,4.213570,-2.985663,0.002400,0.000000,-2.665588,4.213570,-2.985663,0.002400,0.000000,nan,nan,nan,nan,nan,0.000000,0
1788899847.976144,61.845806,-2.665215,4.211199,-2.985663,-2.665588,4.213570,-2.985663,0.002400,0.000000,-2.665588,4.213570,-2.985663,0.002400,0.000000,-2.665588,4.213570,-2.985663,0.002400,0.000000,nan,nan,nan,nan,nan,0.000000,0
1788899848.026799,61.896461,-2.665215,4.211199,-2.985663,-2.665588,4.213570,-2.985663,0.002400,0.000000,-2.665588,4.213570,-2.985663,0.002400,0.000000,-2.665588,4.213570,-2.985663,0.002400,0.000000,nan,nan,nan,nan,nan,0.000000,0
1788899848.026799,61.896461,-2.665215,4.211199,-2.985663,-2.665588,4.213570,-2.985663,0.002400,0.000000,-2.665588,4.213570,-2.985663,0.002400,0.000000,-2.665588,4.213570,-2.985663,0.002400,0.000000,nan,nan,nan,nan,nan,0.000000,0
1788899848.076811,61.946472,-2.665215,4.211199,-2.985663,-2.665588,4.213570,-2.985663,0.002400,0.000000,-2.665588,4.213570,-2.985663,0.002400,0.000000,-2.665588,4.213570,-2.985663,0.002400,0.000000,nan,nan,nan,nan,nan,0.000000,0
1788899848.076811,61.946472,-2.665215,4.211199,-2.985663,-2.665588,4.213570,-2.985663,0.002400,0.000000,-2.665588,4.213570,-2.985663,0.002400,0.000000,-2.665588,4.213570,-2.985663,0.002400,0.000000,nan,nan,nan,nan,nan,0.000000,0
1788899848.125913,61.995575,-2.665215,4.211199,-2.985663,-2.665588,4.213570,-2.985663,0.002400,0.000000,-2.665588,4.213570,-2.985663,0.002400,0.000000,-2.665588,4.213570,-2.985663,0.002400,0.000000,nan,nan,nan,nan,nan,0.000000,0
1788899848.125913,61.995575,-2.665215,4.211199,-2.985663,-2.665588,4.213570,-2.985663,0.002400,0.000000,-2.665588,4.213570,-2.985663,0.002400,0.000000,-2.665588,4.213570,-2.985663,0.002400,0.000000,nan,nan,nan,nan,nan,0.000000,0
1788899848.176900,62.046561,-2.665215,4.211199,-2.985663,-2.665588,4.213570,-2.985663,0.002400,0.000000,-2.665588,4.213570,-2.985663,0.002400,0.000000,-2.665588,4.213570,-2.985663,0.002400,0.000000,nan,nan,nan,nan,nan,0.000000,0
1788899848.176900,62.046561,-2.665215,4.211199,-2.985663,-2.665588,4.213570,-2.985663,0.002400,0.000000,-2.665588,4.213570,-2.985663,0.002400,0.000000,-2.665588,4.213570,-2.985663,0.002400,0.000000,nan,nan,nan,nan,nan,0.000000,0
1788899848.226518,62.096180,-2.665215,4.211199,-2.985663,-2.665588,4.213570,-2.985663,0.002400,0.000000,-2.665588,4.213570,-2.985663,0.002400,0.000000,-2.665588,4.213570,-2.985663,0.002400,0.000000,nan,nan,nan,nan,nan,0.000000,0
1788899848.226518,62.096180,-2.665215,4.211199,-2.985663,-2.665588,4.213570,-2.985663,0.002400,0.000000,-2.665588,4.213570,-2.985663,0.002400,0.000000,-2.665588,4.213570,-2.985663,0.002400,0.000000,nan,nan,nan,nan,nan,0.000000,0
1788899848.276741,62.146403,-2.665215,4.211199,-2.985663,-2.665588,4.213570,-2.985663,0.002400,0.000000,-2.665588,4.213570,-2.985663,0.002400,0.000000,-2.665588,4.213570,-2.985663,0.002400,0.000000,nan,nan,nan,nan,nan,0.000000,0
1788899848.276741,62.146403,-2.665215,4.211199,-2.985663,-2.665588,4.213570,-2.985663,0.002400,0.000000,-2.665588,4.213570,-2.985663,0.002400,0.000000,-2.665588,4.213570,-2.985663,0.002400,0.000000,nan,nan,nan,nan,nan,0.000000,0
1788899848.326044,62.195706,-2.665215,4.211199,-2.985663,-2.665588,4.213570,-2.985663,0.002400,0.000000,-2.665588,4.213570,-2.985663,0.002400,0.000000,-2.665588,4.213570,-2.985663,0.002400,0.000000,nan,nan,nan,nan,nan,0.000000,0
1788899848.326044,62.195706,-2.665215,4.211199,-2.985663,-2.665588,4.213570,-2.985663,0.002400,0.000000,-2.665588,4.213570,-2.985663,0.002400,0.000000,-2.665588,4.213570,-2.985663,0.002400,0.000000,nan,nan,nan,nan,nan,0.000000,0
1788899848.376848,62.246510,-2.665215,4.211199,-2.985663,-2.665588,4.213570,-2.985663,0.002400,0.000000,-2.665588,4.213570,-2.985663,0.002400,0.000000,-2.665588,4.213570,-2.985663,0.002400,0.000000,nan,nan,nan,nan,nan,0.000000,0
1788899848.376848,62.246510,-2.665215,4.211199,-2.985663,-2.665588,4.213570,-2.985663,0.002400,0.000000,-2.665588,4.213570,-2.985663,0.002400,0.000000,-2.665588,4.213570,-2.985663,0.002400,0.000000,nan,nan,nan,nan,nan,0.000000,0
1788899848.426566,62.296228,-2.665215,4.211199,-2.985663,-2.665588,4.213570,-2.985663,0.002400,0.000000,-2.665588,4.213570,-2.985663,0.002400,0.000000,-2.665588,4.213570,-2.985663,0.002400,0.000000,nan,nan,nan,nan,nan,0.000000,0
1788899848.426566,62.296228,-2.665215,4.211199,-2.985663,-2.665588,4.213570,-2.985663,0.002400,0.000000,-2.665588,4.213570,-2.985663,0.002400,0.000000,-2.665588,4.213570,-2.985663,0.002400,0.000000,nan,nan,nan,nan,nan,0.000000,0
1788899848.476905,62.346567,-2.665215,4.211199,-2.985663,-2.665588,4.213570,-2.985663,0.002400,0.000000,-2.665588,4.213570,-2.985663,0.002400,0.000000,-2.665588,4.213570,-2.985663,0.002400,0.000000,nan,nan,nan,nan,nan,0.000000,0
1788899848.476905,62.346567,-2.665215,4.211199,-2.985663,-2.665588,4.213570,-2.985663,0.002400,0.000000,-2.665588,4.213570,-2.985663,0.002400,0.000000,-2.665588,4.213570,-2.985663,0.002400,0.000000,nan,nan,nan,nan,nan,0.000000,0
1788899848.526641,62.396302,-2.665215,4.211199,-2.985663,-2.665588,4.213570,-2.985663,0.002400,0.000000,-2.665588,4.213570,-2.985663,0.002400,0.000000,-2.665588,4.213570,-2.985663,0.002400,0.000000,nan,nan,nan,nan,nan,0.000000,0
1788899848.526641,62.396302,-2.665215,4.211199,-2.985663,-2.665588,4.213570,-2.985663,0.002400,0.000000,-2.665588,4.213570,-2.985663,0.002400,0.000000,-2.665588,4.213570,-2.985663,0.002400,0.000000,nan,nan,nan,nan,nan,0.000000,0
1788899848.576580,62.446242,-2.665215,4.211199,-2.985663,-2.665588,4.213570,-2.985663,0.002400,0.000000,-2.665588,4.213570,-2.985663,0.002400,0.000000,-2.665588,4.213570,-2.985663,0.002400,0.000000,nan,nan,nan,nan,nan,0.000000,0
1788899848.576580,62.446242,-2.665215,4.211199,-2.985663,-2.665588,4.213570,-2.985663,0.002400,0.000000,-2.665588,4.213570,-2.985663,0.002400,0.000000,-2.665588,4.213570,-2.985663,0.002400,0.000000,nan,nan,nan,nan,nan,0.000000,0
1788899848.625939,62.495600,-2.665215,4.211199,-2.985663,-2.665588,4.213570,-2.985663,0.002400,0.000000,-2.665588,4.213570,-2.985663,0.002400,0.000000,-2.665588,4.213570,-2.985663,0.002400,0.000000,nan,nan,nan,nan,nan,0.000000,0
1788899848.625939,62.495600,-2.665215,4.211199,-2.985663,-2.665588,4.213570,-2.985663,0.002400,0.000000,-2.665588,4.213570,-2.985663,0.002400,0.000000,-2.665588,4.213570,-2.985663,0.002400,0.000000,nan,nan,nan,nan,nan,0.000000,0
1788899848.676956,62.546618,-2.665215,4.211199,-2.985663,-2.665588,4.213570,-2.985663,0.002400,0.000000,-2.665588,4.213570,-2.985663,0.002400,0.000000,-2.665588,4.213570,-2.985663,0.002400,0.000000,nan,nan,nan,nan,nan,0.000000,0
1788899848.676956,62.546618,-2.665215,4.211199,-2.985663,-2.665588,4.213570,-2.985663,0.002400,0.000000,-2.665588,4.213570,-2.985663,0.002400,0.000000,-2.665588,4.213570,-2.985663,0.002400,0.000000,nan,nan,nan,nan,nan,0.000000,0
1788899848.726412,62.596073,-2.665215,4.211199,-2.985663,-2.665588,4.213570,-2.985663,0.002400,0.000000,-2.665588,4.213570,-2.985663,0.002400,0.000000,-2.665588,4.213570,-2.985663,0.002400,0.000000,nan,nan,nan,nan,nan,0.000000,0
1788899848.726412,62.596073,-2.665215,4.211199,-2.985663,-2.665588,4.213570,-2.985663,0.002400,0.000000,-2.665588,4.213570,-2.985663,0.002400,0.000000,-2.665588,4.213570,-2.985663,0.002400,0.000000,nan,nan,nan,nan,nan,0.000000,0
1788899848.776573,62.646235,-2.665215,4.211199,-2.985663,-2.665588,4.213570,-2.985663,0.002400,0.000000,-2.665588,4.213570,-2.985663,0.002400,0.000000,-2.665588,4.213570,-2.985663,0.002400,0.000000,nan,nan,nan,nan,nan,0.000000,0
1788899848.776573,62.646235,-2.665215,4.211199,-2.985663,-2.665588,4.213570,-2.985663,0.002400,0.000000,-2.665588,4.213570,-2.985663,0.002400,0.000000,-2.665588,4.213570,-2.985663,0.002400,0.000000,nan,nan,nan,nan,nan,0.000000,0
1788899848.826702,62.696364,-2.665215,4.211199,-2.985663,-2.665588,4.213570,-2.985663,0.002400,0.000000,-2.665588,4.213570,-2.985663,0.002400,0.000000,-2.665588,4.213570,-2.985663,0.002400,0.000000,nan,nan,nan,nan,nan,0.000000,0
1788899848.826702,62.696364,-2.665215,4.211199,-2.985663,-2.665588,4.213570,-2.985663,0.002400,0.000000,-2.665588,4.213570,-2.985663,0.002400,0.000000,-2.665588,4.213570,-2.985663,0.002400,0.000000,nan,nan,nan,nan,nan,0.000000,0
1788899848.876654,62.746316,-2.665200,4.211100,-2.985663,-2.665588,4.213570,-2.985663,0.002500,0.000000,-2.665588,4.213570,-2.985663,0.002500,0.000000,-2.665588,4.213570,-2.985663,0.002500,0.000000,nan,nan,nan,nan,nan,0.002002,0
1788899848.876654,62.746316,-2.665200,4.211100,-2.985663,-2.665588,4.213570,-2.985663,0.002500,0.000000,-2.665588,4.213570,-2.985663,0.002500,0.000000,-2.665588,4.213570,-2.985663,0.002500,0.000000,nan,nan,nan,nan,nan,0.002002,0
1788899848.926636,62.796298,-2.665200,4.211100,-2.985663,-2.665588,4.213570,-2.985663,0.002500,0.000000,-2.665588,4.213570,-2.985663,0.002500,0.000000,-2.665588,4.213570,-2.985663,0.002500,0.000000,nan,nan,nan,nan,nan,0.000000,0
1788899848.926636,62.796298,-2.665200,4.211100,-2.985663,-2.665588,4.213570,-2.985663,0.002500,0.000000,-2.665588,4.213570,-2.985663,0.002500,0.000000,-2.665588,4.213570,-2.985663,0.002500,0.000000,nan,nan,nan,nan,nan,0.000000,0
1788899848.976775,62.846437,-2.665200,4.211100,-2.985663,-2.665588,4.213570,-2.985663,0.002500,0.000000,-2.665588,4.213570,-2.985663,0.002500,0.000000,-2.665588,4.213570,-2.985663,0.002500,0.000000,nan,nan,nan,nan,nan,0.000000,0
1788899848.976775,62.846437,-2.665200,4.211100,-2.985663,-2.665588,4.213570,-2.985663,0.002500,0.000000,-2.665588,4.213570,-2.985663,0.002500,0.000000,-2.665588,4.213570,-2.985663,0.002500,0.000000,nan,nan,nan,nan,nan,0.000000,0
1788899849.026500,62.896161,-2.665200,4.211100,-2.985663,-2.665588,4.213570,-2.985663,0.002500,0.000000,-2.665588,4.213570,-2.985663,0.002500,0.000000,-2.665588,4.213570,-2.985663,0.002500,0.000000,nan,nan,nan,nan,nan,0.000000,0
1788899849.026500,62.896161,-2.665200,4.211100,-2.985663,-2.665588,4.213570,-2.985663,0.002500,0.000000,-2.665588,4.213570,-2.985663,0.002500,0.000000,-2.665588,4.213570,-2.985663,0.002500,0.000000,nan,nan,nan,nan,nan,0.000000,0
1788899849.076218,62.945880,-2.665200,4.211100,-2.985663,-2.665588,4.213570,-2.985663,0.002500,0.000000,-2.665588,4.213570,-2.985663,0.002500,0.000000,-2.665588,4.213570,-2.985663,0.002500,0.000000,nan,nan,nan,nan,nan,0.000000,0
1788899849.076218,62.945880,-2.665200,4.211100,-2.985663,-2.665588,4.213570,-2.985663,0.002500,0.000000,-2.665588,4.213570,-2.985663,0.002500,0.000000,-2.665588,4.213570,-2.985663,0.002500,0.000000,nan,nan,nan,nan,nan,0.000000,0
1788899849.127110,62.996772,-2.665200,4.211100,-2.985663,-2.665588,4.213570,-2.985663,0.002500,0.000000,-2.665588,4.213570,-2.985663,0.002500,0.000000,-2.665588,4.213570,-2.985663,0.002500,0.000000,nan,nan,nan,nan,nan,0.000000,0
1788899849.127110,62.996772,-2.665200,4.211100,-2.985663,-2.665588,4.213570,-2.985663,0.002500,0.000000,-2.665588,4.213570,-2.985663,0.002500,0.000000,-2.665588,4.213570,-2.985663,0.002500,0.000000,nan,nan,nan,nan,nan,0.000000,0
1788899849.176395,63.046057,-2.665200,4.211100,-2.985663,-2.665588,4.213570,-2.985663,0.002500,0.000000,-2.665588,4.213570,-2.985663,0.002500,0.000000,-2.665588,4.213570,-2.985663,0.002500,0.000000,nan,nan,nan,nan,nan,0.000000,0
1788899849.176395,63.046057,-2.665200,4.211100,-2.985663,-2.665588,4.213570,-2.985663,0.002500,0.000000,-2.665588,4.213570,-2.985663,0.002500,0.000000,-2.665588,4.213570,-2.985663,0.002500,0.000000,nan,nan,nan,nan,nan,0.000000,0
1788899849.226918,63.096580,-2.665200,4.211100,-2.985663,-2.665588,4.213570,-2.985663,0.002500,0.000000,-2.665588,4.213570,-2.985663,0.002500,0.000000,-2.665588,4.213570,-2.985663,0.002500,0.000000,nan,nan,nan,nan,nan,0.000000,0
1788899849.226918,63.096580,-2.665200,4.211100,-2.985663,-2.665588,4.213570,-2.985663,0.002500,0.000000,-2.665588,4.213570,-2.985663,0.002500,0.000000,-2.665588,4.213570,-2.985663,0.002500,0.000000,nan,nan,nan,nan,nan,0.000000,0
1788899849.276900,63.146561,-2.665200,4.211100,-2.985663,-2.665588,4.213570,-2.985663,0.002500,0.000000,-2.665588,4.213570,-2.985663,0.002500,0.000000,-2.665588,4.213570,-2.985663,0.002500,0.000000,nan,nan,nan,nan,nan,0.000000,0
1788899849.276900,63.146561,-2.665200,4.211100,-2.985663,-2.665588,4.213570,-2.985663,0.002500,0.000000,-2.665588,4.213570,-2.985663,0.002500,0.000000,-2.665588,4.213570,-2.985663,0.002500,0.000000,nan,nan,nan,nan,nan,0.000000,0
1788899849.327704,63.197366,-2.665200,4.211100,-2.985663,-2.665588,4.213570,-2.985663,0.002500,0.000000,-2.665588,4.213570,-2.985663,0.002500,0.000000,-2.665588,4.213570,-2.985663,0.002500,0.000000,nan,nan,nan,nan,nan,0.000000,0
1788899849.327704,63.197366,-2.665200,4.211100,-2.985663,-2.665588,4.213570,-2.985663,0.002500,0.000000,-2.665588,4.213570,-2.985663,0.002500,0.000000,-2.665588,4.213570,-2.985663,0.002500,0.000000,nan,nan,nan,nan,nan,0.000000,0
1788899849.375898,63.245560,-2.665200,4.211100,-2.985663,-2.665588,4.213570,-2.985663,0.002500,0.000000,-2.665588,4.213570,-2.985663,0.002500,0.000000,-2.665588,4.213570,-2.985663,0.002500,0.000000,nan,nan,nan,nan,nan,0.000000,0
1788899849.375898,63.245560,-2.665200,4.211100,-2.985663,-2.665588,4.213570,-2.985663,0.002500,0.000000,-2.665588,4.213570,-2.985663,0.002500,0.000000,-2.665588,4.213570,-2.985663,0.002500,0.000000,nan,nan,nan,nan,nan,0.000000,0
1788899849.426565,63.296227,-2.665200,4.211100,-2.985663,-2.665588,4.213570,-2.985663,0.002500,0.000000,-2.665588,4.213570,-2.985663,0.002500,0.000000,-2.665588,4.213570,-2.985663,0.002500,0.000000,nan,nan,nan,nan,nan,0.000000,0
1788899849.426565,63.296227,-2.665200,4.211100,-2.985663,-2.665588,4.213570,-2.985663,0.002500,0.000000,-2.665588,4.213570,-2.985663,0.002500,0.000000,-2.665588,4.213570,-2.985663,0.002500,0.000000,nan,nan,nan,nan,nan,0.000000,0
1788899849.476497,63.346159,-2.665200,4.211100,-2.985663,-2.665588,4.213570,-2.985663,0.002500,0.000000,-2.665588,4.213570,-2.985663,0.002500,0.000000,-2.665588,4.213570,-2.985663,0.002500,0.000000,nan,nan,nan,nan,nan,0.000000,0
1788899849.476497,63.346159,-2.665200,4.211100,-2.985663,-2.665588,4.213570,-2.985663,0.002500,0.000000,-2.665588,4.213570,-2.985663,0.002500,0.000000,-2.665588,4.213570,-2.985663,0.002500,0.000000,nan,nan,nan,nan,nan,0.000000,0
1788899849.526403,63.396065,-2.665200,4.211100,-2.985663,-2.665588,4.213570,-2.985663,0.002500,0.000000,-2.665588,4.213570,-2.985663,0.002500,0.000000,-2.665588,4.213570,-2.985663,0.002500,0.000000,nan,nan,nan,nan,nan,0.000000,0
1788899849.526403,63.396065,-2.665200,4.211100,-2.985663,-2.665588,4.213570,-2.985663,0.002500,0.000000,-2.665588,4.213570,-2.985663,0.002500,0.000000,-2.665588,4.213570,-2.985663,0.002500,0.000000,nan,nan,nan,nan,nan,0.000000,0
1788899849.576118,63.445780,-2.665200,4.211100,-2.985663,-2.665588,4.213570,-2.985663,0.002500,0.000000,-2.665588,4.213570,-2.985663,0.002500,0.000000,-2.665588,4.213570,-2.985663,0.002500,0.000000,nan,nan,nan,nan,nan,0.000000,0
1788899849.576118,63.445780,-2.665200,4.211100,-2.985663,-2.665588,4.213570,-2.985663,0.002500,0.000000,-2.665588,4.213570,-2.985663,0.002500,0.000000,-2.665588,4.213570,-2.985663,0.002500,0.000000,nan,nan,nan,nan,nan,0.000000,0
1788899849.626888,63.496550,-2.665200,4.211100,-2.985663,-2.665588,4.213570,-2.985663,0.002500,0.000000,-2.665588,4.213570,-2.985663,0.002500,0.000000,-2.665588,4.213570,-2.985663,0.002500,0.000000,nan,nan,nan,nan,nan,0.000000,0
1788899849.626888,63.496550,-2.665200,4.211100,-2.985663,-2.665588,4.213570,-2.985663,0.002500,0.000000,-2.665588,4.213570,-2.985663,0.002500,0.000000,-2.665588,4.213570,-2.985663,0.002500,0.000000,nan,nan,nan,nan,nan,0.000000,0
1788899849.676588,63.546250,-2.665200,4.211100,-2.985663,-2.665588,4.213570,-2.985663,0.002500,0.000000,-2.665588,4.213570,-2.985663,0.002500,0.000000,-2.665588,4.213570,-2.985663,0.002500,0.000000,nan,nan,nan,nan,nan,0.000000,0
1788899849.676588,63.546250,-2.665200,4.211100,-2.985663,-2.665588,4.213570,-2.985663,0.002500,0.000000,-2.665588,4.213570,-2.985663,0.002500,0.000000,-2.665588,4.213570,-2.985663,0.002500,0.000000,nan,nan,nan,nan,nan,0.000000,0
1788899849.726157,63.595819,-2.665200,4.211100,-2.985663,-2.665588,4.213570,-2.985663,0.002500,0.000000,-2.665588,4.213570,-2.985663,0.002500,0.000000,-2.665588,4.213570,-2.985663,0.002500,0.000000,nan,nan,nan,nan,nan,0.000000,0
1788899849.726157,63.595819,-2.665200,4.211100,-2.985663,-2.665588,4.213570,-2.985663,0.002500,0.000000,-2.665588,4.213570,-2.985663,0.002500,0.000000,-2.665588,4.213570,-2.985663,0.002500,0.000000,nan,nan,nan,nan,nan,0.000000,0
1788899849.776238,63.645900,-2.665200,4.211100,-2.985663,-2.665588,4.213570,-2.985663,0.002500,0.000000,-2.665588,4.213570,-2.985663,0.002500,0.000000,-2.665588,4.213570,-2.985663,0.002500,0.000000,nan,nan,nan,nan,nan,0.000000,0
1788899849.776238,63.645900,-2.665200,4.211100,-2.985663,-2.665588,4.213570,-2.985663,0.002500,0.000000,-2.665588,4.213570,-2.985663,0.002500,0.000000,-2.665588,4.213570,-2.985663,0.002500,0.000000,nan,nan,nan,nan,nan,0.000000,0
1788899849.825967,63.695629,-2.665200,4.211100,-2.985663,-2.665588,4.213570,-2.985663,0.002500,0.000000,-2.665588,4.213570,-2.985663,0.002500,0.000000,-2.665588,4.213570,-2.985663,0.002500,0.000000,nan,nan,nan,nan,nan,0.000000,0
1788899849.825967,63.695629,-2.665200,4.211100,-2.985663,-2.665588,4.213570,-2.985663,0.002500,0.000000,-2.665588,4.213570,-2.985663,0.002500,0.000000,-2.665588,4.213570,-2.985663,0.002500,0.000000,nan,nan,nan,nan,nan,0.000000,0
1788899849.875970,63.745632,-2.665200,4.211100,-2.985663,-2.665588,4.213570,-2.985663,0.002500,0.000000,-2.665588,4.213570,-2.985663,0.002500,0.000000,-2.665588,4.213570,-2.985663,0.002500,0.000000,nan,nan,nan,nan,nan,0.000000,0
1788899849.875970,63.745632,-2.665200,4.211100,-2.985663,-2.665588,4.213570,-2.985663,0.002500,0.000000,-2.665588,4.213570,-2.985663,0.002500,0.000000,-2.665588,4.213570,-2.985663,0.002500,0.000000,nan,nan,nan,nan,nan,0.000000,0
1788899849.925996,63.795657,-2.665200,4.211100,-2.985663,-2.665588,4.213570,-2.985663,0.002500,0.000000,-2.665588,4.213570,-2.985663,0.002500,0.000000,-2.665588,4.213570,-2.985663,0.002500,0.000000,nan,nan,nan,nan,nan,0.000000,0
1788899849.925996,63.795657,-2.665200,4.211100,-2.985663,-2.665588,4.213570,-2.985663,0.002500,0.000000,-2.665588,4.213570,-2.985663,0.002500,0.000000,-2.665588,4.213570,-2.985663,0.002500,0.000000,nan,nan,nan,nan,nan,0.000000,0
1788899849.975964,63.845625,-2.665200,4.211100,-2.985663,-2.665588,4.213570,-2.985663,0.002500,0.000000,-2.665588,4.213570,-2.985663,0.002500,0.000000,-2.665588,4.213570,-2.985663,0.002500,0.000000,nan,nan,nan,nan,nan,0.000000,0
1788899849.975964,63.845625,-2.665200,4.211100,-2.985663,-2.665588,4.213570,-2.985663,0.002500,0.000000,-2.665588,4.213570,-2.985663,0.002500,0.000000,-2.665588,4.213570,-2.985663,0.002500,0.000000,nan,nan,nan,nan,nan,0.000000,0
1788899850.026046,63.895708,-2.665200,4.211100,-2.985663,-2.665588,4.213570,-2.985663,0.002500,0.000000,-2.665588,4.213570,-2.985663,0.002500,0.000000,-2.665588,4.213570,-2.985663,0.002500,0.000000,nan,nan,nan,nan,nan,0.000000,0
1788899850.026046,63.895708,-2.665200,4.211100,-2.985663,-2.665588,4.213570,-2.985663,0.002500,0.000000,-2.665588,4.213570,-2.985663,0.002500,0.000000,-2.665588,4.213570,-2.985663,0.002500,0.000000,nan,nan,nan,nan,nan,0.000000,0
1788899850.076119,63.945781,-2.665200,4.211100,-2.985663,-2.665588,4.213570,-2.985663,0.002500,0.000000,-2.665588,4.213570,-2.985663,0.002500,0.000000,-2.665588,4.213570,-2.985663,0.002500,0.000000,nan,nan,nan,nan,nan,0.000000,0
1788899850.076119,63.945781,-2.665200,4.211100,-2.985663,-2.665588,4.213570,-2.985663,0.002500,0.000000,-2.665588,4.213570,-2.985663,0.002500,0.000000,-2.665588,4.213570,-2.985663,0.002500,0.000000,nan,nan,nan,nan,nan,0.000000,0
1788899850.126569,63.996231,-2.665200,4.211100,-2.985663,-2.665588,4.213570,-2.985663,0.002500,0.000000,-2.665588,4.213570,-2.985663,0.002500,0.000000,-2.665588,4.213570,-2.985663,0.002500,0.000000,nan,nan,nan,nan,nan,0.000000,0
1788899850.126569,63.996231,-2.665200,4.211100,-2.985663,-2.665588,4.213570,-2.985663,0.002500,0.000000,-2.665588,4.213570,-2.985663,0.002500,0.000000,-2.665588,4.213570,-2.985663,0.002500,0.000000,nan,nan,nan,nan,nan,0.000000,0
1788899850.176188,64.045849,-2.665200,4.211100,-2.985663,-2.665588,4.213570,-2.985663,0.002500,0.000000,-2.665588,4.213570,-2.985663,0.002500,0.000000,-2.665588,4.213570,-2.985663,0.002500,0.000000,nan,nan,nan,nan,nan,0.000000,0
1788899850.176188,64.045849,-2.665200,4.211100,-2.985663,-2.665588,4.213570,-2.985663,0.002500,0.000000,-2.665588,4.213570,-2.985663,0.002500,0.000000,-2.665588,4.213570,-2.985663,0.002500,0.000000,nan,nan,nan,nan,nan,0.000000,0
1788899850.226383,64.096045,-2.665200,4.211100,-2.985663,-2.665588,4.213570,-2.985663,0.002500,0.000000,-2.665588,4.213570,-2.985663,0.002500,0.000000,-2.665588,4.213570,-2.985663,0.002500,0.000000,nan,nan,nan,nan,nan,0.000000,0
1788899850.226383,64.096045,-2.665200,4.211100,-2.985663,-2.665588,4.213570,-2.985663,0.002500,0.000000,-2.665588,4.213570,-2.985663,0.002500,0.000000,-2.665588,4.213570,-2.985663,0.002500,0.000000,nan,nan,nan,nan,nan,0.000000,0
1788899850.276593,64.146255,-2.665200,4.211100,-2.985663,-2.665588,4.213570,-2.985663,0.002500,0.000000,-2.665588,4.213570,-2.985663,0.002500,0.000000,-2.665588,4.213570,-2.985663,0.002500,0.000000,nan,nan,nan,nan,nan,0.000000,0
1788899850.276593,64.146255,-2.665200,4.211100,-2.985663,-2.665588,4.213570,-2.985663,0.002500,0.000000,-2.665588,4.213570,-2.985663,0.002500,0.000000,-2.665588,4.213570,-2.985663,0.002500,0.000000,nan,nan,nan,nan,nan,0.000000,0
1788899850.326581,64.196243,-2.665200,4.211100,-2.985663,-2.665588,4.213570,-2.985663,0.002500,0.000000,-2.665588,4.213570,-2.985663,0.002500,0.000000,-2.665588,4.213570,-2.985663,0.002500,0.000000,nan,nan,nan,nan,nan,0.000000,0
1788899850.326581,64.196243,-2.665200,4.211100,-2.985663,-2.665588,4.213570,-2.985663,0.002500,0.000000,-2.665588,4.213570,-2.985663,0.002500,0.000000,-2.665588,4.213570,-2.985663,0.002500,0.000000,nan,nan,nan,nan,nan,0.000000,0
1788899850.376852,64.246514,-2.665200,4.211100,-2.985663,-2.665588,4.213570,-2.985663,0.002500,0.000000,-2.665588,4.213570,-2.985663,0.002500,0.000000,-2.665588,4.213570,-2.985663,0.002500,0.000000,nan,nan,nan,nan,nan,0.000000,0
1788899850.376852,64.246514,-2.665200,4.211100,-2.985663,-2.665588,4.213570,-2.985663,0.002500,0.000000,-2.665588,4.213570,-2.985663,0.002500,0.000000,-2.665588,4.213570,-2.985663,0.002500,0.000000,nan,nan,nan,nan,nan,0.000000,0
1788899850.426834,64.296496,-2.665200,4.211100,-2.985663,-2.665588,4.213570,-2.985663,0.002500,0.000000,-2.665588,4.213570,-2.985663,0.002500,0.000000,-2.665588,4.213570,-2.985663,0.002500,0.000000,nan,nan,nan,nan,nan,0.000000,0
1788899850.426834,64.296496,-2.665200,4.211100,-2.985663,-2.665588,4.213570,-2.985663,0.002500,0.000000,-2.665588,4.213570,-2.985663,0.002500,0.000000,-2.665588,4.213570,-2.985663,0.002500,0.000000,nan,nan,nan,nan,nan,0.000000,0
1788899850.476741,64.346402,-2.665200,4.211100,-2.985663,-2.665588,4.213570,-2.985663,0.002500,0.000000,-2.665588,4.213570,-2.985663,0.002500,0.000000,-2.665588,4.213570,-2.985663,0.002500,0.000000,nan,nan,nan,nan,nan,0.000000,0
1788899850.476741,64.346402,-2.665200,4.211100,-2.985663,-2.665588,4.213570,-2.985663,0.002500,0.000000,-2.665588,4.213570,-2.985663,0.002500,0.000000,-2.665588,4.213570,-2.985663,0.002500,0.000000,nan,nan,nan,nan,nan,0.000000,0
1788899850.526639,64.396301,-2.665200,4.211100,-2.985663,-2.665588,4.213570,-2.985663,0.002500,0.000000,-2.665588,4.213570,-2.985663,0.002500,0.000000,-2.665588,4.213570,-2.985663,0.002500,0.000000,nan,nan,nan,nan,nan,0.000000,0
1788899850.526639,64.396301,-2.665200,4.211100,-2.985663,-2.665588,4.213570,-2.985663,0.002500,0.000000,-2.665588,4.213570,-2.985663,0.002500,0.000000,-2.665588,4.213570,-2.985663,0.002500,0.000000,nan,nan,nan,nan,nan,0.000000,0
1788899850.575982,64.445644,-2.665200,4.211100,-2.985663,-2.665588,4.213570,-2.985663,0.002500,0.000000,-2.665588,4.213570,-2.985663,0.002500,0.000000,-2.665588,4.213570,-2.985663,0.002500,0.000000,nan,nan,nan,nan,nan,0.000000,0
1788899850.575982,64.445644,-2.665200,4.211100,-2.985663,-2.665588,4.213570,-2.985663,0.002500,0.000000,-2.665588,4.213570,-2.985663,0.002500,0.000000,-2.665588,4.213570,-2.985663,0.002500,0.000000,nan,nan,nan,nan,nan,0.000000,0
1788899850.626431,64.496093,-2.665200,4.211100,-2.985663,-2.665588,4.213570,-2.985663,0.002500,0.000000,-2.665588,4.213570,-2.985663,0.002500,0.000000,-2.665588,4.213570,-2.985663,0.002500,0.000000,nan,nan,nan,nan,nan,0.000000,0
1788899850.626431,64.496093,-2.665200,4.211100,-2.985663,-2.665588,4.213570,-2.985663,0.002500,0.000000,-2.665588,4.213570,-2.985663,0.002500,0.000000,-2.665588,4.213570,-2.985663,0.002500,0.000000,nan,nan,nan,nan,nan,0.000000,0
1788899850.676584,64.546246,-2.665200,4.211100,-2.985663,-2.665588,4.213570,-2.985663,0.002500,0.000000,-2.665588,4.213570,-2.985663,0.002500,0.000000,-2.665588,4.213570,-2.985663,0.002500,0.000000,nan,nan,nan,nan,nan,0.000000,0
1788899850.676584,64.546246,-2.665200,4.211100,-2.985663,-2.665588,4.213570,-2.985663,0.002500,0.000000,-2.665588,4.213570,-2.985663,0.002500,0.000000,-2.665588,4.213570,-2.985663,0.002500,0.000000,nan,nan,nan,nan,nan,0.000000,0
1788899850.726827,64.596488,-2.665200,4.211100,-2.985663,-2.665588,4.213570,-2.985663,0.002500,0.000000,-2.665588,4.213570,-2.985663,0.002500,0.000000,-2.665588,4.213570,-2.985663,0.002500,0.000000,nan,nan,nan,nan,nan,0.000000,0
1788899850.726827,64.596488,-2.665200,4.211100,-2.985663,-2.665588,4.213570,-2.985663,0.002500,0.000000,-2.665588,4.213570,-2.985663,0.002500,0.000000,-2.665588,4.213570,-2.985663,0.002500,0.000000,nan,nan,nan,nan,nan,0.000000,0
1788899850.776714,64.646376,-2.665200,4.211100,-2.985663,-2.665588,4.213570,-2.985663,0.002500,0.000000,-2.665588,4.213570,-2.985663,0.002500,0.000000,-2.665588,4.213570,-2.985663,0.002500,0.000000,nan,nan,nan,nan,nan,0.000000,0
1788899850.776714,64.646376,-2.665200,4.211100,-2.985663,-2.665588,4.213570,-2.985663,0.002500,0.000000,-2.665588,4.213570,-2.985663,0.002500,0.000000,-2.665588,4.213570,-2.985663,0.002500,0.000000,nan,nan,nan,nan,nan,0.000000,0
1788899850.826193,64.695855,-2.665200,4.211100,-2.985663,-2.665588,4.213570,-2.985663,0.002500,0.000000,-2.665588,4.213570,-2.985663,0.002500,0.000000,-2.665588,4.213570,-2.985663,0.002500,0.000000,nan,nan,nan,nan,nan,0.000000,0
1788899850.826193,64.695855,-2.665200,4.211100,-2.985663,-2.665588,4.213570,-2.985663,0.002500,0.000000,-2.665588,4.213570,-2.985663,0.002500,0.000000,-2.665588,4.213570,-2.985663,0.002500,0.000000,nan,nan,nan,nan,nan,0.000000,0
1788899850.875976,64.745638,-2.665200,4.211100,-2.985663,-2.665588,4.213570,-2.985663,0.002500,0.000000,-2.665588,4.213570,-2.985663,0.002500,0.000000,-2.665588,4.213570,-2.985663,0.002500,0.000000,nan,nan,nan,nan,nan,0.000000,0
1788899850.875976,64.745638,-2.665200,4.211100,-2.985663,-2.665588,4.213570,-2.985663,0.002500,0.000000,-2.665588,4.213570,-2.985663,0.002500,0.000000,-2.665588,4.213570,-2.985663,0.002500,0.000000,nan,nan,nan,nan,nan,0.000000,0
1788899850.927118,64.796780,-2.665200,4.211100,-2.985663,-2.665588,4.213570,-2.985663,0.002500,0.000000,-2.665588,4.213570,-2.985663,0.002500,0.000000,-2.665588,4.213570,-2.985663,0.002500,0.000000,nan,nan,nan,nan,nan,0.000000,0
1788899850.927118,64.796780,-2.665200,4.211100,-2.985663,-2.665588,4.213570,-2.985663,0.002500,0.000000,-2.665588,4.213570,-2.985663,0.002500,0.000000,-2.665588,4.213570,-2.985663,0.002500,0.000000,nan,nan,nan,nan,nan,0.000000,0
1788899850.976661,64.846323,-2.665200,4.211100,-2.985663,-2.665588,4.213570,-2.985663,0.002500,0.000000,-2.665588,4.213570,-2.985663,0.002500,0.000000,-2.665588,4.213570,-2.985663,0.002500,0.000000,nan,nan,nan,nan,nan,0.000000,0
1788899850.976661,64.846323,-2.665200,4.211100,-2.985663,-2.665588,4.213570,-2.985663,0.002500,0.000000,-2.665588,4.213570,-2.985663,0.002500,0.000000,-2.665588,4.213570,-2.985663,0.002500,0.000000,nan,nan,nan,nan,nan,0.000000,0
1788899851.026870,64.896532,-2.665200,4.211100,-2.985663,-2.665588,4.213570,-2.985663,0.002500,0.000000,-2.665588,4.213570,-2.985663,0.002500,0.000000,-2.665588,4.213570,-2.985663,0.002500,0.000000,nan,nan,nan,nan,nan,0.000000,0
1788899851.026870,64.896532,-2.665200,4.211100,-2.985663,-2.665588,4.213570,-2.985663,0.002500,0.000000,-2.665588,4.213570,-2.985663,0.002500,0.000000,-2.665588,4.213570,-2.985663,0.002500,0.000000,nan,nan,nan,nan,nan,0.000000,0
1788899851.075919,64.945580,-2.665200,4.211100,-2.985663,-2.665588,4.213570,-2.985663,0.002500,0.000000,-2.665588,4.213570,-2.985663,0.002500,0.000000,-2.665588,4.213570,-2.985663,0.002500,0.000000,nan,nan,nan,nan,nan,0.000000,0
1788899851.075919,64.945580,-2.665200,4.211100,-2.985663,-2.665588,4.213570,-2.985663,0.002500,0.000000,-2.665588,4.213570,-2.985663,0.002500,0.000000,-2.665588,4.213570,-2.985663,0.002500,0.000000,nan,nan,nan,nan,nan,0.000000,0
1788899851.126471,64.996133,-2.665200,4.211100,-2.985663,-2.665588,4.213570,-2.985663,0.002500,0.000000,-2.665588,4.213570,-2.985663,0.002500,0.000000,-2.665588,4.213570,-2.985663,0.002500,0.000000,nan,nan,nan,nan,nan,0.000000,0
1788899851.126471,64.996133,-2.665200,4.211100,-2.985663,-2.665588,4.213570,-2.985663,0.002500,0.000000,-2.665588,4.213570,-2.985663,0.002500,0.000000,-2.665588,4.213570,-2.985663,0.002500,0.000000,nan,nan,nan,nan,nan,0.000000,0
1788899851.176749,65.046411,-2.665200,4.211100,-2.985663,-2.665588,4.213570,-2.985663,0.002500,0.000000,-2.665588,4.213570,-2.985663,0.002500,0.000000,-2.665588,4.213570,-2.985663,0.002500,0.000000,nan,nan,nan,nan,nan,0.000000,0
1788899851.176749,65.046411,-2.665200,4.211100,-2.985663,-2.665588,4.213570,-2.985663,0.002500,0.000000,-2.665588,4.213570,-2.985663,0.002500,0.000000,-2.665588,4.213570,-2.985663,0.002500,0.000000,nan,nan,nan,nan,nan,0.000000,0
1788899851.226459,65.096121,-2.665200,4.211100,-2.985663,-2.665588,4.213570,-2.985663,0.002500,0.000000,-2.665588,4.213570,-2.985663,0.002500,0.000000,-2.665588,4.213570,-2.985663,0.002500,0.000000,nan,nan,nan,nan,nan,0.000000,0
1788899851.226459,65.096121,-2.665200,4.211100,-2.985663,-2.665588,4.213570,-2.985663,0.002500,0.000000,-2.665588,4.213570,-2.985663,0.002500,0.000000,-2.665588,4.213570,-2.985663,0.002500,0.000000,nan,nan,nan,nan,nan,0.000000,0
1788899851.276937,65.146599,-2.665200,4.211100,-2.985663,-2.665588,4.213570,-2.985663,0.002500,0.000000,-2.665588,4.213570,-2.985663,0.002500,0.000000,-2.665588,4.213570,-2.985663,0.002500,0.000000,nan,nan,nan,nan,nan,0.000000,0
1788899851.276937,65.146599,-2.665200,4.211100,-2.985663,-2.665588,4.213570,-2.985663,0.002500,0.000000,-2.665588,4.213570,-2.985663,0.002500,0.000000,-2.665588,4.213570,-2.985663,0.002500,0.000000,nan,nan,nan,nan,nan,0.000000,0
1788899851.326417,65.196079,-2.665200,4.211100,-2.985663,-2.665588,4.213570,-2.985663,0.002500,0.000000,-2.665588,4.213570,-2.985663,0.002500,0.000000,-2.665588,4.213570,-2.985663,0.002500,0.000000,nan,nan,nan,nan,nan,0.000000,0
1788899851.326417,65.196079,-2.665200,4.211100,-2.985663,-2.665588,4.213570,-2.985663,0.002500,0.000000,-2.665588,4.213570,-2.985663,0.002500,0.000000,-2.665588,4.213570,-2.985663,0.002500,0.000000,nan,nan,nan,nan,nan,0.000000,0
1788899851.376817,65.246478,-2.665200,4.211100,-2.985663,-2.665588,4.213570,-2.985663,0.002500,0.000000,-2.665588,4.213570,-2.985663,0.002500,0.000000,-2.665588,4.213570,-2.985663,0.002500,0.000000,nan,nan,nan,nan,nan,0.000000,0
1788899851.376817,65.246478,-2.665200,4.211100,-2.985663,-2.665588,4.213570,-2.985663,0.002500,0.000000,-2.665588,4.213570,-2.985663,0.002500,0.000000,-2.665588,4.213570,-2.985663,0.002500,0.000000,nan,nan,nan,nan,nan,0.000000,0
1788899851.426569,65.296231,-2.665200,4.211100,-2.985663,-2.665588,4.213570,-2.985663,0.002500,0.000000,-2.665588,4.213570,-2.985663,0.002500,0.000000,-2.665588,4.213570,-2.985663,0.002500,0.000000,nan,nan,nan,nan,nan,0.000000,0
1788899851.426569,65.296231,-2.665200,4.211100,-2.985663,-2.665588,4.213570,-2.985663,0.002500,0.000000,-2.665588,4.213570,-2.985663,0.002500,0.000000,-2.665588,4.213570,-2.985663,0.002500,0.000000,nan,nan,nan,nan,nan,0.000000,0
1788899851.476755,65.346417,-2.665200,4.211100,-2.985663,-2.665588,4.213570,-2.985663,0.002500,0.000000,-2.665588,4.213570,-2.985663,0.002500,0.000000,-2.665588,4.213570,-2.985663,0.002500,0.000000,nan,nan,nan,nan,nan,0.000000,0
1788899851.476755,65.346417,-2.665200,4.211100,-2.985663,-2.665588,4.213570,-2.985663,0.002500,0.000000,-2.665588,4.213570,-2.985663,0.002500,0.000000,-2.665588,4.213570,-2.985663,0.002500,0.000000,nan,nan,nan,nan,nan,0.000000,0
1788899851.576416,65.446078,-2.665200,4.211100,-2.985663,-2.665588,4.213570,-2.985663,0.002500,0.000000,-2.665588,4.213570,-2.985663,0.002500,0.000000,-2.665588,4.213570,-2.985663,0.002500,0.000000,nan,nan,nan,nan,nan,0.000000,0
1788899851.576416,65.446078,-2.665200,4.211100,-2.985663,-2.665588,4.213570,-2.985663,0.002500,0.000000,-2.665588,4.213570,-2.985663,0.002500,0.000000,-2.665588,4.213570,-2.985663,0.002500,0.000000,nan,nan,nan,nan,nan,0.000000,0
1788899851.626580,65.496242,-2.665200,4.211100,-2.985663,-2.665588,4.213570,-2.985663,0.002500,0.000000,-2.665588,4.213570,-2.985663,0.002500,0.000000,-2.665588,4.213570,-2.985663,0.002500,0.000000,nan,nan,nan,nan,nan,0.000000,0
1788899851.626580,65.496242,-2.665200,4.211100,-2.985663,-2.665588,4.213570,-2.985663,0.002500,0.000000,-2.665588,4.213570,-2.985663,0.002500,0.000000,-2.665588,4.213570,-2.985663,0.002500,0.000000,nan,nan,nan,nan,nan,0.000000,0
1788899851.676766,65.546428,-2.665184,4.211001,-2.985663,-2.665588,4.213570,-2.985663,0.002600,0.000000,-2.665588,4.213570,-2.985663,0.002600,0.000000,-2.665588,4.213570,-2.985663,0.002600,0.000000,nan,nan,nan,nan,nan,0.001993,0
1788899851.676766,65.546428,-2.665184,4.211001,-2.985663,-2.665588,4.213570,-2.985663,0.002600,0.000000,-2.665588,4.213570,-2.985663,0.002600,0.000000,-2.665588,4.213570,-2.985663,0.002600,0.000000,nan,nan,nan,nan,nan,0.001993,0
1788899851.725919,65.595581,-2.665184,4.211001,-2.985663,-2.665588,4.213570,-2.985663,0.002600,0.000000,-2.665588,4.213570,-2.985663,0.002600,0.000000,-2.665588,4.213570,-2.985663,0.002600,0.000000,nan,nan,nan,nan,nan,0.000000,0
1788899851.725919,65.595581,-2.665184,4.211001,-2.985663,-2.665588,4.213570,-2.985663,0.002600,0.000000,-2.665588,4.213570,-2.985663,0.002600,0.000000,-2.665588,4.213570,-2.985663,0.002600,0.000000,nan,nan,nan,nan,nan,0.000000,0
1788899851.776766,65.646428,-2.665184,4.211001,-2.985663,-2.665588,4.213570,-2.985663,0.002600,0.000000,-2.665588,4.213570,-2.985663,0.002600,0.000000,-2.665588,4.213570,-2.985663,0.002600,0.000000,nan,nan,nan,nan,nan,0.000000,0
1788899851.776766,65.646428,-2.665184,4.211001,-2.985663,-2.665588,4.213570,-2.985663,0.002600,0.000000,-2.665588,4.213570,-2.985663,0.002600,0.000000,-2.665588,4.213570,-2.985663,0.002600,0.000000,nan,nan,nan,nan,nan,0.000000,0
1788899851.826731,65.696393,-2.665184,4.211001,-2.985663,-2.665588,4.213570,-2.985663,0.002600,0.000000,-2.665588,4.213570,-2.985663,0.002600,0.000000,-2.665588,4.213570,-2.985663,0.002600,0.000000,nan,nan,nan,nan,nan,0.000000,0
1788899851.826731,65.696393,-2.665184,4.211001,-2.985663,-2.665588,4.213570,-2.985663,0.002600,0.000000,-2.665588,4.213570,-2.985663,0.002600,0.000000,-2.665588,4.213570,-2.985663,0.002600,0.000000,nan,nan,nan,nan,nan,0.000000,0
1788899851.876495,65.746156,-2.665184,4.211001,-2.985663,-2.665588,4.213570,-2.985663,0.002600,0.000000,-2.665588,4.213570,-2.985663,0.002600,0.000000,-2.665588,4.213570,-2.985663,0.002600,0.000000,nan,nan,nan,nan,nan,0.000000,0
1788899851.876495,65.746156,-2.665184,4.211001,-2.985663,-2.665588,4.213570,-2.985663,0.002600,0.000000,-2.665588,4.213570,-2.985663,0.002600,0.000000,-2.665588,4.213570,-2.985663,0.002600,0.000000,nan,nan,nan,nan,nan,0.000000,0
1788899851.926069,65.795731,-2.665184,4.211001,-2.985663,-2.665588,4.213570,-2.985663,0.002600,0.000000,-2.665588,4.213570,-2.985663,0.002600,0.000000,-2.665588,4.213570,-2.985663,0.002600,0.000000,nan,nan,nan,nan,nan,0.000000,0
1788899851.926069,65.795731,-2.665184,4.211001,-2.985663,-2.665588,4.213570,-2.985663,0.002600,0.000000,-2.665588,4.213570,-2.985663,0.002600,0.000000,-2.665588,4.213570,-2.985663,0.002600,0.000000,nan,nan,nan,nan,nan,0.000000,0
1788899851.976719,65.846381,-2.665184,4.211001,-2.985663,-2.665588,4.213570,-2.985663,0.002600,0.000000,-2.665588,4.213570,-2.985663,0.002600,0.000000,-2.665588,4.213570,-2.985663,0.002600,0.000000,nan,nan,nan,nan,nan,0.000000,0
1788899851.976719,65.846381,-2.665184,4.211001,-2.985663,-2.665588,4.213570,-2.985663,0.002600,0.000000,-2.665588,4.213570,-2.985663,0.002600,0.000000,-2.665588,4.213570,-2.985663,0.002600,0.000000,nan,nan,nan,nan,nan,0.000000,0
1788899852.026639,65.896300,-2.665184,4.211001,-2.985663,-2.665588,4.213570,-2.985663,0.002600,0.000000,-2.665588,4.213570,-2.985663,0.002600,0.000000,-2.665588,4.213570,-2.985663,0.002600,0.000000,nan,nan,nan,nan,nan,0.000000,0
1788899852.026639,65.896300,-2.665184,4.211001,-2.985663,-2.665588,4.213570,-2.985663,0.002600,0.000000,-2.665588,4.213570,-2.985663,0.002600,0.000000,-2.665588,4.213570,-2.985663,0.002600,0.000000,nan,nan,nan,nan,nan,0.000000,0
1788899852.076744,65.946406,-2.665184,4.211001,-2.985663,-2.665588,4.213570,-2.985663,0.002600,0.000000,-2.665588,4.213570,-2.985663,0.002600,0.000000,-2.665588,4.213570,-2.985663,0.002600,0.000000,nan,nan,nan,nan,nan,0.000000,0
1788899852.076744,65.946406,-2.665184,4.211001,-2.985663,-2.665588,4.213570,-2.985663,0.002600,0.000000,-2.665588,4.213570,-2.985663,0.002600,0.000000,-2.665588,4.213570,-2.985663,0.002600,0.000000,nan,nan,nan,nan,nan,0.000000,0
1788899852.126879,65.996541,-2.665184,4.211001,-2.985663,-2.665588,4.213570,-2.985663,0.002600,0.000000,-2.665588,4.213570,-2.985663,0.002600,0.000000,-2.665588,4.213570,-2.985663,0.002600,0.000000,nan,nan,nan,nan,nan,0.000000,0
1788899852.126879,65.996541,-2.665184,4.211001,-2.985663,-2.665588,4.213570,-2.985663,0.002600,0.000000,-2.665588,4.213570,-2.985663,0.002600,0.000000,-2.665588,4.213570,-2.985663,0.002600,0.000000,nan,nan,nan,nan,nan,0.000000,0
1788899852.176266,66.045928,-2.665184,4.211001,-2.985663,-2.665588,4.213570,-2.985663,0.002600,0.000000,-2.665588,4.213570,-2.985663,0.002600,0.000000,-2.665588,4.213570,-2.985663,0.002600,0.000000,nan,nan,nan,nan,nan,0.000000,0
1788899852.176266,66.045928,-2.665184,4.211001,-2.985663,-2.665588,4.213570,-2.985663,0.002600,0.000000,-2.665588,4.213570,-2.985663,0.002600,0.000000,-2.665588,4.213570,-2.985663,0.002600,0.000000,nan,nan,nan,nan,nan,0.000000,0
1788899852.226556,66.096218,-2.665184,4.211001,-2.985663,-2.665588,4.213570,-2.985663,0.002600,0.000000,-2.665588,4.213570,-2.985663,0.002600,0.000000,-2.665588,4.213570,-2.985663,0.002600,0.000000,nan,nan,nan,nan,nan,0.000000,0
1788899852.226556,66.096218,-2.665184,4.211001,-2.985663,-2.665588,4.213570,-2.985663,0.002600,0.000000,-2.665588,4.213570,-2.985663,0.002600,0.000000,-2.665588,4.213570,-2.985663,0.002600,0.000000,nan,nan,nan,nan,nan,0.000000,0
1788899852.276321,66.145983,-2.665184,4.211001,-2.985663,-2.665588,4.213570,-2.985663,0.002600,0.000000,-2.665588,4.213570,-2.985663,0.002600,0.000000,-2.665588,4.213570,-2.985663,0.002600,0.000000,nan,nan,nan,nan,nan,0.000000,0
1788899852.276321,66.145983,-2.665184,4.211001,-2.985663,-2.665588,4.213570,-2.985663,0.002600,0.000000,-2.665588,4.213570,-2.985663,0.002600,0.000000,-2.665588,4.213570,-2.985663,0.002600,0.000000,nan,nan,nan,nan,nan,0.000000,0
1788899852.326463,66.196124,-2.665184,4.211001,-2.985663,-2.665588,4.213570,-2.985663,0.002600,0.000000,-2.665588,4.213570,-2.985663,0.002600,0.000000,-2.665588,4.213570,-2.985663,0.002600,0.000000,nan,nan,nan,nan,nan,0.000000,0
1788899852.326463,66.196124,-2.665184,4.211001,-2.985663,-2.665588,4.213570,-2.985663,0.002600,0.000000,-2.665588,4.213570,-2.985663,0.002600,0.000000,-2.665588,4.213570,-2.985663,0.002600,0.000000,nan,nan,nan,nan,nan,0.000000,0
1788899852.377012,66.246674,-2.665184,4.211001,-2.985663,-2.665588,4.213570,-2.985663,0.002600,0.000000,-2.665588,4.213570,-2.985663,0.002600,0.000000,-2.665588,4.213570,-2.985663,0.002600,0.000000,nan,nan,nan,nan,nan,0.000000,0
1788899852.377012,66.246674,-2.665184,4.211001,-2.985663,-2.665588,4.213570,-2.985663,0.002600,0.000000,-2.665588,4.213570,-2.985663,0.002600,0.000000,-2.665588,4.213570,-2.985663,0.002600,0.000000,nan,nan,nan,nan,nan,0.000000,0
1788899852.426208,66.295870,-2.665184,4.211001,-2.985663,-2.665588,4.213570,-2.985663,0.002600,0.000000,-2.665588,4.213570,-2.985663,0.002600,0.000000,-2.665588,4.213570,-2.985663,0.002600,0.000000,nan,nan,nan,nan,nan,0.000000,0
1788899852.426208,66.295870,-2.665184,4.211001,-2.985663,-2.665588,4.213570,-2.985663,0.002600,0.000000,-2.665588,4.213570,-2.985663,0.002600,0.000000,-2.665588,4.213570,-2.985663,0.002600,0.000000,nan,nan,nan,nan,nan,0.000000,0
1788899852.476774,66.346435,-2.665184,4.211001,-2.985663,-2.665588,4.213570,-2.985663,0.002600,0.000000,-2.665588,4.213570,-2.985663,0.002600,0.000000,-2.665588,4.213570,-2.985663,0.002600,0.000000,nan,nan,nan,nan,nan,0.000000,0
1788899852.476774,66.346435,-2.665184,4.211001,-2.985663,-2.665588,4.213570,-2.985663,0.002600,0.000000,-2.665588,4.213570,-2.985663,0.002600,0.000000,-2.665588,4.213570,-2.985663,0.002600,0.000000,nan,nan,nan,nan,nan,0.000000,0
1788899852.526679,66.396341,-2.665184,4.211001,-2.985663,-2.665588,4.213570,-2.985663,0.002600,0.000000,-2.665588,4.213570,-2.985663,0.002600,0.000000,-2.665588,4.213570,-2.985663,0.002600,0.000000,nan,nan,nan,nan,nan,0.000000,0
1788899852.526679,66.396341,-2.665184,4.211001,-2.985663,-2.665588,4.213570,-2.985663,0.002600,0.000000,-2.665588,4.213570,-2.985663,0.002600,0.000000,-2.665588,4.213570,-2.985663,0.002600,0.000000,nan,nan,nan,nan,nan,0.000000,0
1788899852.576286,66.445947,-2.665184,4.211001,-2.985663,-2.665588,4.213570,-2.985663,0.002600,0.000000,-2.665588,4.213570,-2.985663,0.002600,0.000000,-2.665588,4.213570,-2.985663,0.002600,0.000000,nan,nan,nan,nan,nan,0.000000,0
1788899852.576286,66.445947,-2.665184,4.211001,-2.985663,-2.665588,4.213570,-2.985663,0.002600,0.000000,-2.665588,4.213570,-2.985663,0.002600,0.000000,-2.665588,4.213570,-2.985663,0.002600,0.000000,nan,nan,nan,nan,nan,0.000000,0
1788899852.627727,66.497389,-2.665184,4.211001,-2.985663,-2.665588,4.213570,-2.985663,0.002600,0.000000,-2.665588,4.213570,-2.985663,0.002600,0.000000,-2.665588,4.213570,-2.985663,0.002600,0.000000,nan,nan,nan,nan,nan,0.000000,0
1788899852.627727,66.497389,-2.665184,4.211001,-2.985663,-2.665588,4.213570,-2.985663,0.002600,0.000000,-2.665588,4.213570,-2.985663,0.002600,0.000000,-2.665588,4.213570,-2.985663,0.002600,0.000000,nan,nan,nan,nan,nan,0.000000,0
1788899852.678197,66.547858,-2.665184,4.211001,-2.985663,-2.665588,4.213570,-2.985663,0.002600,0.000000,-2.665588,4.213570,-2.985663,0.002600,0.000000,-2.665588,4.213570,-2.985663,0.002600,0.000000,nan,nan,nan,nan,nan,0.000000,0
1788899852.678197,66.547858,-2.665184,4.211001,-2.985663,-2.665588,4.213570,-2.985663,0.002600,0.000000,-2.665588,4.213570,-2.985663,0.002600,0.000000,-2.665588,4.213570,-2.985663,0.002600,0.000000,nan,nan,nan,nan,nan,0.000000,0
1788899852.726445,66.596107,-2.665184,4.211001,-2.985663,-2.665588,4.213570,-2.985663,0.002600,0.000000,-2.665588,4.213570,-2.985663,0.002600,0.000000,-2.665588,4.213570,-2.985663,0.002600,0.000000,nan,nan,nan,nan,nan,0.000000,0
1788899852.726445,66.596107,-2.665184,4.211001,-2.985663,-2.665588,4.213570,-2.985663,0.002600,0.000000,-2.665588,4.213570,-2.985663,0.002600,0.000000,-2.665588,4.213570,-2.985663,0.002600,0.000000,nan,nan,nan,nan,nan,0.000000,0
1788899852.776168,66.645830,-2.665184,4.211001,-2.985663,-2.665588,4.213570,-2.985663,0.002600,0.000000,-2.665588,4.213570,-2.985663,0.002600,0.000000,-2.665588,4.213570,-2.985663,0.002600,0.000000,nan,nan,nan,nan,nan,0.000000,0
1788899852.776168,66.645830,-2.665184,4.211001,-2.985663,-2.665588,4.213570,-2.985663,0.002600,0.000000,-2.665588,4.213570,-2.985663,0.002600,0.000000,-2.665588,4.213570,-2.985663,0.002600,0.000000,nan,nan,nan,nan,nan,0.000000,0
1788899852.826568,66.696230,-2.665184,4.211001,-2.985663,-2.665588,4.213570,-2.985663,0.002600,0.000000,-2.665588,4.213570,-2.985663,0.002600,0.000000,-2.665588,4.213570,-2.985663,0.002600,0.000000,nan,nan,nan,nan,nan,0.000000,0
1788899852.826568,66.696230,-2.665184,4.211001,-2.985663,-2.665588,4.213570,-2.985663,0.002600,0.000000,-2.665588,4.213570,-2.985663,0.002600,0.000000,-2.665588,4.213570,-2.985663,0.002600,0.000000,nan,nan,nan,nan,nan,0.000000,0
1788899852.876356,66.746018,-2.665184,4.211001,-2.985663,-2.665588,4.213570,-2.985663,0.002600,0.000000,-2.665588,4.213570,-2.985663,0.002600,0.000000,-2.665588,4.213570,-2.985663,0.002600,0.000000,nan,nan,nan,nan,nan,0.000000,0
1788899852.876356,66.746018,-2.665184,4.211001,-2.985663,-2.665588,4.213570,-2.985663,0.002600,0.000000,-2.665588,4.213570,-2.985663,0.002600,0.000000,-2.665588,4.213570,-2.985663,0.002600,0.000000,nan,nan,nan,nan,nan,0.000000,0
1788899852.926478,66.796139,-2.665184,4.211001,-2.985663,-2.665588,4.213570,-2.985663,0.002600,0.000000,-2.665588,4.213570,-2.985663,0.002600,0.000000,-2.665588,4.213570,-2.985663,0.002600,0.000000,nan,nan,nan,nan,nan,0.000000,0
1788899852.926478,66.796139,-2.665184,4.211001,-2.985663,-2.665588,4.213570,-2.985663,0.002600,0.000000,-2.665588,4.213570,-2.985663,0.002600,0.000000,-2.665588,4.213570,-2.985663,0.002600,0.000000,nan,nan,nan,nan,nan,0.000000,0
1788899852.976362,66.846024,-2.665184,4.211001,-2.985663,-2.665588,4.213570,-2.985663,0.002600,0.000000,-2.665588,4.213570,-2.985663,0.002600,0.000000,-2.665588,4.213570,-2.985663,0.002600,0.000000,nan,nan,nan,nan,nan,0.000000,0
1788899852.976362,66.846024,-2.665184,4.211001,-2.985663,-2.665588,4.213570,-2.985663,0.002600,0.000000,-2.665588,4.213570,-2.985663,0.002600,0.000000,-2.665588,4.213570,-2.985663,0.002600,0.000000,nan,nan,nan,nan,nan,0.000000,0
1788899853.026495,66.896157,-2.665184,4.211001,-2.985663,-2.665588,4.213570,-2.985663,0.002600,0.000000,-2.665588,4.213570,-2.985663,0.002600,0.000000,-2.665588,4.213570,-2.985663,0.002600,0.000000,nan,nan,nan,nan,nan,0.000000,0
1788899853.026495,66.896157,-2.665184,4.211001,-2.985663,-2.665588,4.213570,-2.985663,0.002600,0.000000,-2.665588,4.213570,-2.985663,0.002600,0.000000,-2.665588,4.213570,-2.985663,0.002600,0.000000,nan,nan,nan,nan,nan,0.000000,0
1788899853.076418,66.946079,-2.665184,4.211001,-2.985663,-2.665588,4.213570,-2.985663,0.002600,0.000000,-2.665588,4.213570,-2.985663,0.002600,0.000000,-2.665588,4.213570,-2.985663,0.002600,0.000000,nan,nan,nan,nan,nan,0.000000,0
1788899853.076418,66.946079,-2.665184,4.211001,-2.985663,-2.665588,4.213570,-2.985663,0.002600,0.000000,-2.665588,4.213570,-2.985663,0.002600,0.000000,-2.665588,4.213570,-2.985663,0.002600,0.000000,nan,nan,nan,nan,nan,0.000000,0
1788899853.126325,66.995987,-2.665184,4.211001,-2.985663,-2.665588,4.213570,-2.985663,0.002600,0.000000,-2.665588,4.213570,-2.985663,0.002600,0.000000,-2.665588,4.213570,-2.985663,0.002600,0.000000,nan,nan,nan,nan,nan,0.000000,0
1788899853.126325,66.995987,-2.665184,4.211001,-2.985663,-2.665588,4.213570,-2.985663,0.002600,0.000000,-2.665588,4.213570,-2.985663,0.002600,0.000000,-2.665588,4.213570,-2.985663,0.002600,0.000000,nan,nan,nan,nan,nan,0.000000,0
1788899853.176564,67.046226,-2.665184,4.211001,-2.985663,-2.665588,4.213570,-2.985663,0.002600,0.000000,-2.665588,4.213570,-2.985663,0.002600,0.000000,-2.665588,4.213570,-2.985663,0.002600,0.000000,nan,nan,nan,nan,nan,0.000000,0
1788899853.176564,67.046226,-2.665184,4.211001,-2.985663,-2.665588,4.213570,-2.985663,0.002600,0.000000,-2.665588,4.213570,-2.985663,0.002600,0.000000,-2.665588,4.213570,-2.985663,0.002600,0.000000,nan,nan,nan,nan,nan,0.000000,0
1788899853.226886,67.096547,-2.665184,4.211001,-2.985663,-2.665588,4.213570,-2.985663,0.002600,0.000000,-2.665588,4.213570,-2.985663,0.002600,0.000000,-2.665588,4.213570,-2.985663,0.002600,0.000000,nan,nan,nan,nan,nan,0.000000,0
1788899853.226886,67.096547,-2.665184,4.211001,-2.985663,-2.665588,4.213570,-2.985663,0.002600,0.000000,-2.665588,4.213570,-2.985663,0.002600,0.000000,-2.665588,4.213570,-2.985663,0.002600,0.000000,nan,nan,nan,nan,nan,0.000000,0
1788899853.276659,67.146320,-2.665184,4.211001,-2.985663,-2.665588,4.213570,-2.985663,0.002600,0.000000,-2.665588,4.213570,-2.985663,0.002600,0.000000,-2.665588,4.213570,-2.985663,0.002600,0.000000,nan,nan,nan,nan,nan,0.000000,0
1788899853.276659,67.146320,-2.665184,4.211001,-2.985663,-2.665588,4.213570,-2.985663,0.002600,0.000000,-2.665588,4.213570,-2.985663,0.002600,0.000000,-2.665588,4.213570,-2.985663,0.002600,0.000000,nan,nan,nan,nan,nan,0.000000,0
1788899853.326769,67.196430,-2.665184,4.211001,-2.985663,-2.665588,4.213570,-2.985663,0.002600,0.000000,-2.665588,4.213570,-2.985663,0.002600,0.000000,-2.665588,4.213570,-2.985663,0.002600,0.000000,nan,nan,nan,nan,nan,0.000000,0
1788899853.326769,67.196430,-2.665184,4.211001,-2.985663,-2.665588,4.213570,-2.985663,0.002600,0.000000,-2.665588,4.213570,-2.985663,0.002600,0.000000,-2.665588,4.213570,-2.985663,0.002600,0.000000,nan,nan,nan,nan,nan,0.000000,0
1788899853.375932,67.245594,-2.665184,4.211001,-2.985663,-2.665588,4.213570,-2.985663,0.002600,0.000000,-2.665588,4.213570,-2.985663,0.002600,0.000000,-2.665588,4.213570,-2.985663,0.002600,0.000000,nan,nan,nan,nan,nan,0.000000,0
1788899853.375932,67.245594,-2.665184,4.211001,-2.985663,-2.665588,4.213570,-2.985663,0.002600,0.000000,-2.665588,4.213570,-2.985663,0.002600,0.000000,-2.665588,4.213570,-2.985663,0.002600,0.000000,nan,nan,nan,nan,nan,0.000000,0
1788899853.426074,67.295736,-2.665184,4.211001,-2.985663,-2.665588,4.213570,-2.985663,0.002600,0.000000,-2.665588,4.213570,-2.985663,0.002600,0.000000,-2.665588,4.213570,-2.985663,0.002600,0.000000,nan,nan,nan,nan,nan,0.000000,0
1788899853.426074,67.295736,-2.665184,4.211001,-2.985663,-2.665588,4.213570,-2.985663,0.002600,0.000000,-2.665588,4.213570,-2.985663,0.002600,0.000000,-2.665588,4.213570,-2.985663,0.002600,0.000000,nan,nan,nan,nan,nan,0.000000,0
1788899853.476488,67.346150,-2.665184,4.211001,-2.985663,-2.665588,4.213570,-2.985663,0.002600,0.000000,-2.665588,4.213570,-2.985663,0.002600,0.000000,-2.665588,4.213570,-2.985663,0.002600,0.000000,nan,nan,nan,nan,nan,0.000000,0
1788899853.476488,67.346150,-2.665184,4.211001,-2.985663,-2.665588,4.213570,-2.985663,0.002600,0.000000,-2.665588,4.213570,-2.985663,0.002600,0.000000,-2.665588,4.213570,-2.985663,0.002600,0.000000,nan,nan,nan,nan,nan,0.000000,0
1788899853.526569,67.396230,-2.665184,4.211001,-2.985663,-2.665588,4.213570,-2.985663,0.002600,0.000000,-2.665588,4.213570,-2.985663,0.002600,0.000000,-2.665588,4.213570,-2.985663,0.002600,0.000000,nan,nan,nan,nan,nan,0.000000,0
1788899853.526569,67.396230,-2.665184,4.211001,-2.985663,-2.665588,4.213570,-2.985663,0.002600,0.000000,-2.665588,4.213570,-2.985663,0.002600,0.000000,-2.665588,4.213570,-2.985663,0.002600,0.000000,nan,nan,nan,nan,nan,0.000000,0
1788899853.576357,67.446018,-2.665184,4.211001,-2.985663,-2.665588,4.213570,-2.985663,0.002600,0.000000,-2.665588,4.213570,-2.985663,0.002600,0.000000,-2.665588,4.213570,-2.985663,0.002600,0.000000,nan,nan,nan,nan,nan,0.000000,0
1788899853.576357,67.446018,-2.665184,4.211001,-2.985663,-2.665588,4.213570,-2.985663,0.002600,0.000000,-2.665588,4.213570,-2.985663,0.002600,0.000000,-2.665588,4.213570,-2.985663,0.002600,0.000000,nan,nan,nan,nan,nan,0.000000,0
1788899853.626910,67.496572,-2.665184,4.211001,-2.985663,-2.665588,4.213570,-2.985663,0.002600,0.000000,-2.665588,4.213570,-2.985663,0.002600,0.000000,-2.665588,4.213570,-2.985663,0.002600,0.000000,nan,nan,nan,nan,nan,0.000000,0
1788899853.626910,67.496572,-2.665184,4.211001,-2.985663,-2.665588,4.213570,-2.985663,0.002600,0.000000,-2.665588,4.213570,-2.985663,0.002600,0.000000,-2.665588,4.213570,-2.985663,0.002600,0.000000,nan,nan,nan,nan,nan,0.000000,0
1788899853.676466,67.546128,-2.665184,4.211001,-2.985663,-2.665588,4.213570,-2.985663,0.002600,0.000000,-2.665588,4.213570,-2.985663,0.002600,0.000000,-2.665588,4.213570,-2.985663,0.002600,0.000000,nan,nan,nan,nan,nan,0.000000,0
1788899853.676466,67.546128,-2.665184,4.211001,-2.985663,-2.665588,4.213570,-2.985663,0.002600,0.000000,-2.665588,4.213570,-2.985663,0.002600,0.000000,-2.665588,4.213570,-2.985663,0.002600,0.000000,nan,nan,nan,nan,nan,0.000000,0
1788899853.726573,67.596235,-2.665184,4.211001,-2.985663,-2.665588,4.213570,-2.985663,0.002600,0.000000,-2.665588,4.213570,-2.985663,0.002600,0.000000,-2.665588,4.213570,-2.985663,0.002600,0.000000,nan,nan,nan,nan,nan,0.000000,0
1788899853.726573,67.596235,-2.665184,4.211001,-2.985663,-2.665588,4.213570,-2.985663,0.002600,0.000000,-2.665588,4.213570,-2.985663,0.002600,0.000000,-2.665588,4.213570,-2.985663,0.002600,0.000000,nan,nan,nan,nan,nan,0.000000,0
1788899853.776736,67.646398,-2.665184,4.211001,-2.985663,-2.665588,4.213570,-2.985663,0.002600,0.000000,-2.665588,4.213570,-2.985663,0.002600,0.000000,-2.665588,4.213570,-2.985663,0.002600,0.000000,nan,nan,nan,nan,nan,0.000000,0
1788899853.776736,67.646398,-2.665184,4.211001,-2.985663,-2.665588,4.213570,-2.985663,0.002600,0.000000,-2.665588,4.213570,-2.985663,0.002600,0.000000,-2.665588,4.213570,-2.985663,0.002600,0.000000,nan,nan,nan,nan,nan,0.000000,0
1788899853.826740,67.696402,-2.665184,4.211001,-2.985663,-2.665588,4.213570,-2.985663,0.002600,0.000000,-2.665588,4.213570,-2.985663,0.002600,0.000000,-2.665588,4.213570,-2.985663,0.002600,0.000000,nan,nan,nan,nan,nan,0.000000,0
1788899853.826740,67.696402,-2.665184,4.211001,-2.985663,-2.665588,4.213570,-2.985663,0.002600,0.000000,-2.665588,4.213570,-2.985663,0.002600,0.000000,-2.665588,4.213570,-2.985663,0.002600,0.000000,nan,nan,nan,nan,nan,0.000000,0
1788899853.876593,67.746255,-2.665184,4.211001,-2.985663,-2.665588,4.213570,-2.985663,0.002600,0.000000,-2.665588,4.213570,-2.985663,0.002600,0.000000,-2.665588,4.213570,-2.985663,0.002600,0.000000,nan,nan,nan,nan,nan,0.000000,0
1788899853.876593,67.746255,-2.665184,4.211001,-2.985663,-2.665588,4.213570,-2.985663,0.002600,0.000000,-2.665588,4.213570,-2.985663,0.002600,0.000000,-2.665588,4.213570,-2.985663,0.002600,0.000000,nan,nan,nan,nan,nan,0.000000,0
1788899853.926471,67.796133,-2.665184,4.211001,-2.985663,-2.665588,4.213570,-2.985663,0.002600,0.000000,-2.665588,4.213570,-2.985663,0.002600,0.000000,-2.665588,4.213570,-2.985663,0.002600,0.000000,nan,nan,nan,nan,nan,0.000000,0
1788899853.926471,67.796133,-2.665184,4.211001,-2.985663,-2.665588,4.213570,-2.985663,0.002600,0.000000,-2.665588,4.213570,-2.985663,0.002600,0.000000,-2.665588,4.213570,-2.985663,0.002600,0.000000,nan,nan,nan,nan,nan,0.000000,0
1788899853.976827,67.846489,-2.665184,4.211001,-2.985663,-2.665588,4.213570,-2.985663,0.002600,0.000000,-2.665588,4.213570,-2.985663,0.002600,0.000000,-2.665588,4.213570,-2.985663,0.002600,0.000000,nan,nan,nan,nan,nan,0.000000,0
1788899853.976827,67.846489,-2.665184,4.211001,-2.985663,-2.665588,4.213570,-2.985663,0.002600,0.000000,-2.665588,4.213570,-2.985663,0.002600,0.000000,-2.665588,4.213570,-2.985663,0.002600,0.000000,nan,nan,nan,nan,nan,0.000000,0
1788899854.026829,67.896491,-2.665184,4.211001,-2.985663,-2.665588,4.213570,-2.985663,0.002600,0.000000,-2.665588,4.213570,-2.985663,0.002600,0.000000,-2.665588,4.213570,-2.985663,0.002600,0.000000,nan,nan,nan,nan,nan,0.000000,0
1788899854.026829,67.896491,-2.665184,4.211001,-2.985663,-2.665588,4.213570,-2.985663,0.002600,0.000000,-2.665588,4.213570,-2.985663,0.002600,0.000000,-2.665588,4.213570,-2.985663,0.002600,0.000000,nan,nan,nan,nan,nan,0.000000,0
1788899854.076189,67.945851,-2.665184,4.211001,-2.985663,-2.665588,4.213570,-2.985663,0.002600,0.000000,-2.665588,4.213570,-2.985663,0.002600,0.000000,-2.665588,4.213570,-2.985663,0.002600,0.000000,nan,nan,nan,nan,nan,0.000000,0
1788899854.076189,67.945851,-2.665184,4.211001,-2.985663,-2.665588,4.213570,-2.985663,0.002600,0.000000,-2.665588,4.213570,-2.985663,0.002600,0.000000,-2.665588,4.213570,-2.985663,0.002600,0.000000,nan,nan,nan,nan,nan,0.000000,0
1788899854.126904,67.996566,-2.665169,4.210902,-2.985663,-2.665588,4.213570,-2.985663,0.002700,0.000000,-2.665588,4.213570,-2.985663,0.002700,0.000000,-2.665588,4.213570,-2.985663,0.002700,0.000000,nan,nan,nan,nan,nan,0.001972,0
1788899854.126904,67.996566,-2.665169,4.210902,-2.985663,-2.665588,4.213570,-2.985663,0.002700,0.000000,-2.665588,4.213570,-2.985663,0.002700,0.000000,-2.665588,4.213570,-2.985663,0.002700,0.000000,nan,nan,nan,nan,nan,0.001972,0
1788899854.176895,68.046556,-2.665169,4.210902,-2.985663,-2.665588,4.213570,-2.985663,0.002700,0.000000,-2.665588,4.213570,-2.985663,0.002700,0.000000,-2.665588,4.213570,-2.985663,0.002700,0.000000,nan,nan,nan,nan,nan,0.000000,0
1788899854.176895,68.046556,-2.665169,4.210902,-2.985663,-2.665588,4.213570,-2.985663,0.002700,0.000000,-2.665588,4.213570,-2.985663,0.002700,0.000000,-2.665588,4.213570,-2.985663,0.002700,0.000000,nan,nan,nan,nan,nan,0.000000,0
1788899854.226493,68.096155,-2.665169,4.210902,-2.985663,-2.665588,4.213570,-2.985663,0.002700,0.000000,-2.665588,4.213570,-2.985663,0.002700,0.000000,-2.665588,4.213570,-2.985663,0.002700,0.000000,nan,nan,nan,nan,nan,0.000000,0
1788899854.226493,68.096155,-2.665169,4.210902,-2.985663,-2.665588,4.213570,-2.985663,0.002700,0.000000,-2.665588,4.213570,-2.985663,0.002700,0.000000,-2.665588,4.213570,-2.985663,0.002700,0.000000,nan,nan,nan,nan,nan,0.000000,0
1788899854.276364,68.146025,-2.665169,4.210902,-2.985663,-2.665588,4.213570,-2.985663,0.002700,0.000000,-2.665588,4.213570,-2.985663,0.002700,0.000000,-2.665588,4.213570,-2.985663,0.002700,0.000000,nan,nan,nan,nan,nan,0.000000,0
1788899854.276364,68.146025,-2.665169,4.210902,-2.985663,-2.665588,4.213570,-2.985663,0.002700,0.000000,-2.665588,4.213570,-2.985663,0.002700,0.000000,-2.665588,4.213570,-2.985663,0.002700,0.000000,nan,nan,nan,nan,nan,0.000000,0
1788899854.326337,68.195999,-2.665169,4.210902,-2.985663,-2.665588,4.213570,-2.985663,0.002700,0.000000,-2.665588,4.213570,-2.985663,0.002700,0.000000,-2.665588,4.213570,-2.985663,0.002700,0.000000,nan,nan,nan,nan,nan,0.000000,0
1788899854.326337,68.195999,-2.665169,4.210902,-2.985663,-2.665588,4.213570,-2.985663,0.002700,0.000000,-2.665588,4.213570,-2.985663,0.002700,0.000000,-2.665588,4.213570,-2.985663,0.002700,0.000000,nan,nan,nan,nan,nan,0.000000,0
1788899854.376812,68.246473,-2.665169,4.210902,-2.985663,-2.665588,4.213570,-2.985663,0.002700,0.000000,-2.665588,4.213570,-2.985663,0.002700,0.000000,-2.665588,4.213570,-2.985663,0.002700,0.000000,nan,nan,nan,nan,nan,0.000000,0
1788899854.376812,68.246473,-2.665169,4.210902,-2.985663,-2.665588,4.213570,-2.985663,0.002700,0.000000,-2.665588,4.213570,-2.985663,0.002700,0.000000,-2.665588,4.213570,-2.985663,0.002700,0.000000,nan,nan,nan,nan,nan,0.000000,0
1788899854.426542,68.296203,-2.665169,4.210902,-2.985663,-2.665588,4.213570,-2.985663,0.002700,0.000000,-2.665588,4.213570,-2.985663,0.002700,0.000000,-2.665588,4.213570,-2.985663,0.002700,0.000000,nan,nan,nan,nan,nan,0.000000,0
1788899854.426542,68.296203,-2.665169,4.210902,-2.985663,-2.665588,4.213570,-2.985663,0.002700,0.000000,-2.665588,4.213570,-2.985663,0.002700,0.000000,-2.665588,4.213570,-2.985663,0.002700,0.000000,nan,nan,nan,nan,nan,0.000000,0
1788899854.476555,68.346216,-2.665169,4.210902,-2.985663,-2.665588,4.213570,-2.985663,0.002700,0.000000,-2.665588,4.213570,-2.985663,0.002700,0.000000,-2.665588,4.213570,-2.985663,0.002700,0.000000,nan,nan,nan,nan,nan,0.000000,0
1788899854.476555,68.346216,-2.665169,4.210902,-2.985663,-2.665588,4.213570,-2.985663,0.002700,0.000000,-2.665588,4.213570,-2.985663,0.002700,0.000000,-2.665588,4.213570,-2.985663,0.002700,0.000000,nan,nan,nan,nan,nan,0.000000,0
1788899854.526764,68.396426,-2.665169,4.210902,-2.985663,-2.665588,4.213570,-2.985663,0.002700,0.000000,-2.665588,4.213570,-2.985663,0.002700,0.000000,-2.665588,4.213570,-2.985663,0.002700,0.000000,nan,nan,nan,nan,nan,0.000000,0
1788899854.526764,68.396426,-2.665169,4.210902,-2.985663,-2.665588,4.213570,-2.985663,0.002700,0.000000,-2.665588,4.213570,-2.985663,0.002700,0.000000,-2.665588,4.213570,-2.985663,0.002700,0.000000,nan,nan,nan,nan,nan,0.000000,0
1788899854.576497,68.446159,-2.665169,4.210902,-2.985663,-2.665588,4.213570,-2.985663,0.002700,0.000000,-2.665588,4.213570,-2.985663,0.002700,0.000000,-2.665588,4.213570,-2.985663,0.002700,0.000000,nan,nan,nan,nan,nan,0.000000,0
1788899854.576497,68.446159,-2.665169,4.210902,-2.985663,-2.665588,4.213570,-2.985663,0.002700,0.000000,-2.665588,4.213570,-2.985663,0.002700,0.000000,-2.665588,4.213570,-2.985663,0.002700,0.000000,nan,nan,nan,nan,nan,0.000000,0
1788899854.625928,68.495590,-2.665169,4.210902,-2.985663,-2.665588,4.213570,-2.985663,0.002700,0.000000,-2.665588,4.213570,-2.985663,0.002700,0.000000,-2.665588,4.213570,-2.985663,0.002700,0.000000,nan,nan,nan,nan,nan,0.000000,0
1788899854.625928,68.495590,-2.665169,4.210902,-2.985663,-2.665588,4.213570,-2.985663,0.002700,0.000000,-2.665588,4.213570,-2.985663,0.002700,0.000000,-2.665588,4.213570,-2.985663,0.002700,0.000000,nan,nan,nan,nan,nan,0.000000,0
1788899854.676898,68.546560,-2.665169,4.210902,-2.985663,-2.665588,4.213570,-2.985663,0.002700,0.000000,-2.665588,4.213570,-2.985663,0.002700,0.000000,-2.665588,4.213570,-2.985663,0.002700,0.000000,nan,nan,nan,nan,nan,0.000000,0
1788899854.676898,68.546560,-2.665169,4.210902,-2.985663,-2.665588,4.213570,-2.985663,0.002700,0.000000,-2.665588,4.213570,-2.985663,0.002700,0.000000,-2.665588,4.213570,-2.985663,0.002700,0.000000,nan,nan,nan,nan,nan,0.000000,0
1788899854.727729,68.597391,-2.665169,4.210902,-2.985663,-2.665588,4.213570,-2.985663,0.002700,0.000000,-2.665588,4.213570,-2.985663,0.002700,0.000000,-2.665588,4.213570,-2.985663,0.002700,0.000000,nan,nan,nan,nan,nan,0.000000,0
1788899854.727729,68.597391,-2.665169,4.210902,-2.985663,-2.665588,4.213570,-2.985663,0.002700,0.000000,-2.665588,4.213570,-2.985663,0.002700,0.000000,-2.665588,4.213570,-2.985663,0.002700,0.000000,nan,nan,nan,nan,nan,0.000000,0
1788899854.776587,68.646249,-2.665169,4.210902,-2.985663,-2.665588,4.213570,-2.985663,0.002700,0.000000,-2.665588,4.213570,-2.985663,0.002700,0.000000,-2.665588,4.213570,-2.985663,0.002700,0.000000,nan,nan,nan,nan,nan,0.000000,0
1788899854.776587,68.646249,-2.665169,4.210902,-2.985663,-2.665588,4.213570,-2.985663,0.002700,0.000000,-2.665588,4.213570,-2.985663,0.002700,0.000000,-2.665588,4.213570,-2.985663,0.002700,0.000000,nan,nan,nan,nan,nan,0.000000,0
1788899854.826516,68.696178,-2.665169,4.210902,-2.985663,-2.665588,4.213570,-2.985663,0.002700,0.000000,-2.665588,4.213570,-2.985663,0.002700,0.000000,-2.665588,4.213570,-2.985663,0.002700,0.000000,nan,nan,nan,nan,nan,0.000000,0
1788899854.826516,68.696178,-2.665169,4.210902,-2.985663,-2.665588,4.213570,-2.985663,0.002700,0.000000,-2.665588,4.213570,-2.985663,0.002700,0.000000,-2.665588,4.213570,-2.985663,0.002700,0.000000,nan,nan,nan,nan,nan,0.000000,0
1788899854.878458,68.748120,-2.665169,4.210902,-2.985663,-2.665588,4.213570,-2.985663,0.002700,0.000000,-2.665588,4.213570,-2.985663,0.002700,0.000000,-2.665588,4.213570,-2.985663,0.002700,0.000000,nan,nan,nan,nan,nan,0.000000,0
1788899854.878458,68.748120,-2.665169,4.210902,-2.985663,-2.665588,4.213570,-2.985663,0.002700,0.000000,-2.665588,4.213570,-2.985663,0.002700,0.000000,-2.665588,4.213570,-2.985663,0.002700,0.000000,nan,nan,nan,nan,nan,0.000000,0
1788899854.926872,68.796534,-2.665169,4.210902,-2.985663,-2.665588,4.213570,-2.985663,0.002700,0.000000,-2.665588,4.213570,-2.985663,0.002700,0.000000,-2.665588,4.213570,-2.985663,0.002700,0.000000,nan,nan,nan,nan,nan,0.000000,0
1788899854.926872,68.796534,-2.665169,4.210902,-2.985663,-2.665588,4.213570,-2.985663,0.002700,0.000000,-2.665588,4.213570,-2.985663,0.002700,0.000000,-2.665588,4.213570,-2.985663,0.002700,0.000000,nan,nan,nan,nan,nan,0.000000,0
1788899854.976886,68.846548,-2.665169,4.210902,-2.985663,-2.665588,4.213570,-2.985663,0.002700,0.000000,-2.665588,4.213570,-2.985663,0.002700,0.000000,-2.665588,4.213570,-2.985663,0.002700,0.000000,nan,nan,nan,nan,nan,0.000000,0
1788899854.976886,68.846548,-2.665169,4.210902,-2.985663,-2.665588,4.213570,-2.985663,0.002700,0.000000,-2.665588,4.213570,-2.985663,0.002700,0.000000,-2.665588,4.213570,-2.985663,0.002700,0.000000,nan,nan,nan,nan,nan,0.000000,0
1788899855.026813,68.896475,-2.665169,4.210902,-2.985663,-2.665588,4.213570,-2.985663,0.002700,0.000000,-2.665588,4.213570,-2.985663,0.002700,0.000000,-2.665588,4.213570,-2.985663,0.002700,0.000000,nan,nan,nan,nan,nan,0.000000,0
1788899855.026813,68.896475,-2.665169,4.210902,-2.985663,-2.665588,4.213570,-2.985663,0.002700,0.000000,-2.665588,4.213570,-2.985663,0.002700,0.000000,-2.665588,4.213570,-2.985663,0.002700,0.000000,nan,nan,nan,nan,nan,0.000000,0
1788899855.076568,68.946230,-2.665169,4.210902,-2.985663,-2.665588,4.213570,-2.985663,0.002700,0.000000,-2.665588,4.213570,-2.985663,0.002700,0.000000,-2.665588,4.213570,-2.985663,0.002700,0.000000,nan,nan,nan,nan,nan,0.000000,0
1788899855.076568,68.946230,-2.665169,4.210902,-2.985663,-2.665588,4.213570,-2.985663,0.002700,0.000000,-2.665588,4.213570,-2.985663,0.002700,0.000000,-2.665588,4.213570,-2.985663,0.002700,0.000000,nan,nan,nan,nan,nan,0.000000,0
1788899855.126397,68.996058,-2.665169,4.210902,-2.985663,-2.665588,4.213570,-2.985663,0.002700,0.000000,-2.665588,4.213570,-2.985663,0.002700,0.000000,-2.665588,4.213570,-2.985663,0.002700,0.000000,nan,nan,nan,nan,nan,0.000000,0
1788899855.126397,68.996058,-2.665169,4.210902,-2.985663,-2.665588,4.213570,-2.985663,0.002700,0.000000,-2.665588,4.213570,-2.985663,0.002700,0.000000,-2.665588,4.213570,-2.985663,0.002700,0.000000,nan,nan,nan,nan,nan,0.000000,0
1788899855.176109,69.045771,-2.665169,4.210902,-2.985663,-2.665588,4.213570,-2.985663,0.002700,0.000000,-2.665588,4.213570,-2.985663,0.002700,0.000000,-2.665588,4.213570,-2.985663,0.002700,0.000000,nan,nan,nan,nan,nan,0.000000,0
1788899855.176109,69.045771,-2.665169,4.210902,-2.985663,-2.665588,4.213570,-2.985663,0.002700,0.000000,-2.665588,4.213570,-2.985663,0.002700,0.000000,-2.665588,4.213570,-2.985663,0.002700,0.000000,nan,nan,nan,nan,nan,0.000000,0
1788899855.225968,69.095629,-2.665169,4.210902,-2.985663,-2.665588,4.213570,-2.985663,0.002700,0.000000,-2.665588,4.213570,-2.985663,0.002700,0.000000,-2.665588,4.213570,-2.985663,0.002700,0.000000,nan,nan,nan,nan,nan,0.000000,0
1788899855.225968,69.095629,-2.665169,4.210902,-2.985663,-2.665588,4.213570,-2.985663,0.002700,0.000000,-2.665588,4.213570,-2.985663,0.002700,0.000000,-2.665588,4.213570,-2.985663,0.002700,0.000000,nan,nan,nan,nan,nan,0.000000,0
1788899855.276903,69.146565,-2.665169,4.210902,-2.985663,-2.665588,4.213570,-2.985663,0.002700,0.000000,-2.665588,4.213570,-2.985663,0.002700,0.000000,-2.665588,4.213570,-2.985663,0.002700,0.000000,nan,nan,nan,nan,nan,0.000000,0
1788899855.276903,69.146565,-2.665169,4.210902,-2.985663,-2.665588,4.213570,-2.985663,0.002700,0.000000,-2.665588,4.213570,-2.985663,0.002700,0.000000,-2.665588,4.213570,-2.985663,0.002700,0.000000,nan,nan,nan,nan,nan,0.000000,0
1788899855.326496,69.196157,-2.665169,4.210902,-2.985663,-2.665588,4.213570,-2.985663,0.002700,0.000000,-2.665588,4.213570,-2.985663,0.002700,0.000000,-2.665588,4.213570,-2.985663,0.002700,0.000000,nan,nan,nan,nan,nan,0.000000,0
1788899855.326496,69.196157,-2.665169,4.210902,-2.985663,-2.665588,4.213570,-2.985663,0.002700,0.000000,-2.665588,4.213570,-2.985663,0.002700,0.000000,-2.665588,4.213570,-2.985663,0.002700,0.000000,nan,nan,nan,nan,nan,0.000000,0
1788899855.376386,69.246048,-2.665169,4.210902,-2.985663,-2.665588,4.213570,-2.985663,0.002700,0.000000,-2.665588,4.213570,-2.985663,0.002700,0.000000,-2.665588,4.213570,-2.985663,0.002700,0.000000,nan,nan,nan,nan,nan,0.000000,0
1788899855.376386,69.246048,-2.665169,4.210902,-2.985663,-2.665588,4.213570,-2.985663,0.002700,0.000000,-2.665588,4.213570,-2.985663,0.002700,0.000000,-2.665588,4.213570,-2.985663,0.002700,0.000000,nan,nan,nan,nan,nan,0.000000,0
1788899855.426708,69.296370,-2.665169,4.210902,-2.985663,-2.665588,4.213570,-2.985663,0.002700,0.000000,-2.665588,4.213570,-2.985663,0.002700,0.000000,-2.665588,4.213570,-2.985663,0.002700,0.000000,nan,nan,nan,nan,nan,0.000000,0
1788899855.426708,69.296370,-2.665169,4.210902,-2.985663,-2.665588,4.213570,-2.985663,0.002700,0.000000,-2.665588,4.213570,-2.985663,0.002700,0.000000,-2.665588,4.213570,-2.985663,0.002700,0.000000,nan,nan,nan,nan,nan,0.000000,0
1788899855.476147,69.345809,-2.665169,4.210902,-2.985663,-2.665588,4.213570,-2.985663,0.002700,0.000000,-2.665588,4.213570,-2.985663,0.002700,0.000000,-2.665588,4.213570,-2.985663,0.002700,0.000000,nan,nan,nan,nan,nan,0.000000,0
1788899855.476147,69.345809,-2.665169,4.210902,-2.985663,-2.665588,4.213570,-2.985663,0.002700,0.000000,-2.665588,4.213570,-2.985663,0.002700,0.000000,-2.665588,4.213570,-2.985663,0.002700,0.000000,nan,nan,nan,nan,nan,0.000000,0
1788899855.527079,69.396741,-2.665169,4.210902,-2.985663,-2.665588,4.213570,-2.985663,0.002700,0.000000,-2.665588,4.213570,-2.985663,0.002700,0.000000,-2.665588,4.213570,-2.985663,0.002700,0.000000,nan,nan,nan,nan,nan,0.000000,0
1788899855.527079,69.396741,-2.665169,4.210902,-2.985663,-2.665588,4.213570,-2.985663,0.002700,0.000000,-2.665588,4.213570,-2.985663,0.002700,0.000000,-2.665588,4.213570,-2.985663,0.002700,0.000000,nan,nan,nan,nan,nan,0.000000,0
1788899855.576441,69.446103,-2.665169,4.210902,-2.985663,-2.665588,4.213570,-2.985663,0.002700,0.000000,-2.665588,4.213570,-2.985663,0.002700,0.000000,-2.665588,4.213570,-2.985663,0.002700,0.000000,nan,nan,nan,nan,nan,0.000000,0
1788899855.576441,69.446103,-2.665169,4.210902,-2.985663,-2.665588,4.213570,-2.985663,0.002700,0.000000,-2.665588,4.213570,-2.985663,0.002700,0.000000,-2.665588,4.213570,-2.985663,0.002700,0.000000,nan,nan,nan,nan,nan,0.000000,0
1788899855.626576,69.496238,-2.665169,4.210902,-2.985663,-2.665588,4.213570,-2.985663,0.002700,0.000000,-2.665588,4.213570,-2.985663,0.002700,0.000000,-2.665588,4.213570,-2.985663,0.002700,0.000000,nan,nan,nan,nan,nan,0.000000,0
1788899855.626576,69.496238,-2.665169,4.210902,-2.985663,-2.665588,4.213570,-2.985663,0.002700,0.000000,-2.665588,4.213570,-2.985663,0.002700,0.000000,-2.665588,4.213570,-2.985663,0.002700,0.000000,nan,nan,nan,nan,nan,0.000000,0
1788899855.676730,69.546392,-2.665169,4.210902,-2.985663,-2.665588,4.213570,-2.985663,0.002700,0.000000,-2.665588,4.213570,-2.985663,0.002700,0.000000,-2.665588,4.213570,-2.985663,0.002700,0.000000,nan,nan,nan,nan,nan,0.000000,0
1788899855.676730,69.546392,-2.665169,4.210902,-2.985663,-2.665588,4.213570,-2.985663,0.002700,0.000000,-2.665588,4.213570,-2.985663,0.002700,0.000000,-2.665588,4.213570,-2.985663,0.002700,0.000000,nan,nan,nan,nan,nan,0.000000,0
1788899855.726869,69.596531,-2.665169,4.210902,-2.985663,-2.665588,4.213570,-2.985663,0.002700,0.000000,-2.665588,4.213570,-2.985663,0.002700,0.000000,-2.665588,4.213570,-2.985663,0.002700,0.000000,nan,nan,nan,nan,nan,0.000000,0
1788899855.726869,69.596531,-2.665169,4.210902,-2.985663,-2.665588,4.213570,-2.985663,0.002700,0.000000,-2.665588,4.213570,-2.985663,0.002700,0.000000,-2.665588,4.213570,-2.985663,0.002700,0.000000,nan,nan,nan,nan,nan,0.000000,0
1788899855.776090,69.645752,-2.665169,4.210902,-2.985663,-2.665588,4.213570,-2.985663,0.002700,0.000000,-2.665588,4.213570,-2.985663,0.002700,0.000000,-2.665588,4.213570,-2.985663,0.002700,0.000000,nan,nan,nan,nan,nan,0.000000,0
1788899855.776090,69.645752,-2.665169,4.210902,-2.985663,-2.665588,4.213570,-2.985663,0.002700,0.000000,-2.665588,4.213570,-2.985663,0.002700,0.000000,-2.665588,4.213570,-2.985663,0.002700,0.000000,nan,nan,nan,nan,nan,0.000000,0
1788899855.826565,69.696226,-2.665169,4.210902,-2.985663,-2.665588,4.213570,-2.985663,0.002700,0.000000,-2.665588,4.213570,-2.985663,0.002700,0.000000,-2.665588,4.213570,-2.985663,0.002700,0.000000,nan,nan,nan,nan,nan,0.000000,0
1788899855.826565,69.696226,-2.665169,4.210902,-2.985663,-2.665588,4.213570,-2.985663,0.002700,0.000000,-2.665588,4.213570,-2.985663,0.002700,0.000000,-2.665588,4.213570,-2.985663,0.002700,0.000000,nan,nan,nan,nan,nan,0.000000,0
1788899855.876360,69.746022,-2.665169,4.210902,-2.985663,-2.665588,4.213570,-2.985663,0.002700,0.000000,-2.665588,4.213570,-2.985663,0.002700,0.000000,-2.665588,4.213570,-2.985663,0.002700,0.000000,nan,nan,nan,nan,nan,0.000000,0
1788899855.876360,69.746022,-2.665169,4.210902,-2.985663,-2.665588,4.213570,-2.985663,0.002700,0.000000,-2.665588,4.213570,-2.985663,0.002700,0.000000,-2.665588,4.213570,-2.985663,0.002700,0.000000,nan,nan,nan,nan,nan,0.000000,0
1788899855.926554,69.796216,-2.665169,4.210902,-2.985663,-2.665588,4.213570,-2.985663,0.002700,0.000000,-2.665588,4.213570,-2.985663,0.002700,0.000000,-2.665588,4.213570,-2.985663,0.002700,0.000000,nan,nan,nan,nan,nan,0.000000,0
1788899855.926554,69.796216,-2.665169,4.210902,-2.985663,-2.665588,4.213570,-2.985663,0.002700,0.000000,-2.665588,4.213570,-2.985663,0.002700,0.000000,-2.665588,4.213570,-2.985663,0.002700,0.000000,nan,nan,nan,nan,nan,0.000000,0
1788899855.976721,69.846383,-2.665169,4.210902,-2.985663,-2.665588,4.213570,-2.985663,0.002700,0.000000,-2.665588,4.213570,-2.985663,0.002700,0.000000,-2.665588,4.213570,-2.985663,0.002700,0.000000,nan,nan,nan,nan,nan,0.000000,0
1788899855.976721,69.846383,-2.665169,4.210902,-2.985663,-2.665588,4.213570,-2.985663,0.002700,0.000000,-2.665588,4.213570,-2.985663,0.002700,0.000000,-2.665588,4.213570,-2.985663,0.002700,0.000000,nan,nan,nan,nan,nan,0.000000,0
1788899856.026699,69.896360,-2.665169,4.210902,-2.985663,-2.665588,4.213570,-2.985663,0.002700,0.000000,-2.665588,4.213570,-2.985663,0.002700,0.000000,-2.665588,4.213570,-2.985663,0.002700,0.000000,nan,nan,nan,nan,nan,0.000000,0
1788899856.026699,69.896360,-2.665169,4.210902,-2.985663,-2.665588,4.213570,-2.985663,0.002700,0.000000,-2.665588,4.213570,-2.985663,0.002700,0.000000,-2.665588,4.213570,-2.985663,0.002700,0.000000,nan,nan,nan,nan,nan,0.000000,0
1788899856.076734,69.946396,-2.665169,4.210902,-2.985663,-2.665588,4.213570,-2.985663,0.002700,0.000000,-2.665588,4.213570,-2.985663,0.002700,0.000000,-2.665588,4.213570,-2.985663,0.002700,0.000000,nan,nan,nan,nan,nan,0.000000,0
1788899856.076734,69.946396,-2.665169,4.210902,-2.985663,-2.665588,4.213570,-2.985663,0.002700,0.000000,-2.665588,4.213570,-2.985663,0.002700,0.000000,-2.665588,4.213570,-2.985663,0.002700,0.000000,nan,nan,nan,nan,nan,0.000000,0
1788899856.126492,69.996153,-2.665169,4.210902,-2.985663,-2.665588,4.213570,-2.985663,0.002700,0.000000,-2.665588,4.213570,-2.985663,0.002700,0.000000,-2.665588,4.213570,-2.985663,0.002700,0.000000,nan,nan,nan,nan,nan,0.000000,0
1788899856.126492,69.996153,-2.665169,4.210902,-2.985663,-2.665588,4.213570,-2.985663,0.002700,0.000000,-2.665588,4.213570,-2.985663,0.002700,0.000000,-2.665588,4.213570,-2.985663,0.002700,0.000000,nan,nan,nan,nan,nan,0.000000,0
1788899856.176473,70.046134,-2.665169,4.210902,-2.985663,-2.665588,4.213570,-2.985663,0.002700,0.000000,-2.665588,4.213570,-2.985663,0.002700,0.000000,-2.665588,4.213570,-2.985663,0.002700,0.000000,nan,nan,nan,nan,nan,0.000000,0
1788899856.176473,70.046134,-2.665169,4.210902,-2.985663,-2.665588,4.213570,-2.985663,0.002700,0.000000,-2.665588,4.213570,-2.985663,0.002700,0.000000,-2.665588,4.213570,-2.985663,0.002700,0.000000,nan,nan,nan,nan,nan,0.000000,0
1788899856.226177,70.095839,-2.665169,4.210902,-2.985663,-2.665588,4.213570,-2.985663,0.002700,0.000000,-2.665588,4.213570,-2.985663,0.002700,0.000000,-2.665588,4.213570,-2.985663,0.002700,0.000000,nan,nan,nan,nan,nan,0.000000,0
1788899856.226177,70.095839,-2.665169,4.210902,-2.985663,-2.665588,4.213570,-2.985663,0.002700,0.000000,-2.665588,4.213570,-2.985663,0.002700,0.000000,-2.665588,4.213570,-2.985663,0.002700,0.000000,nan,nan,nan,nan,nan,0.000000,0
1788899856.276789,70.146451,-2.665169,4.210902,-2.985663,-2.665588,4.213570,-2.985663,0.002700,0.000000,-2.665588,4.213570,-2.985663,0.002700,0.000000,-2.665588,4.213570,-2.985663,0.002700,0.000000,nan,nan,nan,nan,nan,0.000000,0
1788899856.276789,70.146451,-2.665169,4.210902,-2.985663,-2.665588,4.213570,-2.985663,0.002700,0.000000,-2.665588,4.213570,-2.985663,0.002700,0.000000,-2.665588,4.213570,-2.985663,0.002700,0.000000,nan,nan,nan,nan,nan,0.000000,0
1788899856.326850,70.196512,-2.665169,4.210902,-2.985663,-2.665588,4.213570,-2.985663,0.002700,0.000000,-2.665588,4.213570,-2.985663,0.002700,0.000000,-2.665588,4.213570,-2.985663,0.002700,0.000000,nan,nan,nan,nan,nan,0.000000,0
1788899856.326850,70.196512,-2.665169,4.210902,-2.985663,-2.665588,4.213570,-2.985663,0.002700,0.000000,-2.665588,4.213570,-2.985663,0.002700,0.000000,-2.665588,4.213570,-2.985663,0.002700,0.000000,nan,nan,nan,nan,nan,0.000000,0
1788899856.376559,70.246221,-2.665169,4.210902,-2.985663,-2.665588,4.213570,-2.985663,0.002700,0.000000,-2.665588,4.213570,-2.985663,0.002700,0.000000,-2.665588,4.213570,-2.985663,0.002700,0.000000,nan,nan,nan,nan,nan,0.000000,0
1788899856.376559,70.246221,-2.665169,4.210902,-2.985663,-2.665588,4.213570,-2.985663,0.002700,0.000000,-2.665588,4.213570,-2.985663,0.002700,0.000000,-2.665588,4.213570,-2.985663,0.002700,0.000000,nan,nan,nan,nan,nan,0.000000,0
1788899856.426859,70.296521,-2.665169,4.210902,-2.985663,-2.665588,4.213570,-2.985663,0.002700,0.000000,-2.665588,4.213570,-2.985663,0.002700,0.000000,-2.665588,4.213570,-2.985663,0.002700,0.000000,nan,nan,nan,nan,nan,0.000000,0
1788899856.426859,70.296521,-2.665169,4.210902,-2.985663,-2.665588,4.213570,-2.985663,0.002700,0.000000,-2.665588,4.213570,-2.985663,0.002700,0.000000,-2.665588,4.213570,-2.985663,0.002700,0.000000,nan,nan,nan,nan,nan,0.000000,0
1788899856.476302,70.345964,-2.665153,4.210804,-2.985663,-2.665588,4.213570,-2.985663,0.002800,0.000000,-2.665588,4.213570,-2.985663,0.002800,0.000000,-2.665588,4.213570,-2.985663,0.002800,0.000000,nan,nan,nan,nan,nan,0.002023,0
1788899856.476302,70.345964,-2.665153,4.210804,-2.985663,-2.665588,4.213570,-2.985663,0.002800,0.000000,-2.665588,4.213570,-2.985663,0.002800,0.000000,-2.665588,4.213570,-2.985663,0.002800,0.000000,nan,nan,nan,nan,nan,0.002023,0
1788899856.526944,70.396606,-2.665153,4.210804,-2.985663,-2.665588,4.213570,-2.985663,0.002800,0.000000,-2.665588,4.213570,-2.985663,0.002800,0.000000,-2.665588,4.213570,-2.985663,0.002800,0.000000,nan,nan,nan,nan,nan,0.000000,0
1788899856.526944,70.396606,-2.665153,4.210804,-2.985663,-2.665588,4.213570,-2.985663,0.002800,0.000000,-2.665588,4.213570,-2.985663,0.002800,0.000000,-2.665588,4.213570,-2.985663,0.002800,0.000000,nan,nan,nan,nan,nan,0.000000,0
1788899856.576430,70.446092,-2.665153,4.210804,-2.985663,-2.665588,4.213570,-2.985663,0.002800,0.000000,-2.665588,4.213570,-2.985663,0.002800,0.000000,-2.665588,4.213570,-2.985663,0.002800,0.000000,nan,nan,nan,nan,nan,0.000000,0
1788899856.576430,70.446092,-2.665153,4.210804,-2.985663,-2.665588,4.213570,-2.985663,0.002800,0.000000,-2.665588,4.213570,-2.985663,0.002800,0.000000,-2.665588,4.213570,-2.985663,0.002800,0.000000,nan,nan,nan,nan,nan,0.000000,0
1788899856.626482,70.496144,-2.665153,4.210804,-2.985663,-2.665588,4.213570,-2.985663,0.002800,0.000000,-2.665588,4.213570,-2.985663,0.002800,0.000000,-2.665588,4.213570,-2.985663,0.002800,0.000000,nan,nan,nan,nan,nan,0.000000,0
1788899856.626482,70.496144,-2.665153,4.210804,-2.985663,-2.665588,4.213570,-2.985663,0.002800,0.000000,-2.665588,4.213570,-2.985663,0.002800,0.000000,-2.665588,4.213570,-2.985663,0.002800,0.000000,nan,nan,nan,nan,nan,0.000000,0
1788899856.676559,70.546221,-2.665153,4.210804,-2.985663,-2.665588,4.213570,-2.985663,0.002800,0.000000,-2.665588,4.213570,-2.985663,0.002800,0.000000,-2.665588,4.213570,-2.985663,0.002800,0.000000,nan,nan,nan,nan,nan,0.000000,0
1788899856.676559,70.546221,-2.665153,4.210804,-2.985663,-2.665588,4.213570,-2.985663,0.002800,0.000000,-2.665588,4.213570,-2.985663,0.002800,0.000000,-2.665588,4.213570,-2.985663,0.002800,0.000000,nan,nan,nan,nan,nan,0.000000,0
1788899856.726405,70.596067,-2.665153,4.210804,-2.985663,-2.665588,4.213570,-2.985663,0.002800,0.000000,-2.665588,4.213570,-2.985663,0.002800,0.000000,-2.665588,4.213570,-2.985663,0.002800,0.000000,nan,nan,nan,nan,nan,0.000000,0
1788899856.726405,70.596067,-2.665153,4.210804,-2.985663,-2.665588,4.213570,-2.985663,0.002800,0.000000,-2.665588,4.213570,-2.985663,0.002800,0.000000,-2.665588,4.213570,-2.985663,0.002800,0.000000,nan,nan,nan,nan,nan,0.000000,0
1788899856.776404,70.646066,-2.665153,4.210804,-2.985663,-2.665588,4.213570,-2.985663,0.002800,0.000000,-2.665588,4.213570,-2.985663,0.002800,0.000000,-2.665588,4.213570,-2.985663,0.002800,0.000000,nan,nan,nan,nan,nan,0.000000,0
1788899856.776404,70.646066,-2.665153,4.210804,-2.985663,-2.665588,4.213570,-2.985663,0.002800,0.000000,-2.665588,4.213570,-2.985663,0.002800,0.000000,-2.665588,4.213570,-2.985663,0.002800,0.000000,nan,nan,nan,nan,nan,0.000000,0
1788899856.826569,70.696231,-2.665153,4.210804,-2.985663,-2.665588,4.213570,-2.985663,0.002800,0.000000,-2.665588,4.213570,-2.985663,0.002800,0.000000,-2.665588,4.213570,-2.985663,0.002800,0.000000,nan,nan,nan,nan,nan,0.000000,0
1788899856.826569,70.696231,-2.665153,4.210804,-2.985663,-2.665588,4.213570,-2.985663,0.002800,0.000000,-2.665588,4.213570,-2.985663,0.002800,0.000000,-2.665588,4.213570,-2.985663,0.002800,0.000000,nan,nan,nan,nan,nan,0.000000,0
1788899856.876842,70.746504,-2.665153,4.210804,-2.985663,-2.665588,4.213570,-2.985663,0.002800,0.000000,-2.665588,4.213570,-2.985663,0.002800,0.000000,-2.665588,4.213570,-2.985663,0.002800,0.000000,nan,nan,nan,nan,nan,0.000000,0
1788899856.876842,70.746504,-2.665153,4.210804,-2.985663,-2.665588,4.213570,-2.985663,0.002800,0.000000,-2.665588,4.213570,-2.985663,0.002800,0.000000,-2.665588,4.213570,-2.985663,0.002800,0.000000,nan,nan,nan,nan,nan,0.000000,0
1788899856.926830,70.796491,-2.665153,4.210804,-2.985663,-2.665588,4.213570,-2.985663,0.002800,0.000000,-2.665588,4.213570,-2.985663,0.002800,0.000000,-2.665588,4.213570,-2.985663,0.002800,0.000000,nan,nan,nan,nan,nan,0.000000,0
1788899856.926830,70.796491,-2.665153,4.210804,-2.985663,-2.665588,4.213570,-2.985663,0.002800,0.000000,-2.665588,4.213570,-2.985663,0.002800,0.000000,-2.665588,4.213570,-2.985663,0.002800,0.000000,nan,nan,nan,nan,nan,0.000000,0
1788899856.976298,70.845960,-2.665153,4.210804,-2.985663,-2.665588,4.213570,-2.985663,0.002800,0.000000,-2.665588,4.213570,-2.985663,0.002800,0.000000,-2.665588,4.213570,-2.985663,0.002800,0.000000,nan,nan,nan,nan,nan,0.000000,0
1788899856.976298,70.845960,-2.665153,4.210804,-2.985663,-2.665588,4.213570,-2.985663,0.002800,0.000000,-2.665588,4.213570,-2.985663,0.002800,0.000000,-2.665588,4.213570,-2.985663,0.002800,0.000000,nan,nan,nan,nan,nan,0.000000,0
1788899857.026662,70.896324,-2.665153,4.210804,-2.985663,-2.665588,4.213570,-2.985663,0.002800,0.000000,-2.665588,4.213570,-2.985663,0.002800,0.000000,-2.665588,4.213570,-2.985663,0.002800,0.000000,nan,nan,nan,nan,nan,0.000000,0
1788899857.026662,70.896324,-2.665153,4.210804,-2.985663,-2.665588,4.213570,-2.985663,0.002800,0.000000,-2.665588,4.213570,-2.985663,0.002800,0.000000,-2.665588,4.213570,-2.985663,0.002800,0.000000,nan,nan,nan,nan,nan,0.000000,0
1788899857.076440,70.946102,-2.665153,4.210804,-2.985663,-2.665588,4.213570,-2.985663,0.002800,0.000000,-2.665588,4.213570,-2.985663,0.002800,0.000000,-2.665588,4.213570,-2.985663,0.002800,0.000000,nan,nan,nan,nan,nan,0.000000,0
1788899857.076440,70.946102,-2.665153,4.210804,-2.985663,-2.665588,4.213570,-2.985663,0.002800,0.000000,-2.665588,4.213570,-2.985663,0.002800,0.000000,-2.665588,4.213570,-2.985663,0.002800,0.000000,nan,nan,nan,nan,nan,0.000000,0
1788899857.126581,70.996243,-2.665153,4.210804,-2.985663,-2.665588,4.213570,-2.985663,0.002800,0.000000,-2.665588,4.213570,-2.985663,0.002800,0.000000,-2.665588,4.213570,-2.985663,0.002800,0.000000,nan,nan,nan,nan,nan,0.000000,0
1788899857.126581,70.996243,-2.665153,4.210804,-2.985663,-2.665588,4.213570,-2.985663,0.002800,0.000000,-2.665588,4.213570,-2.985663,0.002800,0.000000,-2.665588,4.213570,-2.985663,0.002800,0.000000,nan,nan,nan,nan,nan,0.000000,0
1788899857.176068,71.045730,-2.665153,4.210804,-2.985663,-2.665588,4.213570,-2.985663,0.002800,0.000000,-2.665588,4.213570,-2.985663,0.002800,0.000000,-2.665588,4.213570,-2.985663,0.002800,0.000000,nan,nan,nan,nan,nan,0.000000,0
1788899857.176068,71.045730,-2.665153,4.210804,-2.985663,-2.665588,4.213570,-2.985663,0.002800,0.000000,-2.665588,4.213570,-2.985663,0.002800,0.000000,-2.665588,4.213570,-2.985663,0.002800,0.000000,nan,nan,nan,nan,nan,0.000000,0
1788899857.226621,71.096282,-2.665153,4.210804,-2.985663,-2.665588,4.213570,-2.985663,0.002800,0.000000,-2.665588,4.213570,-2.985663,0.002800,0.000000,-2.665588,4.213570,-2.985663,0.002800,0.000000,nan,nan,nan,nan,nan,0.000000,0
1788899857.226621,71.096282,-2.665153,4.210804,-2.985663,-2.665588,4.213570,-2.985663,0.002800,0.000000,-2.665588,4.213570,-2.985663,0.002800,0.000000,-2.665588,4.213570,-2.985663,0.002800,0.000000,nan,nan,nan,nan,nan,0.000000,0
1788899857.276570,71.146232,-2.665153,4.210804,-2.985663,-2.665588,4.213570,-2.985663,0.002800,0.000000,-2.665588,4.213570,-2.985663,0.002800,0.000000,-2.665588,4.213570,-2.985663,0.002800,0.000000,nan,nan,nan,nan,nan,0.000000,0
1788899857.276570,71.146232,-2.665153,4.210804,-2.985663,-2.665588,4.213570,-2.985663,0.002800,0.000000,-2.665588,4.213570,-2.985663,0.002800,0.000000,-2.665588,4.213570,-2.985663,0.002800,0.000000,nan,nan,nan,nan,nan,0.000000,0
1788899857.326565,71.196226,-2.665153,4.210804,-2.985663,-2.665588,4.213570,-2.985663,0.002800,0.000000,-2.665588,4.213570,-2.985663,0.002800,0.000000,-2.665588,4.213570,-2.985663,0.002800,0.000000,nan,nan,nan,nan,nan,0.000000,0
1788899857.326565,71.196226,-2.665153,4.210804,-2.985663,-2.665588,4.213570,-2.985663,0.002800,0.000000,-2.665588,4.213570,-2.985663,0.002800,0.000000,-2.665588,4.213570,-2.985663,0.002800,0.000000,nan,nan,nan,nan,nan,0.000000,0
1788899857.376574,71.246235,-2.665153,4.210804,-2.985663,-2.665588,4.213570,-2.985663,0.002800,0.000000,-2.665588,4.213570,-2.985663,0.002800,0.000000,-2.665588,4.213570,-2.985663,0.002800,0.000000,nan,nan,nan,nan,nan,0.000000,0
1788899857.376574,71.246235,-2.665153,4.210804,-2.985663,-2.665588,4.213570,-2.985663,0.002800,0.000000,-2.665588,4.213570,-2.985663,0.002800,0.000000,-2.665588,4.213570,-2.985663,0.002800,0.000000,nan,nan,nan,nan,nan,0.000000,0
1788899857.426779,71.296441,-2.665153,4.210804,-2.985663,-2.665588,4.213570,-2.985663,0.002800,0.000000,-2.665588,4.213570,-2.985663,0.002800,0.000000,-2.665588,4.213570,-2.985663,0.002800,0.000000,nan,nan,nan,nan,nan,0.000000,0
1788899857.426779,71.296441,-2.665153,4.210804,-2.985663,-2.665588,4.213570,-2.985663,0.002800,0.000000,-2.665588,4.213570,-2.985663,0.002800,0.000000,-2.665588,4.213570,-2.985663,0.002800,0.000000,nan,nan,nan,nan,nan,0.000000,0
1788899857.476922,71.346584,-2.665153,4.210804,-2.985663,-2.665588,4.213570,-2.985663,0.002800,0.000000,-2.665588,4.213570,-2.985663,0.002800,0.000000,-2.665588,4.213570,-2.985663,0.002800,0.000000,nan,nan,nan,nan,nan,0.000000,0
1788899857.476922,71.346584,-2.665153,4.210804,-2.985663,-2.665588,4.213570,-2.985663,0.002800,0.000000,-2.665588,4.213570,-2.985663,0.002800,0.000000,-2.665588,4.213570,-2.985663,0.002800,0.000000,nan,nan,nan,nan,nan,0.000000,0
1788899857.525911,71.395573,-2.665153,4.210804,-2.985663,-2.665588,4.213570,-2.985663,0.002800,0.000000,-2.665588,4.213570,-2.985663,0.002800,0.000000,-2.665588,4.213570,-2.985663,0.002800,0.000000,nan,nan,nan,nan,nan,0.000000,0
1788899857.525911,71.395573,-2.665153,4.210804,-2.985663,-2.665588,4.213570,-2.985663,0.002800,0.000000,-2.665588,4.213570,-2.985663,0.002800,0.000000,-2.665588,4.213570,-2.985663,0.002800,0.000000,nan,nan,nan,nan,nan,0.000000,0
1788899857.576386,71.446048,-2.665153,4.210804,-2.985663,-2.665588,4.213570,-2.985663,0.002800,0.000000,-2.665588,4.213570,-2.985663,0.002800,0.000000,-2.665588,4.213570,-2.985663,0.002800,0.000000,nan,nan,nan,nan,nan,0.000000,0
1788899857.576386,71.446048,-2.665153,4.210804,-2.985663,-2.665588,4.213570,-2.985663,0.002800,0.000000,-2.665588,4.213570,-2.985663,0.002800,0.000000,-2.665588,4.213570,-2.985663,0.002800,0.000000,nan,nan,nan,nan,nan,0.000000,0
1788899857.626674,71.496336,-2.665153,4.210804,-2.985663,-2.665588,4.213570,-2.985663,0.002800,0.000000,-2.665588,4.213570,-2.985663,0.002800,0.000000,-2.665588,4.213570,-2.985663,0.002800,0.000000,nan,nan,nan,nan,nan,0.000000,0
1788899857.626674,71.496336,-2.665153,4.210804,-2.985663,-2.665588,4.213570,-2.985663,0.002800,0.000000,-2.665588,4.213570,-2.985663,0.002800,0.000000,-2.665588,4.213570,-2.985663,0.002800,0.000000,nan,nan,nan,nan,nan,0.000000,0
1788899857.676039,71.545701,-2.665153,4.210804,-2.985663,-2.665588,4.213570,-2.985663,0.002800,0.000000,-2.665588,4.213570,-2.985663,0.002800,0.000000,-2.665588,4.213570,-2.985663,0.002800,0.000000,nan,nan,nan,nan,nan,0.000000,0
1788899857.676039,71.545701,-2.665153,4.210804,-2.985663,-2.665588,4.213570,-2.985663,0.002800,0.000000,-2.665588,4.213570,-2.985663,0.002800,0.000000,-2.665588,4.213570,-2.985663,0.002800,0.000000,nan,nan,nan,nan,nan,0.000000,0
1788899857.726739,71.596401,-2.665153,4.210804,-2.985663,-2.665588,4.213570,-2.985663,0.002800,0.000000,-2.665588,4.213570,-2.985663,0.002800,0.000000,-2.665588,4.213570,-2.985663,0.002800,0.000000,nan,nan,nan,nan,nan,0.000000,0
1788899857.726739,71.596401,-2.665153,4.210804,-2.985663,-2.665588,4.213570,-2.985663,0.002800,0.000000,-2.665588,4.213570,-2.985663,0.002800,0.000000,-2.665588,4.213570,-2.985663,0.002800,0.000000,nan,nan,nan,nan,nan,0.000000,0
1788899857.776035,71.645697,-2.665153,4.210804,-2.985663,-2.665588,4.213570,-2.985663,0.002800,0.000000,-2.665588,4.213570,-2.985663,0.002800,0.000000,-2.665588,4.213570,-2.985663,0.002800,0.000000,nan,nan,nan,nan,nan,0.000000,0
1788899857.776035,71.645697,-2.665153,4.210804,-2.985663,-2.665588,4.213570,-2.985663,0.002800,0.000000,-2.665588,4.213570,-2.985663,0.002800,0.000000,-2.665588,4.213570,-2.985663,0.002800,0.000000,nan,nan,nan,nan,nan,0.000000,0
1788899857.826573,71.696235,-2.665153,4.210804,-2.985663,-2.665588,4.213570,-2.985663,0.002800,0.000000,-2.665588,4.213570,-2.985663,0.002800,0.000000,-2.665588,4.213570,-2.985663,0.002800,0.000000,nan,nan,nan,nan,nan,0.000000,0
1788899857.826573,71.696235,-2.665153,4.210804,-2.985663,-2.665588,4.213570,-2.985663,0.002800,0.000000,-2.665588,4.213570,-2.985663,0.002800,0.000000,-2.665588,4.213570,-2.985663,0.002800,0.000000,nan,nan,nan,nan,nan,0.000000,0
1788899857.876745,71.746407,-2.665153,4.210804,-2.985663,-2.665588,4.213570,-2.985663,0.002800,0.000000,-2.665588,4.213570,-2.985663,0.002800,0.000000,-2.665588,4.213570,-2.985663,0.002800,0.000000,nan,nan,nan,nan,nan,0.000000,0
1788899857.876745,71.746407,-2.665153,4.210804,-2.985663,-2.665588,4.213570,-2.985663,0.002800,0.000000,-2.665588,4.213570,-2.985663,0.002800,0.000000,-2.665588,4.213570,-2.985663,0.002800,0.000000,nan,nan,nan,nan,nan,0.000000,0
1788899857.926055,71.795717,-2.665153,4.210804,-2.985663,-2.665588,4.213570,-2.985663,0.002800,0.000000,-2.665588,4.213570,-2.985663,0.002800,0.000000,-2.665588,4.213570,-2.985663,0.002800,0.000000,nan,nan,nan,nan,nan,0.000000,0
1788899857.926055,71.795717,-2.665153,4.210804,-2.985663,-2.665588,4.213570,-2.985663,0.002800,0.000000,-2.665588,4.213570,-2.985663,0.002800,0.000000,-2.665588,4.213570,-2.985663,0.002800,0.000000,nan,nan,nan,nan,nan,0.000000,0
1788899857.976465,71.846127,-2.665153,4.210804,-2.985663,-2.665588,4.213570,-2.985663,0.002800,0.000000,-2.665588,4.213570,-2.985663,0.002800,0.000000,-2.665588,4.213570,-2.985663,0.002800,0.000000,nan,nan,nan,nan,nan,0.000000,0
1788899857.976465,71.846127,-2.665153,4.210804,-2.985663,-2.665588,4.213570,-2.985663,0.002800,0.000000,-2.665588,4.213570,-2.985663,0.002800,0.000000,-2.665588,4.213570,-2.985663,0.002800,0.000000,nan,nan,nan,nan,nan,0.000000,0
1788899858.026647,71.896309,-2.665153,4.210804,-2.985663,-2.665588,4.213570,-2.985663,0.002800,0.000000,-2.665588,4.213570,-2.985663,0.002800,0.000000,-2.665588,4.213570,-2.985663,0.002800,0.000000,nan,nan,nan,nan,nan,0.000000,0
1788899858.026647,71.896309,-2.665153,4.210804,-2.985663,-2.665588,4.213570,-2.985663,0.002800,0.000000,-2.665588,4.213570,-2.985663,0.002800,0.000000,-2.665588,4.213570,-2.985663,0.002800,0.000000,nan,nan,nan,nan,nan,0.000000,0
1788899858.076869,71.946531,-2.665153,4.210804,-2.985663,-2.665588,4.213570,-2.985663,0.002800,0.000000,-2.665588,4.213570,-2.985663,0.002800,0.000000,-2.665588,4.213570,-2.985663,0.002800,0.000000,nan,nan,nan,nan,nan,0.000000,0
1788899858.076869,71.946531,-2.665153,4.210804,-2.985663,-2.665588,4.213570,-2.985663,0.002800,0.000000,-2.665588,4.213570,-2.985663,0.002800,0.000000,-2.665588,4.213570,-2.985663,0.002800,0.000000,nan,nan,nan,nan,nan,0.000000,0
1788899858.126771,71.996433,-2.665153,4.210804,-2.985663,-2.665588,4.213570,-2.985663,0.002800,0.000000,-2.665588,4.213570,-2.985663,0.002800,0.000000,-2.665588,4.213570,-2.985663,0.002800,0.000000,nan,nan,nan,nan,nan,0.000000,0
1788899858.126771,71.996433,-2.665153,4.210804,-2.985663,-2.665588,4.213570,-2.985663,0.002800,0.000000,-2.665588,4.213570,-2.985663,0.002800,0.000000,-2.665588,4.213570,-2.985663,0.002800,0.000000,nan,nan,nan,nan,nan,0.000000,0
1788899858.176266,72.045928,-2.665153,4.210804,-2.985663,-2.665588,4.213570,-2.985663,0.002800,0.000000,-2.665588,4.213570,-2.985663,0.002800,0.000000,-2.665588,4.213570,-2.985663,0.002800,0.000000,nan,nan,nan,nan,nan,0.000000,0
1788899858.176266,72.045928,-2.665153,4.210804,-2.985663,-2.665588,4.213570,-2.985663,0.002800,0.000000,-2.665588,4.213570,-2.985663,0.002800,0.000000,-2.665588,4.213570,-2.985663,0.002800,0.000000,nan,nan,nan,nan,nan,0.000000,0
1788899858.226906,72.096567,-2.665153,4.210804,-2.985663,-2.665588,4.213570,-2.985663,0.002800,0.000000,-2.665588,4.213570,-2.985663,0.002800,0.000000,-2.665588,4.213570,-2.985663,0.002800,0.000000,nan,nan,nan,nan,nan,0.000000,0
1788899858.226906,72.096567,-2.665153,4.210804,-2.985663,-2.665588,4.213570,-2.985663,0.002800,0.000000,-2.665588,4.213570,-2.985663,0.002800,0.000000,-2.665588,4.213570,-2.985663,0.002800,0.000000,nan,nan,nan,nan,nan,0.000000,0
1788899858.275943,72.145605,-2.665153,4.210804,-2.985663,-2.665588,4.213570,-2.985663,0.002800,0.000000,-2.665588,4.213570,-2.985663,0.002800,0.000000,-2.665588,4.213570,-2.985663,0.002800,0.000000,nan,nan,nan,nan,nan,0.000000,0
1788899858.275943,72.145605,-2.665153,4.210804,-2.985663,-2.665588,4.213570,-2.985663,0.002800,0.000000,-2.665588,4.213570,-2.985663,0.002800,0.000000,-2.665588,4.213570,-2.985663,0.002800,0.000000,nan,nan,nan,nan,nan,0.000000,0
1788899858.326407,72.196069,-2.665153,4.210804,-2.985663,-2.665588,4.213570,-2.985663,0.002800,0.000000,-2.665588,4.213570,-2.985663,0.002800,0.000000,-2.665588,4.213570,-2.985663,0.002800,0.000000,nan,nan,nan,nan,nan,0.000000,0
1788899858.326407,72.196069,-2.665153,4.210804,-2.985663,-2.665588,4.213570,-2.985663,0.002800,0.000000,-2.665588,4.213570,-2.985663,0.002800,0.000000,-2.665588,4.213570,-2.985663,0.002800,0.000000,nan,nan,nan,nan,nan,0.000000,0
1788899858.376029,72.245690,-2.665153,4.210804,-2.985663,-2.665588,4.213570,-2.985663,0.002800,0.000000,-2.665588,4.213570,-2.985663,0.002800,0.000000,-2.665588,4.213570,-2.985663,0.002800,0.000000,nan,nan,nan,nan,nan,0.000000,0
1788899858.376029,72.245690,-2.665153,4.210804,-2.985663,-2.665588,4.213570,-2.985663,0.002800,0.000000,-2.665588,4.213570,-2.985663,0.002800,0.000000,-2.665588,4.213570,-2.985663,0.002800,0.000000,nan,nan,nan,nan,nan,0.000000,0
1788899858.426959,72.296621,-2.665153,4.210804,-2.985663,-2.665588,4.213570,-2.985663,0.002800,0.000000,-2.665588,4.213570,-2.985663,0.002800,0.000000,-2.665588,4.213570,-2.985663,0.002800,0.000000,nan,nan,nan,nan,nan,0.000000,0
1788899858.426959,72.296621,-2.665153,4.210804,-2.985663,-2.665588,4.213570,-2.985663,0.002800,0.000000,-2.665588,4.213570,-2.985663,0.002800,0.000000,-2.665588,4.213570,-2.985663,0.002800,0.000000,nan,nan,nan,nan,nan,0.000000,0
1788899858.476633,72.346295,-2.665153,4.210804,-2.985663,-2.665588,4.213570,-2.985663,0.002800,0.000000,-2.665588,4.213570,-2.985663,0.002800,0.000000,-2.665588,4.213570,-2.985663,0.002800,0.000000,nan,nan,nan,nan,nan,0.000000,0
1788899858.476633,72.346295,-2.665153,4.210804,-2.985663,-2.665588,4.213570,-2.985663,0.002800,0.000000,-2.665588,4.213570,-2.985663,0.002800,0.000000,-2.665588,4.213570,-2.985663,0.002800,0.000000,nan,nan,nan,nan,nan,0.000000,0
1788899858.526910,72.396571,-2.665153,4.210804,-2.985663,-2.665588,4.213570,-2.985663,0.002800,0.000000,-2.665588,4.213570,-2.985663,0.002800,0.000000,-2.665588,4.213570,-2.985663,0.002800,0.000000,nan,nan,nan,nan,nan,0.000000,0
1788899858.526910,72.396571,-2.665153,4.210804,-2.985663,-2.665588,4.213570,-2.985663,0.002800,0.000000,-2.665588,4.213570,-2.985663,0.002800,0.000000,-2.665588,4.213570,-2.985663,0.002800,0.000000,nan,nan,nan,nan,nan,0.000000,0
1788899858.576657,72.446318,-2.665153,4.210804,-2.985663,-2.665588,4.213570,-2.985663,0.002800,0.000000,-2.665588,4.213570,-2.985663,0.002800,0.000000,-2.665588,4.213570,-2.985663,0.002800,0.000000,nan,nan,nan,nan,nan,0.000000,0
1788899858.576657,72.446318,-2.665153,4.210804,-2.985663,-2.665588,4.213570,-2.985663,0.002800,0.000000,-2.665588,4.213570,-2.985663,0.002800,0.000000,-2.665588,4.213570,-2.985663,0.002800,0.000000,nan,nan,nan,nan,nan,0.000000,0
1788899858.626378,72.496040,-2.665153,4.210804,-2.985663,-2.665588,4.213570,-2.985663,0.002800,0.000000,-2.665588,4.213570,-2.985663,0.002800,0.000000,-2.665588,4.213570,-2.985663,0.002800,0.000000,nan,nan,nan,nan,nan,0.000000,0
1788899858.626378,72.496040,-2.665153,4.210804,-2.985663,-2.665588,4.213570,-2.985663,0.002800,0.000000,-2.665588,4.213570,-2.985663,0.002800,0.000000,-2.665588,4.213570,-2.985663,0.002800,0.000000,nan,nan,nan,nan,nan,0.000000,0
1788899858.676761,72.546423,-2.665153,4.210804,-2.985663,-2.665588,4.213570,-2.985663,0.002800,0.000000,-2.665588,4.213570,-2.985663,0.002800,0.000000,-2.665588,4.213570,-2.985663,0.002800,0.000000,nan,nan,nan,nan,nan,0.000000,0
1788899858.676761,72.546423,-2.665153,4.210804,-2.985663,-2.665588,4.213570,-2.985663,0.002800,0.000000,-2.665588,4.213570,-2.985663,0.002800,0.000000,-2.665588,4.213570,-2.985663,0.002800,0.000000,nan,nan,nan,nan,nan,0.000000,0
1788899858.726334,72.595996,-2.665153,4.210804,-2.985663,-2.665588,4.213570,-2.985663,0.002800,0.000000,-2.665588,4.213570,-2.985663,0.002800,0.000000,-2.665588,4.213570,-2.985663,0.002800,0.000000,nan,nan,nan,nan,nan,0.000000,0
1788899858.726334,72.595996,-2.665153,4.210804,-2.985663,-2.665588,4.213570,-2.985663,0.002800,0.000000,-2.665588,4.213570,-2.985663,0.002800,0.000000,-2.665588,4.213570,-2.985663,0.002800,0.000000,nan,nan,nan,nan,nan,0.000000,0
1788899858.776794,72.646456,-2.665153,4.210804,-2.985663,-2.665588,4.213570,-2.985663,0.002800,0.000000,-2.665588,4.213570,-2.985663,0.002800,0.000000,-2.665588,4.213570,-2.985663,0.002800,0.000000,nan,nan,nan,nan,nan,0.000000,0
1788899858.776794,72.646456,-2.665153,4.210804,-2.985663,-2.665588,4.213570,-2.985663,0.002800,0.000000,-2.665588,4.213570,-2.985663,0.002800,0.000000,-2.665588,4.213570,-2.985663,0.002800,0.000000,nan,nan,nan,nan,nan,0.000000,0
1788899858.826493,72.696155,-2.665153,4.210804,-2.985663,-2.665588,4.213570,-2.985663,0.002800,0.000000,-2.665588,4.213570,-2.985663,0.002800,0.000000,-2.665588,4.213570,-2.985663,0.002800,0.000000,nan,nan,nan,nan,nan,0.000000,0
1788899858.826493,72.696155,-2.665153,4.210804,-2.985663,-2.665588,4.213570,-2.985663,0.002800,0.000000,-2.665588,4.213570,-2.985663,0.002800,0.000000,-2.665588,4.213570,-2.985663,0.002800,0.000000,nan,nan,nan,nan,nan,0.000000,0
1788899858.876872,72.746534,-2.665153,4.210804,-2.985663,-2.665588,4.213570,-2.985663,0.002800,0.000000,-2.665588,4.213570,-2.985663,0.002800,0.000000,-2.665588,4.213570,-2.985663,0.002800,0.000000,nan,nan,nan,nan,nan,0.000000,0
1788899858.876872,72.746534,-2.665153,4.210804,-2.985663,-2.665588,4.213570,-2.985663,0.002800,0.000000,-2.665588,4.213570,-2.985663,0.002800,0.000000,-2.665588,4.213570,-2.985663,0.002800,0.000000,nan,nan,nan,nan,nan,0.000000,0
1788899858.926737,72.796399,-2.665153,4.210804,-2.985663,-2.665588,4.213570,-2.985663,0.002800,0.000000,-2.665588,4.213570,-2.985663,0.002800,0.000000,-2.665588,4.213570,-2.985663,0.002800,0.000000,nan,nan,nan,nan,nan,0.000000,0
1788899858.926737,72.796399,-2.665153,4.210804,-2.985663,-2.665588,4.213570,-2.985663,0.002800,0.000000,-2.665588,4.213570,-2.985663,0.002800,0.000000,-2.665588,4.213570,-2.985663,0.002800,0.000000,nan,nan,nan,nan,nan,0.000000,0
1788899858.976789,72.846450,-2.665153,4.210804,-2.985663,-2.665588,4.213570,-2.985663,0.002800,0.000000,-2.665588,4.213570,-2.985663,0.002800,0.000000,-2.665588,4.213570,-2.985663,0.002800,0.000000,nan,nan,nan,nan,nan,0.000000,0
1788899858.976789,72.846450,-2.665153,4.210804,-2.985663,-2.665588,4.213570,-2.985663,0.002800,0.000000,-2.665588,4.213570,-2.985663,0.002800,0.000000,-2.665588,4.213570,-2.985663,0.002800,0.000000,nan,nan,nan,nan,nan,0.000000,0
1788899859.026898,72.896559,-2.665138,4.210705,-2.985663,-2.665588,4.213570,-2.985663,0.002900,0.000000,-2.665588,4.213570,-2.985663,0.002900,0.000000,-2.665588,4.213570,-2.985663,0.002900,0.000000,nan,nan,nan,nan,nan,0.001996,0
1788899859.026898,72.896559,-2.665138,4.210705,-2.985663,-2.665588,4.213570,-2.985663,0.002900,0.000000,-2.665588,4.213570,-2.985663,0.002900,0.000000,-2.665588,4.213570,-2.985663,0.002900,0.000000,nan,nan,nan,nan,nan,0.001996,0
1788899859.075947,72.945608,-2.665138,4.210705,-2.985663,-2.665588,4.213570,-2.985663,0.002900,0.000000,-2.665588,4.213570,-2.985663,0.002900,0.000000,-2.665588,4.213570,-2.985663,0.002900,0.000000,nan,nan,nan,nan,nan,0.000000,0
1788899859.075947,72.945608,-2.665138,4.210705,-2.985663,-2.665588,4.213570,-2.985663,0.002900,0.000000,-2.665588,4.213570,-2.985663,0.002900,0.000000,-2.665588,4.213570,-2.985663,0.002900,0.000000,nan,nan,nan,nan,nan,0.000000,0
1788899859.126903,72.996565,-2.665138,4.210705,-2.985663,-2.665588,4.213570,-2.985663,0.002900,0.000000,-2.665588,4.213570,-2.985663,0.002900,0.000000,-2.665588,4.213570,-2.985663,0.002900,0.000000,nan,nan,nan,nan,nan,0.000000,0
1788899859.126903,72.996565,-2.665138,4.210705,-2.985663,-2.665588,4.213570,-2.985663,0.002900,0.000000,-2.665588,4.213570,-2.985663,0.002900,0.000000,-2.665588,4.213570,-2.985663,0.002900,0.000000,nan,nan,nan,nan,nan,0.000000,0
1788899859.176882,73.046544,-2.665138,4.210705,-2.985663,-2.665588,4.213570,-2.985663,0.002900,0.000000,-2.665588,4.213570,-2.985663,0.002900,0.000000,-2.665588,4.213570,-2.985663,0.002900,0.000000,nan,nan,nan,nan,nan,0.000000,0
1788899859.176882,73.046544,-2.665138,4.210705,-2.985663,-2.665588,4.213570,-2.985663,0.002900,0.000000,-2.665588,4.213570,-2.985663,0.002900,0.000000,-2.665588,4.213570,-2.985663,0.002900,0.000000,nan,nan,nan,nan,nan,0.000000,0
1788899859.226549,73.096211,-2.665138,4.210705,-2.985663,-2.665588,4.213570,-2.985663,0.002900,0.000000,-2.665588,4.213570,-2.985663,0.002900,0.000000,-2.665588,4.213570,-2.985663,0.002900,0.000000,nan,nan,nan,nan,nan,0.000000,0
1788899859.226549,73.096211,-2.665138,4.210705,-2.985663,-2.665588,4.213570,-2.985663,0.002900,0.000000,-2.665588,4.213570,-2.985663,0.002900,0.000000,-2.665588,4.213570,-2.985663,0.002900,0.000000,nan,nan,nan,nan,nan,0.000000,0
1788899859.276444,73.146106,-2.665138,4.210705,-2.985663,-2.665588,4.213570,-2.985663,0.002900,0.000000,-2.665588,4.213570,-2.985663,0.002900,0.000000,-2.665588,4.213570,-2.985663,0.002900,0.000000,nan,nan,nan,nan,nan,0.000000,0
1788899859.276444,73.146106,-2.665138,4.210705,-2.985663,-2.665588,4.213570,-2.985663,0.002900,0.000000,-2.665588,4.213570,-2.985663,0.002900,0.000000,-2.665588,4.213570,-2.985663,0.002900,0.000000,nan,nan,nan,nan,nan,0.000000,0
1788899859.327821,73.197482,-2.665138,4.210705,-2.985663,-2.665588,4.213570,-2.985663,0.002900,0.000000,-2.665588,4.213570,-2.985663,0.002900,0.000000,-2.665588,4.213570,-2.985663,0.002900,0.000000,nan,nan,nan,nan,nan,0.000000,0
1788899859.327821,73.197482,-2.665138,4.210705,-2.985663,-2.665588,4.213570,-2.985663,0.002900,0.000000,-2.665588,4.213570,-2.985663,0.002900,0.000000,-2.665588,4.213570,-2.985663,0.002900,0.000000,nan,nan,nan,nan,nan,0.000000,0
1788899859.377433,73.247095,-2.665138,4.210705,-2.985663,-2.665588,4.213570,-2.985663,0.002900,0.000000,-2.665588,4.213570,-2.985663,0.002900,0.000000,-2.665588,4.213570,-2.985663,0.002900,0.000000,nan,nan,nan,nan,nan,0.000000,0
1788899859.377433,73.247095,-2.665138,4.210705,-2.985663,-2.665588,4.213570,-2.985663,0.002900,0.000000,-2.665588,4.213570,-2.985663,0.002900,0.000000,-2.665588,4.213570,-2.985663,0.002900,0.000000,nan,nan,nan,nan,nan,0.000000,0
1788899859.425997,73.295658,-2.665138,4.210705,-2.985663,-2.665588,4.213570,-2.985663,0.002900,0.000000,-2.665588,4.213570,-2.985663,0.002900,0.000000,-2.665588,4.213570,-2.985663,0.002900,0.000000,nan,nan,nan,nan,nan,0.000000,0
1788899859.425997,73.295658,-2.665138,4.210705,-2.985663,-2.665588,4.213570,-2.985663,0.002900,0.000000,-2.665588,4.213570,-2.985663,0.002900,0.000000,-2.665588,4.213570,-2.985663,0.002900,0.000000,nan,nan,nan,nan,nan,0.000000,0
1788899859.476486,73.346148,-2.665138,4.210705,-2.985663,-2.665588,4.213570,-2.985663,0.002900,0.000000,-2.665588,4.213570,-2.985663,0.002900,0.000000,-2.665588,4.213570,-2.985663,0.002900,0.000000,nan,nan,nan,nan,nan,0.000000,0
1788899859.476486,73.346148,-2.665138,4.210705,-2.985663,-2.665588,4.213570,-2.985663,0.002900,0.000000,-2.665588,4.213570,-2.985663,0.002900,0.000000,-2.665588,4.213570,-2.985663,0.002900,0.000000,nan,nan,nan,nan,nan,0.000000,0
1788899859.526632,73.396294,-2.665138,4.210705,-2.985663,-2.665588,4.213570,-2.985663,0.002900,0.000000,-2.665588,4.213570,-2.985663,0.002900,0.000000,-2.665588,4.213570,-2.985663,0.002900,0.000000,nan,nan,nan,nan,nan,0.000000,0
1788899859.526632,73.396294,-2.665138,4.210705,-2.985663,-2.665588,4.213570,-2.985663,0.002900,0.000000,-2.665588,4.213570,-2.985663,0.002900,0.000000,-2.665588,4.213570,-2.985663,0.002900,0.000000,nan,nan,nan,nan,nan,0.000000,0
1788899859.576871,73.446532,-2.665138,4.210705,-2.985663,-2.665588,4.213570,-2.985663,0.002900,0.000000,-2.665588,4.213570,-2.985663,0.002900,0.000000,-2.665588,4.213570,-2.985663,0.002900,0.000000,nan,nan,nan,nan,nan,0.000000,0
1788899859.576871,73.446532,-2.665138,4.210705,-2.985663,-2.665588,4.213570,-2.985663,0.002900,0.000000,-2.665588,4.213570,-2.985663,0.002900,0.000000,-2.665588,4.213570,-2.985663,0.002900,0.000000,nan,nan,nan,nan,nan,0.000000,0
1788899859.626876,73.496538,-2.665138,4.210705,-2.985663,-2.665588,4.213570,-2.985663,0.002900,0.000000,-2.665588,4.213570,-2.985663,0.002900,0.000000,-2.665588,4.213570,-2.985663,0.002900,0.000000,nan,nan,nan,nan,nan,0.000000,0
1788899859.626876,73.496538,-2.665138,4.210705,-2.985663,-2.665588,4.213570,-2.985663,0.002900,0.000000,-2.665588,4.213570,-2.985663,0.002900,0.000000,-2.665588,4.213570,-2.985663,0.002900,0.000000,nan,nan,nan,nan,nan,0.000000,0
1788899859.676554,73.546216,-2.665138,4.210705,-2.985663,-2.665588,4.213570,-2.985663,0.002900,0.000000,-2.665588,4.213570,-2.985663,0.002900,0.000000,-2.665588,4.213570,-2.985663,0.002900,0.000000,nan,nan,nan,nan,nan,0.000000,0
1788899859.676554,73.546216,-2.665138,4.210705,-2.985663,-2.665588,4.213570,-2.985663,0.002900,0.000000,-2.665588,4.213570,-2.985663,0.002900,0.000000,-2.665588,4.213570,-2.985663,0.002900,0.000000,nan,nan,nan,nan,nan,0.000000,0
1788899859.726442,73.596104,-2.665138,4.210705,-2.985663,-2.665588,4.213570,-2.985663,0.002900,0.000000,-2.665588,4.213570,-2.985663,0.002900,0.000000,-2.665588,4.213570,-2.985663,0.002900,0.000000,nan,nan,nan,nan,nan,0.000000,0
1788899859.726442,73.596104,-2.665138,4.210705,-2.985663,-2.665588,4.213570,-2.985663,0.002900,0.000000,-2.665588,4.213570,-2.985663,0.002900,0.000000,-2.665588,4.213570,-2.985663,0.002900,0.000000,nan,nan,nan,nan,nan,0.000000,0
1788899859.776873,73.646535,-2.665138,4.210705,-2.985663,-2.665588,4.213570,-2.985663,0.002900,0.000000,-2.665588,4.213570,-2.985663,0.002900,0.000000,-2.665588,4.213570,-2.985663,0.002900,0.000000,nan,nan,nan,nan,nan,0.000000,0
1788899859.776873,73.646535,-2.665138,4.210705,-2.985663,-2.665588,4.213570,-2.985663,0.002900,0.000000,-2.665588,4.213570,-2.985663,0.002900,0.000000,-2.665588,4.213570,-2.985663,0.002900,0.000000,nan,nan,nan,nan,nan,0.000000,0
1788899859.826792,73.696454,-2.665138,4.210705,-2.985663,-2.665588,4.213570,-2.985663,0.002900,0.000000,-2.665588,4.213570,-2.985663,0.002900,0.000000,-2.665588,4.213570,-2.985663,0.002900,0.000000,nan,nan,nan,nan,nan,0.000000,0
1788899859.826792,73.696454,-2.665138,4.210705,-2.985663,-2.665588,4.213570,-2.985663,0.002900,0.000000,-2.665588,4.213570,-2.985663,0.002900,0.000000,-2.665588,4.213570,-2.985663,0.002900,0.000000,nan,nan,nan,nan,nan,0.000000,0
1788899859.875996,73.745658,-2.665138,4.210705,-2.985663,-2.665588,4.213570,-2.985663,0.002900,0.000000,-2.665588,4.213570,-2.985663,0.002900,0.000000,-2.665588,4.213570,-2.985663,0.002900,0.000000,nan,nan,nan,nan,nan,0.000000,0
1788899859.875996,73.745658,-2.665138,4.210705,-2.985663,-2.665588,4.213570,-2.985663,0.002900,0.000000,-2.665588,4.213570,-2.985663,0.002900,0.000000,-2.665588,4.213570,-2.985663,0.002900,0.000000,nan,nan,nan,nan,nan,0.000000,0
1788899859.926491,73.796153,-2.665138,4.210705,-2.985663,-2.665588,4.213570,-2.985663,0.002900,0.000000,-2.665588,4.213570,-2.985663,0.002900,0.000000,-2.665588,4.213570,-2.985663,0.002900,0.000000,nan,nan,nan,nan,nan,0.000000,0
1788899859.926491,73.796153,-2.665138,4.210705,-2.985663,-2.665588,4.213570,-2.985663,0.002900,0.000000,-2.665588,4.213570,-2.985663,0.002900,0.000000,-2.665588,4.213570,-2.985663,0.002900,0.000000,nan,nan,nan,nan,nan,0.000000,0
1788899859.976914,73.846576,-2.665138,4.210705,-2.985663,-2.665588,4.213570,-2.985663,0.002900,0.000000,-2.665588,4.213570,-2.985663,0.002900,0.000000,-2.665588,4.213570,-2.985663,0.002900,0.000000,nan,nan,nan,nan,nan,0.000000,0
1788899859.976914,73.846576,-2.665138,4.210705,-2.985663,-2.665588,4.213570,-2.985663,0.002900,0.000000,-2.665588,4.213570,-2.985663,0.002900,0.000000,-2.665588,4.213570,-2.985663,0.002900,0.000000,nan,nan,nan,nan,nan,0.000000,0
1788899860.026388,73.896050,-2.665138,4.210705,-2.985663,-2.665588,4.213570,-2.985663,0.002900,0.000000,-2.665588,4.213570,-2.985663,0.002900,0.000000,-2.665588,4.213570,-2.985663,0.002900,0.000000,nan,nan,nan,nan,nan,0.000000,0
1788899860.026388,73.896050,-2.665138,4.210705,-2.985663,-2.665588,4.213570,-2.985663,0.002900,0.000000,-2.665588,4.213570,-2.985663,0.002900,0.000000,-2.665588,4.213570,-2.985663,0.002900,0.000000,nan,nan,nan,nan,nan,0.000000,0
1788899860.076029,73.945690,-2.665138,4.210705,-2.985663,-2.665588,4.213570,-2.985663,0.002900,0.000000,-2.665588,4.213570,-2.985663,0.002900,0.000000,-2.665588,4.213570,-2.985663,0.002900,0.000000,nan,nan,nan,nan,nan,0.000000,0
1788899860.076029,73.945690,-2.665138,4.210705,-2.985663,-2.665588,4.213570,-2.985663,0.002900,0.000000,-2.665588,4.213570,-2.985663,0.002900,0.000000,-2.665588,4.213570,-2.985663,0.002900,0.000000,nan,nan,nan,nan,nan,0.000000,0
1788899860.126633,73.996295,-2.665138,4.210705,-2.985663,-2.665588,4.213570,-2.985663,0.002900,0.000000,-2.665588,4.213570,-2.985663,0.002900,0.000000,-2.665588,4.213570,-2.985663,0.002900,0.000000,nan,nan,nan,nan,nan,0.000000,0
1788899860.126633,73.996295,-2.665138,4.210705,-2.985663,-2.665588,4.213570,-2.985663,0.002900,0.000000,-2.665588,4.213570,-2.985663,0.002900,0.000000,-2.665588,4.213570,-2.985663,0.002900,0.000000,nan,nan,nan,nan,nan,0.000000,0
1788899860.176522,74.046184,-2.665138,4.210705,-2.985663,-2.665588,4.213570,-2.985663,0.002900,0.000000,-2.665588,4.213570,-2.985663,0.002900,0.000000,-2.665588,4.213570,-2.985663,0.002900,0.000000,nan,nan,nan,nan,nan,0.000000,0
1788899860.176522,74.046184,-2.665138,4.210705,-2.985663,-2.665588,4.213570,-2.985663,0.002900,0.000000,-2.665588,4.213570,-2.985663,0.002900,0.000000,-2.665588,4.213570,-2.985663,0.002900,0.000000,nan,nan,nan,nan,nan,0.000000,0
1788899860.226284,74.095946,-2.665138,4.210705,-2.985663,-2.665588,4.213570,-2.985663,0.002900,0.000000,-2.665588,4.213570,-2.985663,0.002900,0.000000,-2.665588,4.213570,-2.985663,0.002900,0.000000,nan,nan,nan,nan,nan,0.000000,0
1788899860.226284,74.095946,-2.665138,4.210705,-2.985663,-2.665588,4.213570,-2.985663,0.002900,0.000000,-2.665588,4.213570,-2.985663,0.002900,0.000000,-2.665588,4.213570,-2.985663,0.002900,0.000000,nan,nan,nan,nan,nan,0.000000,0
1788899860.276702,74.146364,-2.665138,4.210705,-2.985663,-2.665588,4.213570,-2.985663,0.002900,0.000000,-2.665588,4.213570,-2.985663,0.002900,0.000000,-2.665588,4.213570,-2.985663,0.002900,0.000000,nan,nan,nan,nan,nan,0.000000,0
1788899860.276702,74.146364,-2.665138,4.210705,-2.985663,-2.665588,4.213570,-2.985663,0.002900,0.000000,-2.665588,4.213570,-2.985663,0.002900,0.000000,-2.665588,4.213570,-2.985663,0.002900,0.000000,nan,nan,nan,nan,nan,0.000000,0
1788899860.327396,74.197058,-2.665138,4.210705,-2.985663,-2.665588,4.213570,-2.985663,0.002900,0.000000,-2.665588,4.213570,-2.985663,0.002900,0.000000,-2.665588,4.213570,-2.985663,0.002900,0.000000,nan,nan,nan,nan,nan,0.000000,0
1788899860.327396,74.197058,-2.665138,4.210705,-2.985663,-2.665588,4.213570,-2.985663,0.002900,0.000000,-2.665588,4.213570,-2.985663,0.002900,0.000000,-2.665588,4.213570,-2.985663,0.002900,0.000000,nan,nan,nan,nan,nan,0.000000,0
1788899860.376057,74.245718,-2.665138,4.210705,-2.985663,-2.665588,4.213570,-2.985663,0.002900,0.000000,-2.665588,4.213570,-2.985663,0.002900,0.000000,-2.665588,4.213570,-2.985663,0.002900,0.000000,nan,nan,nan,nan,nan,0.000000,0
1788899860.376057,74.245718,-2.665138,4.210705,-2.985663,-2.665588,4.213570,-2.985663,0.002900,0.000000,-2.665588,4.213570,-2.985663,0.002900,0.000000,-2.665588,4.213570,-2.985663,0.002900,0.000000,nan,nan,nan,nan,nan,0.000000,0
1788899860.426055,74.295717,-2.665138,4.210705,-2.985663,-2.665588,4.213570,-2.985663,0.002900,0.000000,-2.665588,4.213570,-2.985663,0.002900,0.000000,-2.665588,4.213570,-2.985663,0.002900,0.000000,nan,nan,nan,nan,nan,0.000000,0
1788899860.426055,74.295717,-2.665138,4.210705,-2.985663,-2.665588,4.213570,-2.985663,0.002900,0.000000,-2.665588,4.213570,-2.985663,0.002900,0.000000,-2.665588,4.213570,-2.985663,0.002900,0.000000,nan,nan,nan,nan,nan,0.000000,0
1788899860.478321,74.347983,-2.665138,4.210705,-2.985663,-2.665588,4.213570,-2.985663,0.002900,0.000000,-2.665588,4.213570,-2.985663,0.002900,0.000000,-2.665588,4.213570,-2.985663,0.002900,0.000000,nan,nan,nan,nan,nan,0.000000,0
1788899860.478321,74.347983,-2.665138,4.210705,-2.985663,-2.665588,4.213570,-2.985663,0.002900,0.000000,-2.665588,4.213570,-2.985663,0.002900,0.000000,-2.665588,4.213570,-2.985663,0.002900,0.000000,nan,nan,nan,nan,nan,0.000000,0
1788899860.527556,74.397218,-2.665138,4.210705,-2.985663,-2.665588,4.213570,-2.985663,0.002900,0.000000,-2.665588,4.213570,-2.985663,0.002900,0.000000,-2.665588,4.213570,-2.985663,0.002900,0.000000,nan,nan,nan,nan,nan,0.000000,0
1788899860.527556,74.397218,-2.665138,4.210705,-2.985663,-2.665588,4.213570,-2.985663,0.002900,0.000000,-2.665588,4.213570,-2.985663,0.002900,0.000000,-2.665588,4.213570,-2.985663,0.002900,0.000000,nan,nan,nan,nan,nan,0.000000,0
1788899860.576952,74.446614,-2.665138,4.210705,-2.985663,-2.665588,4.213570,-2.985663,0.002900,0.000000,-2.665588,4.213570,-2.985663,0.002900,0.000000,-2.665588,4.213570,-2.985663,0.002900,0.000000,nan,nan,nan,nan,nan,0.000000,0
1788899860.576952,74.446614,-2.665138,4.210705,-2.985663,-2.665588,4.213570,-2.985663,0.002900,0.000000,-2.665588,4.213570,-2.985663,0.002900,0.000000,-2.665588,4.213570,-2.985663,0.002900,0.000000,nan,nan,nan,nan,nan,0.000000,0
1788899860.626496,74.496158,-2.665138,4.210705,-2.985663,-2.665588,4.213570,-2.985663,0.002900,0.000000,-2.665588,4.213570,-2.985663,0.002900,0.000000,-2.665588,4.213570,-2.985663,0.002900,0.000000,nan,nan,nan,nan,nan,0.000000,0
1788899860.626496,74.496158,-2.665138,4.210705,-2.985663,-2.665588,4.213570,-2.985663,0.002900,0.000000,-2.665588,4.213570,-2.985663,0.002900,0.000000,-2.665588,4.213570,-2.985663,0.002900,0.000000,nan,nan,nan,nan,nan,0.000000,0
1788899860.676761,74.546422,-2.665138,4.210705,-2.985663,-2.665588,4.213570,-2.985663,0.002900,0.000000,-2.665588,4.213570,-2.985663,0.002900,0.000000,-2.665588,4.213570,-2.985663,0.002900,0.000000,nan,nan,nan,nan,nan,0.000000,0
1788899860.676761,74.546422,-2.665138,4.210705,-2.985663,-2.665588,4.213570,-2.985663,0.002900,0.000000,-2.665588,4.213570,-2.985663,0.002900,0.000000,-2.665588,4.213570,-2.985663,0.002900,0.000000,nan,nan,nan,nan,nan,0.000000,0
1788899860.726207,74.595869,-2.665138,4.210705,-2.985663,-2.665588,4.213570,-2.985663,0.002900,0.000000,-2.665588,4.213570,-2.985663,0.002900,0.000000,-2.665588,4.213570,-2.985663,0.002900,0.000000,nan,nan,nan,nan,nan,0.000000,0
1788899860.726207,74.595869,-2.665138,4.210705,-2.985663,-2.665588,4.213570,-2.985663,0.002900,0.000000,-2.665588,4.213570,-2.985663,0.002900,0.000000,-2.665588,4.213570,-2.985663,0.002900,0.000000,nan,nan,nan,nan,nan,0.000000,0
1788899860.776835,74.646497,-2.665138,4.210705,-2.985663,-2.665588,4.213570,-2.985663,0.002900,0.000000,-2.665588,4.213570,-2.985663,0.002900,0.000000,-2.665588,4.213570,-2.985663,0.002900,0.000000,nan,nan,nan,nan,nan,0.000000,0
1788899860.776835,74.646497,-2.665138,4.210705,-2.985663,-2.665588,4.213570,-2.985663,0.002900,0.000000,-2.665588,4.213570,-2.985663,0.002900,0.000000,-2.665588,4.213570,-2.985663,0.002900,0.000000,nan,nan,nan,nan,nan,0.000000,0
1788899860.826810,74.696471,-2.665138,4.210705,-2.985663,-2.665588,4.213570,-2.985663,0.002900,0.000000,-2.665588,4.213570,-2.985663,0.002900,0.000000,-2.665588,4.213570,-2.985663,0.002900,0.000000,nan,nan,nan,nan,nan,0.000000,0
1788899860.826810,74.696471,-2.665138,4.210705,-2.985663,-2.665588,4.213570,-2.985663,0.002900,0.000000,-2.665588,4.213570,-2.985663,0.002900,0.000000,-2.665588,4.213570,-2.985663,0.002900,0.000000,nan,nan,nan,nan,nan,0.000000,0
1788899860.876278,74.745940,-2.665138,4.210705,-2.985663,-2.665588,4.213570,-2.985663,0.002900,0.000000,-2.665588,4.213570,-2.985663,0.002900,0.000000,-2.665588,4.213570,-2.985663,0.002900,0.000000,nan,nan,nan,nan,nan,0.000000,0
1788899860.876278,74.745940,-2.665138,4.210705,-2.985663,-2.665588,4.213570,-2.985663,0.002900,0.000000,-2.665588,4.213570,-2.985663,0.002900,0.000000,-2.665588,4.213570,-2.985663,0.002900,0.000000,nan,nan,nan,nan,nan,0.000000,0
1788899860.926899,74.796561,-2.665138,4.210705,-2.985663,-2.665588,4.213570,-2.985663,0.002900,0.000000,-2.665588,4.213570,-2.985663,0.002900,0.000000,-2.665588,4.213570,-2.985663,0.002900,0.000000,nan,nan,nan,nan,nan,0.000000,0
1788899860.926899,74.796561,-2.665138,4.210705,-2.985663,-2.665588,4.213570,-2.985663,0.002900,0.000000,-2.665588,4.213570,-2.985663,0.002900,0.000000,-2.665588,4.213570,-2.985663,0.002900,0.000000,nan,nan,nan,nan,nan,0.000000,0
1788899860.976521,74.846183,-2.665138,4.210705,-2.985663,-2.665588,4.213570,-2.985663,0.002900,0.000000,-2.665588,4.213570,-2.985663,0.002900,0.000000,-2.665588,4.213570,-2.985663,0.002900,0.000000,nan,nan,nan,nan,nan,0.000000,0
1788899860.976521,74.846183,-2.665138,4.210705,-2.985663,-2.665588,4.213570,-2.985663,0.002900,0.000000,-2.665588,4.213570,-2.985663,0.002900,0.000000,-2.665588,4.213570,-2.985663,0.002900,0.000000,nan,nan,nan,nan,nan,0.000000,0
1788899861.026851,74.896513,-2.665138,4.210705,-2.985663,-2.665588,4.213570,-2.985663,0.002900,0.000000,-2.665588,4.213570,-2.985663,0.002900,0.000000,-2.665588,4.213570,-2.985663,0.002900,0.000000,nan,nan,nan,nan,nan,0.000000,0
1788899861.026851,74.896513,-2.665138,4.210705,-2.985663,-2.665588,4.213570,-2.985663,0.002900,0.000000,-2.665588,4.213570,-2.985663,0.002900,0.000000,-2.665588,4.213570,-2.985663,0.002900,0.000000,nan,nan,nan,nan,nan,0.000000,0
1788899861.076840,74.946502,-2.665138,4.210705,-2.985663,-2.665588,4.213570,-2.985663,0.002900,0.000000,-2.665588,4.213570,-2.985663,0.002900,0.000000,-2.665588,4.213570,-2.985663,0.002900,0.000000,nan,nan,nan,nan,nan,0.000000,0
1788899861.076840,74.946502,-2.665138,4.210705,-2.985663,-2.665588,4.213570,-2.985663,0.002900,0.000000,-2.665588,4.213570,-2.985663,0.002900,0.000000,-2.665588,4.213570,-2.985663,0.002900,0.000000,nan,nan,nan,nan,nan,0.000000,0
1788899861.126297,74.995959,-2.665138,4.210705,-2.985663,-2.665588,4.213570,-2.985663,0.002900,0.000000,-2.665588,4.213570,-2.985663,0.002900,0.000000,-2.665588,4.213570,-2.985663,0.002900,0.000000,nan,nan,nan,nan,nan,0.000000,0
1788899861.126297,74.995959,-2.665138,4.210705,-2.985663,-2.665588,4.213570,-2.985663,0.002900,0.000000,-2.665588,4.213570,-2.985663,0.002900,0.000000,-2.665588,4.213570,-2.985663,0.002900,0.000000,nan,nan,nan,nan,nan,0.000000,0
1788899861.176767,75.046429,-2.665138,4.210705,-2.985663,-2.665588,4.213570,-2.985663,0.002900,0.000000,-2.665588,4.213570,-2.985663,0.002900,0.000000,-2.665588,4.213570,-2.985663,0.002900,0.000000,nan,nan,nan,nan,nan,0.000000,0
1788899861.176767,75.046429,-2.665138,4.210705,-2.985663,-2.665588,4.213570,-2.985663,0.002900,0.000000,-2.665588,4.213570,-2.985663,0.002900,0.000000,-2.665588,4.213570,-2.985663,0.002900,0.000000,nan,nan,nan,nan,nan,0.000000,0
1788899861.226514,75.096176,-2.665138,4.210705,-2.985663,-2.665588,4.213570,-2.985663,0.002900,0.000000,-2.665588,4.213570,-2.985663,0.002900,0.000000,-2.665588,4.213570,-2.985663,0.002900,0.000000,nan,nan,nan,nan,nan,0.000000,0
1788899861.226514,75.096176,-2.665138,4.210705,-2.985663,-2.665588,4.213570,-2.985663,0.002900,0.000000,-2.665588,4.213570,-2.985663,0.002900,0.000000,-2.665588,4.213570,-2.985663,0.002900,0.000000,nan,nan,nan,nan,nan,0.000000,0
1788899861.276587,75.146249,-2.665138,4.210705,-2.985663,-2.665588,4.213570,-2.985663,0.002900,0.000000,-2.665588,4.213570,-2.985663,0.002900,0.000000,-2.665588,4.213570,-2.985663,0.002900,0.000000,nan,nan,nan,nan,nan,0.000000,0
1788899861.276587,75.146249,-2.665138,4.210705,-2.985663,-2.665588,4.213570,-2.985663,0.002900,0.000000,-2.665588,4.213570,-2.985663,0.002900,0.000000,-2.665588,4.213570,-2.985663,0.002900,0.000000,nan,nan,nan,nan,nan,0.000000,0
1788899861.326544,75.196206,-2.665138,4.210705,-2.985663,-2.665588,4.213570,-2.985663,0.002900,0.000000,-2.665588,4.213570,-2.985663,0.002900,0.000000,-2.665588,4.213570,-2.985663,0.002900,0.000000,nan,nan,nan,nan,nan,0.000000,0
1788899861.326544,75.196206,-2.665138,4.210705,-2.985663,-2.665588,4.213570,-2.985663,0.002900,0.000000,-2.665588,4.213570,-2.985663,0.002900,0.000000,-2.665588,4.213570,-2.985663,0.002900,0.000000,nan,nan,nan,nan,nan,0.000000,0
1788899861.377580,75.247241,-2.665122,4.210606,-2.985663,-2.665588,4.213570,-2.985663,0.003000,0.000000,-2.665588,4.213570,-2.985663,0.003000,0.000000,-2.665588,4.213570,-2.985663,0.003000,0.000000,nan,nan,nan,nan,nan,0.001959,0
1788899861.377580,75.247241,-2.665122,4.210606,-2.985663,-2.665588,4.213570,-2.985663,0.003000,0.000000,-2.665588,4.213570,-2.985663,0.003000,0.000000,-2.665588,4.213570,-2.985663,0.003000,0.000000,nan,nan,nan,nan,nan,0.001959,0
1788899861.426631,75.296293,-2.665122,4.210606,-2.985663,-2.665588,4.213570,-2.985663,0.003000,0.000000,-2.665588,4.213570,-2.985663,0.003000,0.000000,-2.665588,4.213570,-2.985663,0.003000,0.000000,nan,nan,nan,nan,nan,0.000000,0
1788899861.426631,75.296293,-2.665122,4.210606,-2.985663,-2.665588,4.213570,-2.985663,0.003000,0.000000,-2.665588,4.213570,-2.985663,0.003000,0.000000,-2.665588,4.213570,-2.985663,0.003000,0.000000,nan,nan,nan,nan,nan,0.000000,0
1788899861.476774,75.346435,-2.665122,4.210606,-2.985663,-2.665588,4.213570,-2.985663,0.003000,0.000000,-2.665588,4.213570,-2.985663,0.003000,0.000000,-2.665588,4.213570,-2.985663,0.003000,0.000000,nan,nan,nan,nan,nan,0.000000,0
1788899861.476774,75.346435,-2.665122,4.210606,-2.985663,-2.665588,4.213570,-2.985663,0.003000,0.000000,-2.665588,4.213570,-2.985663,0.003000,0.000000,-2.665588,4.213570,-2.985663,0.003000,0.000000,nan,nan,nan,nan,nan,0.000000,0
1788899861.526136,75.395797,-2.665122,4.210606,-2.985663,-2.665588,4.213570,-2.985663,0.003000,0.000000,-2.665588,4.213570,-2.985663,0.003000,0.000000,-2.665588,4.213570,-2.985663,0.003000,0.000000,nan,nan,nan,nan,nan,0.000000,0
1788899861.526136,75.395797,-2.665122,4.210606,-2.985663,-2.665588,4.213570,-2.985663,0.003000,0.000000,-2.665588,4.213570,-2.985663,0.003000,0.000000,-2.665588,4.213570,-2.985663,0.003000,0.000000,nan,nan,nan,nan,nan,0.000000,0
1788899861.576579,75.446241,-2.665122,4.210606,-2.985663,-2.665588,4.213570,-2.985663,0.003000,0.000000,-2.665588,4.213570,-2.985663,0.003000,0.000000,-2.665588,4.213570,-2.985663,0.003000,0.000000,nan,nan,nan,nan,nan,0.000000,0
1788899861.576579,75.446241,-2.665122,4.210606,-2.985663,-2.665588,4.213570,-2.985663,0.003000,0.000000,-2.665588,4.213570,-2.985663,0.003000,0.000000,-2.665588,4.213570,-2.985663,0.003000,0.000000,nan,nan,nan,nan,nan,0.000000,0
1788899861.626405,75.496067,-2.665122,4.210606,-2.985663,-2.665588,4.213570,-2.985663,0.003000,0.000000,-2.665588,4.213570,-2.985663,0.003000,0.000000,-2.665588,4.213570,-2.985663,0.003000,0.000000,nan,nan,nan,nan,nan,0.000000,0
1788899861.626405,75.496067,-2.665122,4.210606,-2.985663,-2.665588,4.213570,-2.985663,0.003000,0.000000,-2.665588,4.213570,-2.985663,0.003000,0.000000,-2.665588,4.213570,-2.985663,0.003000,0.000000,nan,nan,nan,nan,nan,0.000000,0
1788899861.676522,75.546184,-2.665122,4.210606,-2.985663,-2.665588,4.213570,-2.985663,0.003000,0.000000,-2.665588,4.213570,-2.985663,0.003000,0.000000,-2.665588,4.213570,-2.985663,0.003000,0.000000,nan,nan,nan,nan,nan,0.000000,0
1788899861.676522,75.546184,-2.665122,4.210606,-2.985663,-2.665588,4.213570,-2.985663,0.003000,0.000000,-2.665588,4.213570,-2.985663,0.003000,0.000000,-2.665588,4.213570,-2.985663,0.003000,0.000000,nan,nan,nan,nan,nan,0.000000,0
1788899861.726882,75.596544,-2.665122,4.210606,-2.985663,-2.665588,4.213570,-2.985663,0.003000,0.000000,-2.665588,4.213570,-2.985663,0.003000,0.000000,-2.665588,4.213570,-2.985663,0.003000,0.000000,nan,nan,nan,nan,nan,0.000000,0
1788899861.726882,75.596544,-2.665122,4.210606,-2.985663,-2.665588,4.213570,-2.985663,0.003000,0.000000,-2.665588,4.213570,-2.985663,0.003000,0.000000,-2.665588,4.213570,-2.985663,0.003000,0.000000,nan,nan,nan,nan,nan,0.000000,0
1788899861.775976,75.645638,-2.665122,4.210606,-2.985663,-2.665588,4.213570,-2.985663,0.003000,0.000000,-2.665588,4.213570,-2.985663,0.003000,0.000000,-2.665588,4.213570,-2.985663,0.003000,0.000000,nan,nan,nan,nan,nan,0.000000,0
1788899861.775976,75.645638,-2.665122,4.210606,-2.985663,-2.665588,4.213570,-2.985663,0.003000,0.000000,-2.665588,4.213570,-2.985663,0.003000,0.000000,-2.665588,4.213570,-2.985663,0.003000,0.000000,nan,nan,nan,nan,nan,0.000000,0
1788899861.826825,75.696486,-2.665122,4.210606,-2.985663,-2.665588,4.213570,-2.985663,0.003000,0.000000,-2.665588,4.213570,-2.985663,0.003000,0.000000,-2.665588,4.213570,-2.985663,0.003000,0.000000,nan,nan,nan,nan,nan,0.000000,0
1788899861.826825,75.696486,-2.665122,4.210606,-2.985663,-2.665588,4.213570,-2.985663,0.003000,0.000000,-2.665588,4.213570,-2.985663,0.003000,0.000000,-2.665588,4.213570,-2.985663,0.003000,0.000000,nan,nan,nan,nan,nan,0.000000,0
1788899861.877072,75.746734,-2.665122,4.210606,-2.985663,-2.665588,4.213570,-2.985663,0.003000,0.000000,-2.665588,4.213570,-2.985663,0.003000,0.000000,-2.665588,4.213570,-2.985663,0.003000,0.000000,nan,nan,nan,nan,nan,0.000000,0
1788899861.877072,75.746734,-2.665122,4.210606,-2.985663,-2.665588,4.213570,-2.985663,0.003000,0.000000,-2.665588,4.213570,-2.985663,0.003000,0.000000,-2.665588,4.213570,-2.985663,0.003000,0.000000,nan,nan,nan,nan,nan,0.000000,0
1788899861.926650,75.796312,-2.665122,4.210606,-2.985663,-2.665588,4.213570,-2.985663,0.003000,0.000000,-2.665588,4.213570,-2.985663,0.003000,0.000000,-2.665588,4.213570,-2.985663,0.003000,0.000000,nan,nan,nan,nan,nan,0.000000,0
1788899861.926650,75.796312,-2.665122,4.210606,-2.985663,-2.665588,4.213570,-2.985663,0.003000,0.000000,-2.665588,4.213570,-2.985663,0.003000,0.000000,-2.665588,4.213570,-2.985663,0.003000,0.000000,nan,nan,nan,nan,nan,0.000000,0
1788899861.976441,75.846102,-2.665122,4.210606,-2.985663,-2.665588,4.213570,-2.985663,0.003000,0.000000,-2.665588,4.213570,-2.985663,0.003000,0.000000,-2.665588,4.213570,-2.985663,0.003000,0.000000,nan,nan,nan,nan,nan,0.000000,0
1788899861.976441,75.846102,-2.665122,4.210606,-2.985663,-2.665588,4.213570,-2.985663,0.003000,0.000000,-2.665588,4.213570,-2.985663,0.003000,0.000000,-2.665588,4.213570,-2.985663,0.003000,0.000000,nan,nan,nan,nan,nan,0.000000,0
1788899862.026933,75.896595,-2.665122,4.210606,-2.985663,-2.665588,4.213570,-2.985663,0.003000,0.000000,-2.665588,4.213570,-2.985663,0.003000,0.000000,-2.665588,4.213570,-2.985663,0.003000,0.000000,nan,nan,nan,nan,nan,0.000000,0
1788899862.026933,75.896595,-2.665122,4.210606,-2.985663,-2.665588,4.213570,-2.985663,0.003000,0.000000,-2.665588,4.213570,-2.985663,0.003000,0.000000,-2.665588,4.213570,-2.985663,0.003000,0.000000,nan,nan,nan,nan,nan,0.000000,0
1788899862.076878,75.946540,-2.665122,4.210606,-2.985663,-2.665588,4.213570,-2.985663,0.003000,0.000000,-2.665588,4.213570,-2.985663,0.003000,0.000000,-2.665588,4.213570,-2.985663,0.003000,0.000000,nan,nan,nan,nan,nan,0.000000,0
1788899862.076878,75.946540,-2.665122,4.210606,-2.985663,-2.665588,4.213570,-2.985663,0.003000,0.000000,-2.665588,4.213570,-2.985663,0.003000,0.000000,-2.665588,4.213570,-2.985663,0.003000,0.000000,nan,nan,nan,nan,nan,0.000000,0
1788899862.126580,75.996242,-2.665122,4.210606,-2.985663,-2.665588,4.213570,-2.985663,0.003000,0.000000,-2.665588,4.213570,-2.985663,0.003000,0.000000,-2.665588,4.213570,-2.985663,0.003000,0.000000,nan,nan,nan,nan,nan,0.000000,0
1788899862.126580,75.996242,-2.665122,4.210606,-2.985663,-2.665588,4.213570,-2.985663,0.003000,0.000000,-2.665588,4.213570,-2.985663,0.003000,0.000000,-2.665588,4.213570,-2.985663,0.003000,0.000000,nan,nan,nan,nan,nan,0.000000,0
1788899862.175971,76.045633,-2.665122,4.210606,-2.985663,-2.665588,4.213570,-2.985663,0.003000,0.000000,-2.665588,4.213570,-2.985663,0.003000,0.000000,-2.665588,4.213570,-2.985663,0.003000,0.000000,nan,nan,nan,nan,nan,0.000000,0
1788899862.175971,76.045633,-2.665122,4.210606,-2.985663,-2.665588,4.213570,-2.985663,0.003000,0.000000,-2.665588,4.213570,-2.985663,0.003000,0.000000,-2.665588,4.213570,-2.985663,0.003000,0.000000,nan,nan,nan,nan,nan,0.000000,0
1788899862.226049,76.095711,-2.665122,4.210606,-2.985663,-2.665588,4.213570,-2.985663,0.003000,0.000000,-2.665588,4.213570,-2.985663,0.003000,0.000000,-2.665588,4.213570,-2.985663,0.003000,0.000000,nan,nan,nan,nan,nan,0.000000,0
1788899862.226049,76.095711,-2.665122,4.210606,-2.985663,-2.665588,4.213570,-2.985663,0.003000,0.000000,-2.665588,4.213570,-2.985663,0.003000,0.000000,-2.665588,4.213570,-2.985663,0.003000,0.000000,nan,nan,nan,nan,nan,0.000000,0
1788899862.275998,76.145659,-2.665122,4.210606,-2.985663,-2.665588,4.213570,-2.985663,0.003000,0.000000,-2.665588,4.213570,-2.985663,0.003000,0.000000,-2.665588,4.213570,-2.985663,0.003000,0.000000,nan,nan,nan,nan,nan,0.000000,0
1788899862.275998,76.145659,-2.665122,4.210606,-2.985663,-2.665588,4.213570,-2.985663,0.003000,0.000000,-2.665588,4.213570,-2.985663,0.003000,0.000000,-2.665588,4.213570,-2.985663,0.003000,0.000000,nan,nan,nan,nan,nan,0.000000,0
1788899862.326838,76.196500,-2.665122,4.210606,-2.985663,-2.665588,4.213570,-2.985663,0.003000,0.000000,-2.665588,4.213570,-2.985663,0.003000,0.000000,-2.665588,4.213570,-2.985663,0.003000,0.000000,nan,nan,nan,nan,nan,0.000000,0
1788899862.326838,76.196500,-2.665122,4.210606,-2.985663,-2.665588,4.213570,-2.985663,0.003000,0.000000,-2.665588,4.213570,-2.985663,0.003000,0.000000,-2.665588,4.213570,-2.985663,0.003000,0.000000,nan,nan,nan,nan,nan,0.000000,0
1788899862.376792,76.246454,-2.665122,4.210606,-2.985663,-2.665588,4.213570,-2.985663,0.003000,0.000000,-2.665588,4.213570,-2.985663,0.003000,0.000000,-2.665588,4.213570,-2.985663,0.003000,0.000000,nan,nan,nan,nan,nan,0.000000,0
1788899862.376792,76.246454,-2.665122,4.210606,-2.985663,-2.665588,4.213570,-2.985663,0.003000,0.000000,-2.665588,4.213570,-2.985663,0.003000,0.000000,-2.665588,4.213570,-2.985663,0.003000,0.000000,nan,nan,nan,nan,nan,0.000000,0
1788899862.426492,76.296154,-2.665122,4.210606,-2.985663,-2.665588,4.213570,-2.985663,0.003000,0.000000,-2.665588,4.213570,-2.985663,0.003000,0.000000,-2.665588,4.213570,-2.985663,0.003000,0.000000,nan,nan,nan,nan,nan,0.000000,0
1788899862.426492,76.296154,-2.665122,4.210606,-2.985663,-2.665588,4.213570,-2.985663,0.003000,0.000000,-2.665588,4.213570,-2.985663,0.003000,0.000000,-2.665588,4.213570,-2.985663,0.003000,0.000000,nan,nan,nan,nan,nan,0.000000,0
1788899862.475972,76.345634,-2.665122,4.210606,-2.985663,-2.665588,4.213570,-2.985663,0.003000,0.000000,-2.665588,4.213570,-2.985663,0.003000,0.000000,-2.665588,4.213570,-2.985663,0.003000,0.000000,nan,nan,nan,nan,nan,0.000000,0
1788899862.475972,76.345634,-2.665122,4.210606,-2.985663,-2.665588,4.213570,-2.985663,0.003000,0.000000,-2.665588,4.213570,-2.985663,0.003000,0.000000,-2.665588,4.213570,-2.985663,0.003000,0.000000,nan,nan,nan,nan,nan,0.000000,0
1788899862.526700,76.396362,-2.665122,4.210606,-2.985663,-2.665588,4.213570,-2.985663,0.003000,0.000000,-2.665588,4.213570,-2.985663,0.003000,0.000000,-2.665588,4.213570,-2.985663,0.003000,0.000000,nan,nan,nan,nan,nan,0.000000,0
1788899862.526700,76.396362,-2.665122,4.210606,-2.985663,-2.665588,4.213570,-2.985663,0.003000,0.000000,-2.665588,4.213570,-2.985663,0.003000,0.000000,-2.665588,4.213570,-2.985663,0.003000,0.000000,nan,nan,nan,nan,nan,0.000000,0
1788899862.576578,76.446240,-2.665122,4.210606,-2.985663,-2.665588,4.213570,-2.985663,0.003000,0.000000,-2.665588,4.213570,-2.985663,0.003000,0.000000,-2.665588,4.213570,-2.985663,0.003000,0.000000,nan,nan,nan,nan,nan,0.000000,0
1788899862.576578,76.446240,-2.665122,4.210606,-2.985663,-2.665588,4.213570,-2.985663,0.003000,0.000000,-2.665588,4.213570,-2.985663,0.003000,0.000000,-2.665588,4.213570,-2.985663,0.003000,0.000000,nan,nan,nan,nan,nan,0.000000,0
1788899862.626570,76.496232,-2.665122,4.210606,-2.985663,-2.665588,4.213570,-2.985663,0.003000,0.000000,-2.665588,4.213570,-2.985663,0.003000,0.000000,-2.665588,4.213570,-2.985663,0.003000,0.000000,nan,nan,nan,nan,nan,0.000000,0
1788899862.626570,76.496232,-2.665122,4.210606,-2.985663,-2.665588,4.213570,-2.985663,0.003000,0.000000,-2.665588,4.213570,-2.985663,0.003000,0.000000,-2.665588,4.213570,-2.985663,0.003000,0.000000,nan,nan,nan,nan,nan,0.000000,0
1788899862.676680,76.546341,-2.665122,4.210606,-2.985663,-2.665588,4.213570,-2.985663,0.003000,0.000000,-2.665588,4.213570,-2.985663,0.003000,0.000000,-2.665588,4.213570,-2.985663,0.003000,0.000000,nan,nan,nan,nan,nan,0.000000,0
1788899862.676680,76.546341,-2.665122,4.210606,-2.985663,-2.665588,4.213570,-2.985663,0.003000,0.000000,-2.665588,4.213570,-2.985663,0.003000,0.000000,-2.665588,4.213570,-2.985663,0.003000,0.000000,nan,nan,nan,nan,nan,0.000000,0
1788899862.726575,76.596237,-2.665122,4.210606,-2.985663,-2.665588,4.213570,-2.985663,0.003000,0.000000,-2.665588,4.213570,-2.985663,0.003000,0.000000,-2.665588,4.213570,-2.985663,0.003000,0.000000,nan,nan,nan,nan,nan,0.000000,0
1788899862.726575,76.596237,-2.665122,4.210606,-2.985663,-2.665588,4.213570,-2.985663,0.003000,0.000000,-2.665588,4.213570,-2.985663,0.003000,0.000000,-2.665588,4.213570,-2.985663,0.003000,0.000000,nan,nan,nan,nan,nan,0.000000,0
1788899862.776707,76.646369,-2.665122,4.210606,-2.985663,-2.665588,4.213570,-2.985663,0.003000,0.000000,-2.665588,4.213570,-2.985663,0.003000,0.000000,-2.665588,4.213570,-2.985663,0.003000,0.000000,nan,nan,nan,nan,nan,0.000000,0
1788899862.776707,76.646369,-2.665122,4.210606,-2.985663,-2.665588,4.213570,-2.985663,0.003000,0.000000,-2.665588,4.213570,-2.985663,0.003000,0.000000,-2.665588,4.213570,-2.985663,0.003000,0.000000,nan,nan,nan,nan,nan,0.000000,0
1788899862.826763,76.696425,-2.665122,4.210606,-2.985663,-2.665588,4.213570,-2.985663,0.003000,0.000000,-2.665588,4.213570,-2.985663,0.003000,0.000000,-2.665588,4.213570,-2.985663,0.003000,0.000000,nan,nan,nan,nan,nan,0.000000,0
1788899862.826763,76.696425,-2.665122,4.210606,-2.985663,-2.665588,4.213570,-2.985663,0.003000,0.000000,-2.665588,4.213570,-2.985663,0.003000,0.000000,-2.665588,4.213570,-2.985663,0.003000,0.000000,nan,nan,nan,nan,nan,0.000000,0
1788899862.876326,76.745987,-2.665122,4.210606,-2.985663,-2.665588,4.213570,-2.985663,0.003000,0.000000,-2.665588,4.213570,-2.985663,0.003000,0.000000,-2.665588,4.213570,-2.985663,0.003000,0.000000,nan,nan,nan,nan,nan,0.000000,0
1788899862.876326,76.745987,-2.665122,4.210606,-2.985663,-2.665588,4.213570,-2.985663,0.003000,0.000000,-2.665588,4.213570,-2.985663,0.003000,0.000000,-2.665588,4.213570,-2.985663,0.003000,0.000000,nan,nan,nan,nan,nan,0.000000,0
1788899862.926715,76.796377,-2.665122,4.210606,-2.985663,-2.665588,4.213570,-2.985663,0.003000,0.000000,-2.665588,4.213570,-2.985663,0.003000,0.000000,-2.665588,4.213570,-2.985663,0.003000,0.000000,nan,nan,nan,nan,nan,0.000000,0
1788899862.926715,76.796377,-2.665122,4.210606,-2.985663,-2.665588,4.213570,-2.985663,0.003000,0.000000,-2.665588,4.213570,-2.985663,0.003000,0.000000,-2.665588,4.213570,-2.985663,0.003000,0.000000,nan,nan,nan,nan,nan,0.000000,0
1788899862.976303,76.845965,-2.665122,4.210606,-2.985663,-2.665588,4.213570,-2.985663,0.003000,0.000000,-2.665588,4.213570,-2.985663,0.003000,0.000000,-2.665588,4.213570,-2.985663,0.003000,0.000000,nan,nan,nan,nan,nan,0.000000,0
1788899862.976303,76.845965,-2.665122,4.210606,-2.985663,-2.665588,4.213570,-2.985663,0.003000,0.000000,-2.665588,4.213570,-2.985663,0.003000,0.000000,-2.665588,4.213570,-2.985663,0.003000,0.000000,nan,nan,nan,nan,nan,0.000000,0
1788899863.027663,76.897325,-2.665122,4.210606,-2.985663,-2.665588,4.213570,-2.985663,0.003000,0.000000,-2.665588,4.213570,-2.985663,0.003000,0.000000,-2.665588,4.213570,-2.985663,0.003000,0.000000,nan,nan,nan,nan,nan,0.000000,0
1788899863.027663,76.897325,-2.665122,4.210606,-2.985663,-2.665588,4.213570,-2.985663,0.003000,0.000000,-2.665588,4.213570,-2.985663,0.003000,0.000000,-2.665588,4.213570,-2.985663,0.003000,0.000000,nan,nan,nan,nan,nan,0.000000,0
1788899863.077575,76.947237,-2.665122,4.210606,-2.985663,-2.665588,4.213570,-2.985663,0.003000,0.000000,-2.665588,4.213570,-2.985663,0.003000,0.000000,-2.665588,4.213570,-2.985663,0.003000,0.000000,nan,nan,nan,nan,nan,0.000000,0
1788899863.077575,76.947237,-2.665122,4.210606,-2.985663,-2.665588,4.213570,-2.985663,0.003000,0.000000,-2.665588,4.213570,-2.985663,0.003000,0.000000,-2.665588,4.213570,-2.985663,0.003000,0.000000,nan,nan,nan,nan,nan,0.000000,0
1788899863.127079,76.996740,-2.665122,4.210606,-2.985663,-2.665588,4.213570,-2.985663,0.003000,0.000000,-2.665588,4.213570,-2.985663,0.003000,0.000000,-2.665588,4.213570,-2.985663,0.003000,0.000000,nan,nan,nan,nan,nan,0.000000,0
1788899863.127079,76.996740,-2.665122,4.210606,-2.985663,-2.665588,4.213570,-2.985663,0.003000,0.000000,-2.665588,4.213570,-2.985663,0.003000,0.000000,-2.665588,4.213570,-2.985663,0.003000,0.000000,nan,nan,nan,nan,nan,0.000000,0
1788899863.176878,77.046540,-2.665122,4.210606,-2.985663,-2.665588,4.213570,-2.985663,0.003000,0.000000,-2.665588,4.213570,-2.985663,0.003000,0.000000,-2.665588,4.213570,-2.985663,0.003000,0.000000,nan,nan,nan,nan,nan,0.000000,0
1788899863.176878,77.046540,-2.665122,4.210606,-2.985663,-2.665588,4.213570,-2.985663,0.003000,0.000000,-2.665588,4.213570,-2.985663,0.003000,0.000000,-2.665588,4.213570,-2.985663,0.003000,0.000000,nan,nan,nan,nan,nan,0.000000,0
1788899863.226518,77.096180,-2.665122,4.210606,-2.985663,-2.665588,4.213570,-2.985663,0.003000,0.000000,-2.665588,4.213570,-2.985663,0.003000,0.000000,-2.665588,4.213570,-2.985663,0.003000,0.000000,nan,nan,nan,nan,nan,0.000000,0
1788899863.226518,77.096180,-2.665122,4.210606,-2.985663,-2.665588,4.213570,-2.985663,0.003000,0.000000,-2.665588,4.213570,-2.985663,0.003000,0.000000,-2.665588,4.213570,-2.985663,0.003000,0.000000,nan,nan,nan,nan,nan,0.000000,0
1788899863.276859,77.146520,-2.665122,4.210606,-2.985663,-2.665588,4.213570,-2.985663,0.003000,0.000000,-2.665588,4.213570,-2.985663,0.003000,0.000000,-2.665588,4.213570,-2.985663,0.003000,0.000000,nan,nan,nan,nan,nan,0.000000,0
1788899863.276859,77.146520,-2.665122,4.210606,-2.985663,-2.665588,4.213570,-2.985663,0.003000,0.000000,-2.665588,4.213570,-2.985663,0.003000,0.000000,-2.665588,4.213570,-2.985663,0.003000,0.000000,nan,nan,nan,nan,nan,0.000000,0
1788899863.326548,77.196210,-2.665122,4.210606,-2.985663,-2.665588,4.213570,-2.985663,0.003000,0.000000,-2.665588,4.213570,-2.985663,0.003000,0.000000,-2.665588,4.213570,-2.985663,0.003000,0.000000,nan,nan,nan,nan,nan,0.000000,0
1788899863.326548,77.196210,-2.665122,4.210606,-2.985663,-2.665588,4.213570,-2.985663,0.003000,0.000000,-2.665588,4.213570,-2.985663,0.003000,0.000000,-2.665588,4.213570,-2.985663,0.003000,0.000000,nan,nan,nan,nan,nan,0.000000,0
1788899863.376582,77.246244,-2.665122,4.210606,-2.985663,-2.665588,4.213570,-2.985663,0.003000,0.000000,-2.665588,4.213570,-2.985663,0.003000,0.000000,-2.665588,4.213570,-2.985663,0.003000,0.000000,nan,nan,nan,nan,nan,0.000000,0
1788899863.376582,77.246244,-2.665122,4.210606,-2.985663,-2.665588,4.213570,-2.985663,0.003000,0.000000,-2.665588,4.213570,-2.985663,0.003000,0.000000,-2.665588,4.213570,-2.985663,0.003000,0.000000,nan,nan,nan,nan,nan,0.000000,0
1788899863.426901,77.296562,-2.665122,4.210606,-2.985663,-2.665588,4.213570,-2.985663,0.003000,0.000000,-2.665588,4.213570,-2.985663,0.003000,0.000000,-2.665588,4.213570,-2.985663,0.003000,0.000000,nan,nan,nan,nan,nan,0.000000,0
1788899863.426901,77.296562,-2.665122,4.210606,-2.985663,-2.665588,4.213570,-2.985663,0.003000,0.000000,-2.665588,4.213570,-2.985663,0.003000,0.000000,-2.665588,4.213570,-2.985663,0.003000,0.000000,nan,nan,nan,nan,nan,0.000000,0
1788899863.476559,77.346221,-2.665122,4.210606,-2.985663,-2.665588,4.213570,-2.985663,0.003000,0.000000,-2.665588,4.213570,-2.985663,0.003000,0.000000,-2.665588,4.213570,-2.985663,0.003000,0.000000,nan,nan,nan,nan,nan,0.000000,0
1788899863.476559,77.346221,-2.665122,4.210606,-2.985663,-2.665588,4.213570,-2.985663,0.003000,0.000000,-2.665588,4.213570,-2.985663,0.003000,0.000000,-2.665588,4.213570,-2.985663,0.003000,0.000000,nan,nan,nan,nan,nan,0.000000,0
1788899863.526846,77.396508,-2.665122,4.210606,-2.985663,-2.665588,4.213570,-2.985663,0.003000,0.000000,-2.665588,4.213570,-2.985663,0.003000,0.000000,-2.665588,4.213570,-2.985663,0.003000,0.000000,nan,nan,nan,nan,nan,0.000000,0
1788899863.526846,77.396508,-2.665122,4.210606,-2.985663,-2.665588,4.213570,-2.985663,0.003000,0.000000,-2.665588,4.213570,-2.985663,0.003000,0.000000,-2.665588,4.213570,-2.985663,0.003000,0.000000,nan,nan,nan,nan,nan,0.000000,0
1788899863.576567,77.446229,-2.665122,4.210606,-2.985663,-2.665588,4.213570,-2.985663,0.003000,0.000000,-2.665588,4.213570,-2.985663,0.003000,0.000000,-2.665588,4.213570,-2.985663,0.003000,0.000000,nan,nan,nan,nan,nan,0.000000,0
1788899863.576567,77.446229,-2.665122,4.210606,-2.985663,-2.665588,4.213570,-2.985663,0.003000,0.000000,-2.665588,4.213570,-2.985663,0.003000,0.000000,-2.665588,4.213570,-2.985663,0.003000,0.000000,nan,nan,nan,nan,nan,0.000000,0
1788899863.625948,77.495610,-2.665122,4.210606,-2.985663,-2.665588,4.213570,-2.985663,0.003000,0.000000,-2.665588,4.213570,-2.985663,0.003000,0.000000,-2.665588,4.213570,-2.985663,0.003000,0.000000,nan,nan,nan,nan,nan,0.000000,0
1788899863.625948,77.495610,-2.665122,4.210606,-2.985663,-2.665588,4.213570,-2.985663,0.003000,0.000000,-2.665588,4.213570,-2.985663,0.003000,0.000000,-2.665588,4.213570,-2.985663,0.003000,0.000000,nan,nan,nan,nan,nan,0.000000,0
1788899863.676837,77.546499,-2.665122,4.210606,-2.985663,-2.665588,4.213570,-2.985663,0.003000,0.000000,-2.665588,4.213570,-2.985663,0.003000,0.000000,-2.665588,4.213570,-2.985663,0.003000,0.000000,nan,nan,nan,nan,nan,0.000000,0
1788899863.676837,77.546499,-2.665122,4.210606,-2.985663,-2.665588,4.213570,-2.985663,0.003000,0.000000,-2.665588,4.213570,-2.985663,0.003000,0.000000,-2.665588,4.213570,-2.985663,0.003000,0.000000,nan,nan,nan,nan,nan,0.000000,0
1788899863.726835,77.596497,-2.665122,4.210606,-2.985663,-2.665588,4.213570,-2.985663,0.003000,0.000000,-2.665588,4.213570,-2.985663,0.003000,0.000000,-2.665588,4.213570,-2.985663,0.003000,0.000000,nan,nan,nan,nan,nan,0.000000,0
1788899863.726835,77.596497,-2.665122,4.210606,-2.985663,-2.665588,4.213570,-2.985663,0.003000,0.000000,-2.665588,4.213570,-2.985663,0.003000,0.000000,-2.665588,4.213570,-2.985663,0.003000,0.000000,nan,nan,nan,nan,nan,0.000000,0
1788899863.776625,77.646286,-2.665122,4.210606,-2.985663,-2.665588,4.213570,-2.985663,0.003000,0.000000,-2.665588,4.213570,-2.985663,0.003000,0.000000,-2.665588,4.213570,-2.985663,0.003000,0.000000,nan,nan,nan,nan,nan,0.000000,0
1788899863.776625,77.646286,-2.665122,4.210606,-2.985663,-2.665588,4.213570,-2.985663,0.003000,0.000000,-2.665588,4.213570,-2.985663,0.003000,0.000000,-2.665588,4.213570,-2.985663,0.003000,0.000000,nan,nan,nan,nan,nan,0.000000,0
1788899863.826726,77.696388,-2.665122,4.210606,-2.985663,-2.665588,4.213570,-2.985663,0.003000,0.000000,-2.665588,4.213570,-2.985663,0.003000,0.000000,-2.665588,4.213570,-2.985663,0.003000,0.000000,nan,nan,nan,nan,nan,0.000000,0
1788899863.826726,77.696388,-2.665122,4.210606,-2.985663,-2.665588,4.213570,-2.985663,0.003000,0.000000,-2.665588,4.213570,-2.985663,0.003000,0.000000,-2.665588,4.213570,-2.985663,0.003000,0.000000,nan,nan,nan,nan,nan,0.000000,0
1788899863.875960,77.745621,-2.665122,4.210606,-2.985663,-2.665588,4.213570,-2.985663,0.003000,0.000000,-2.665588,4.213570,-2.985663,0.003000,0.000000,-2.665588,4.213570,-2.985663,0.003000,0.000000,nan,nan,nan,nan,nan,0.000000,0
1788899863.875960,77.745621,-2.665122,4.210606,-2.985663,-2.665588,4.213570,-2.985663,0.003000,0.000000,-2.665588,4.213570,-2.985663,0.003000,0.000000,-2.665588,4.213570,-2.985663,0.003000,0.000000,nan,nan,nan,nan,nan,0.000000,0
1788899863.926358,77.796020,-2.665122,4.210606,-2.985663,-2.665588,4.213570,-2.985663,0.003000,0.000000,-2.665588,4.213570,-2.985663,0.003000,0.000000,-2.665588,4.213570,-2.985663,0.003000,0.000000,nan,nan,nan,nan,nan,0.000000,0
1788899863.926358,77.796020,-2.665122,4.210606,-2.985663,-2.665588,4.213570,-2.985663,0.003000,0.000000,-2.665588,4.213570,-2.985663,0.003000,0.000000,-2.665588,4.213570,-2.985663,0.003000,0.000000,nan,nan,nan,nan,nan,0.000000,0
1788899863.976733,77.846395,-2.665107,4.210507,-2.985663,-2.665588,4.213570,-2.985663,0.003100,0.000000,-2.665588,4.213570,-2.985663,0.003100,0.000000,-2.665588,4.213570,-2.985663,0.003100,0.000000,nan,nan,nan,nan,nan,0.001985,0
1788899863.976733,77.846395,-2.665107,4.210507,-2.985663,-2.665588,4.213570,-2.985663,0.003100,0.000000,-2.665588,4.213570,-2.985663,0.003100,0.000000,-2.665588,4.213570,-2.985663,0.003100,0.000000,nan,nan,nan,nan,nan,0.001985,0
1788899864.026836,77.896498,-2.665107,4.210507,-2.985663,-2.665588,4.213570,-2.985663,0.003100,0.000000,-2.665588,4.213570,-2.985663,0.003100,0.000000,-2.665588,4.213570,-2.985663,0.003100,0.000000,nan,nan,nan,nan,nan,0.000000,0
1788899864.026836,77.896498,-2.665107,4.210507,-2.985663,-2.665588,4.213570,-2.985663,0.003100,0.000000,-2.665588,4.213570,-2.985663,0.003100,0.000000,-2.665588,4.213570,-2.985663,0.003100,0.000000,nan,nan,nan,nan,nan,0.000000,0
1788899864.076727,77.946389,-2.665107,4.210507,-2.985663,-2.665588,4.213570,-2.985663,0.003100,0.000000,-2.665588,4.213570,-2.985663,0.003100,0.000000,-2.665588,4.213570,-2.985663,0.003100,0.000000,nan,nan,nan,nan,nan,0.000000,0
1788899864.076727,77.946389,-2.665107,4.210507,-2.985663,-2.665588,4.213570,-2.985663,0.003100,0.000000,-2.665588,4.213570,-2.985663,0.003100,0.000000,-2.665588,4.213570,-2.985663,0.003100,0.000000,nan,nan,nan,nan,nan,0.000000,0
1788899864.126752,77.996414,-2.665107,4.210507,-2.985663,-2.665588,4.213570,-2.985663,0.003100,0.000000,-2.665588,4.213570,-2.985663,0.003100,0.000000,-2.665588,4.213570,-2.985663,0.003100,0.000000,nan,nan,nan,nan,nan,0.000000,0
1788899864.126752,77.996414,-2.665107,4.210507,-2.985663,-2.665588,4.213570,-2.985663,0.003100,0.000000,-2.665588,4.213570,-2.985663,0.003100,0.000000,-2.665588,4.213570,-2.985663,0.003100,0.000000,nan,nan,nan,nan,nan,0.000000,0
1788899864.175890,78.045552,-2.665107,4.210507,-2.985663,-2.665588,4.213570,-2.985663,0.003100,0.000000,-2.665588,4.213570,-2.985663,0.003100,0.000000,-2.665588,4.213570,-2.985663,0.003100,0.000000,nan,nan,nan,nan,nan,0.000000,0
1788899864.175890,78.045552,-2.665107,4.210507,-2.985663,-2.665588,4.213570,-2.985663,0.003100,0.000000,-2.665588,4.213570,-2.985663,0.003100,0.000000,-2.665588,4.213570,-2.985663,0.003100,0.000000,nan,nan,nan,nan,nan,0.000000,0
1788899864.226626,78.096288,-2.665107,4.210507,-2.985663,-2.665588,4.213570,-2.985663,0.003100,0.000000,-2.665588,4.213570,-2.985663,0.003100,0.000000,-2.665588,4.213570,-2.985663,0.003100,0.000000,nan,nan,nan,nan,nan,0.000000,0
1788899864.226626,78.096288,-2.665107,4.210507,-2.985663,-2.665588,4.213570,-2.985663,0.003100,0.000000,-2.665588,4.213570,-2.985663,0.003100,0.000000,-2.665588,4.213570,-2.985663,0.003100,0.000000,nan,nan,nan,nan,nan,0.000000,0
1788899864.276725,78.146386,-2.665107,4.210507,-2.985663,-2.665588,4.213570,-2.985663,0.003100,0.000000,-2.665588,4.213570,-2.985663,0.003100,0.000000,-2.665588,4.213570,-2.985663,0.003100,0.000000,nan,nan,nan,nan,nan,0.000000,0
1788899864.276725,78.146386,-2.665107,4.210507,-2.985663,-2.665588,4.213570,-2.985663,0.003100,0.000000,-2.665588,4.213570,-2.985663,0.003100,0.000000,-2.665588,4.213570,-2.985663,0.003100,0.000000,nan,nan,nan,nan,nan,0.000000,0
1788899864.326827,78.196489,-2.665107,4.210507,-2.985663,-2.665588,4.213570,-2.985663,0.003100,0.000000,-2.665588,4.213570,-2.985663,0.003100,0.000000,-2.665588,4.213570,-2.985663,0.003100,0.000000,nan,nan,nan,nan,nan,0.000000,0
1788899864.326827,78.196489,-2.665107,4.210507,-2.985663,-2.665588,4.213570,-2.985663,0.003100,0.000000,-2.665588,4.213570,-2.985663,0.003100,0.000000,-2.665588,4.213570,-2.985663,0.003100,0.000000,nan,nan,nan,nan,nan,0.000000,0
1788899864.376550,78.246212,-2.665107,4.210507,-2.985663,-2.665588,4.213570,-2.985663,0.003100,0.000000,-2.665588,4.213570,-2.985663,0.003100,0.000000,-2.665588,4.213570,-2.985663,0.003100,0.000000,nan,nan,nan,nan,nan,0.000000,0
1788899864.376550,78.246212,-2.665107,4.210507,-2.985663,-2.665588,4.213570,-2.985663,0.003100,0.000000,-2.665588,4.213570,-2.985663,0.003100,0.000000,-2.665588,4.213570,-2.985663,0.003100,0.000000,nan,nan,nan,nan,nan,0.000000,0
1788899864.426359,78.296021,-2.665107,4.210507,-2.985663,-2.665588,4.213570,-2.985663,0.003100,0.000000,-2.665588,4.213570,-2.985663,0.003100,0.000000,-2.665588,4.213570,-2.985663,0.003100,0.000000,nan,nan,nan,nan,nan,0.000000,0
1788899864.426359,78.296021,-2.665107,4.210507,-2.985663,-2.665588,4.213570,-2.985663,0.003100,0.000000,-2.665588,4.213570,-2.985663,0.003100,0.000000,-2.665588,4.213570,-2.985663,0.003100,0.000000,nan,nan,nan,nan,nan,0.000000,0
1788899864.476933,78.346594,-2.665107,4.210507,-2.985663,-2.665588,4.213570,-2.985663,0.003100,0.000000,-2.665588,4.213570,-2.985663,0.003100,0.000000,-2.665588,4.213570,-2.985663,0.003100,0.000000,nan,nan,nan,nan,nan,0.000000,0
1788899864.476933,78.346594,-2.665107,4.210507,-2.985663,-2.665588,4.213570,-2.985663,0.003100,0.000000,-2.665588,4.213570,-2.985663,0.003100,0.000000,-2.665588,4.213570,-2.985663,0.003100,0.000000,nan,nan,nan,nan,nan,0.000000,0
1788899864.526418,78.396080,-2.665107,4.210507,-2.985663,-2.665588,4.213570,-2.985663,0.003100,0.000000,-2.665588,4.213570,-2.985663,0.003100,0.000000,-2.665588,4.213570,-2.985663,0.003100,0.000000,nan,nan,nan,nan,nan,0.000000,0
1788899864.526418,78.396080,-2.665107,4.210507,-2.985663,-2.665588,4.213570,-2.985663,0.003100,0.000000,-2.665588,4.213570,-2.985663,0.003100,0.000000,-2.665588,4.213570,-2.985663,0.003100,0.000000,nan,nan,nan,nan,nan,0.000000,0
1788899864.576503,78.446165,-2.665107,4.210507,-2.985663,-2.665588,4.213570,-2.985663,0.003100,0.000000,-2.665588,4.213570,-2.985663,0.003100,0.000000,-2.665588,4.213570,-2.985663,0.003100,0.000000,nan,nan,nan,nan,nan,0.000000,0
1788899864.576503,78.446165,-2.665107,4.210507,-2.985663,-2.665588,4.213570,-2.985663,0.003100,0.000000,-2.665588,4.213570,-2.985663,0.003100,0.000000,-2.665588,4.213570,-2.985663,0.003100,0.000000,nan,nan,nan,nan,nan,0.000000,0
1788899864.626776,78.496438,-2.665107,4.210507,-2.985663,-2.665588,4.213570,-2.985663,0.003100,0.000000,-2.665588,4.213570,-2.985663,0.003100,0.000000,-2.665588,4.213570,-2.985663,0.003100,0.000000,nan,nan,nan,nan,nan,0.000000,0
1788899864.626776,78.496438,-2.665107,4.210507,-2.985663,-2.665588,4.213570,-2.985663,0.003100,0.000000,-2.665588,4.213570,-2.985663,0.003100,0.000000,-2.665588,4.213570,-2.985663,0.003100,0.000000,nan,nan,nan,nan,nan,0.000000,0
1788899864.677093,78.546755,-2.665107,4.210507,-2.985663,-2.665588,4.213570,-2.985663,0.003100,0.000000,-2.665588,4.213570,-2.985663,0.003100,0.000000,-2.665588,4.213570,-2.985663,0.003100,0.000000,nan,nan,nan,nan,nan,0.000000,0
1788899864.677093,78.546755,-2.665107,4.210507,-2.985663,-2.665588,4.213570,-2.985663,0.003100,0.000000,-2.665588,4.213570,-2.985663,0.003100,0.000000,-2.665588,4.213570,-2.985663,0.003100,0.000000,nan,nan,nan,nan,nan,0.000000,0
1788899864.726590,78.596252,-2.665107,4.210507,-2.985663,-2.665588,4.213570,-2.985663,0.003100,0.000000,-2.665588,4.213570,-2.985663,0.003100,0.000000,-2.665588,4.213570,-2.985663,0.003100,0.000000,nan,nan,nan,nan,nan,0.000000,0
1788899864.726590,78.596252,-2.665107,4.210507,-2.985663,-2.665588,4.213570,-2.985663,0.003100,0.000000,-2.665588,4.213570,-2.985663,0.003100,0.000000,-2.665588,4.213570,-2.985663,0.003100,0.000000,nan,nan,nan,nan,nan,0.000000,0
1788899864.776373,78.646035,-2.665107,4.210507,-2.985663,-2.665588,4.213570,-2.985663,0.003100,0.000000,-2.665588,4.213570,-2.985663,0.003100,0.000000,-2.665588,4.213570,-2.985663,0.003100,0.000000,nan,nan,nan,nan,nan,0.000000,0
1788899864.776373,78.646035,-2.665107,4.210507,-2.985663,-2.665588,4.213570,-2.985663,0.003100,0.000000,-2.665588,4.213570,-2.985663,0.003100,0.000000,-2.665588,4.213570,-2.985663,0.003100,0.000000,nan,nan,nan,nan,nan,0.000000,0
1788899864.826567,78.696229,-2.665107,4.210507,-2.985663,-2.665588,4.213570,-2.985663,0.003100,0.000000,-2.665588,4.213570,-2.985663,0.003100,0.000000,-2.665588,4.213570,-2.985663,0.003100,0.000000,nan,nan,nan,nan,nan,0.000000,0
1788899864.826567,78.696229,-2.665107,4.210507,-2.985663,-2.665588,4.213570,-2.985663,0.003100,0.000000,-2.665588,4.213570,-2.985663,0.003100,0.000000,-2.665588,4.213570,-2.985663,0.003100,0.000000,nan,nan,nan,nan,nan,0.000000,0
1788899864.877059,78.746721,-2.665107,4.210507,-2.985663,-2.665588,4.213570,-2.985663,0.003100,0.000000,-2.665588,4.213570,-2.985663,0.003100,0.000000,-2.665588,4.213570,-2.985663,0.003100,0.000000,nan,nan,nan,nan,nan,0.000000,0
1788899864.877059,78.746721,-2.665107,4.210507,-2.985663,-2.665588,4.213570,-2.985663,0.003100,0.000000,-2.665588,4.213570,-2.985663,0.003100,0.000000,-2.665588,4.213570,-2.985663,0.003100,0.000000,nan,nan,nan,nan,nan,0.000000,0
1788899864.927081,78.796743,-2.665107,4.210507,-2.985663,-2.665588,4.213570,-2.985663,0.003100,0.000000,-2.665588,4.213570,-2.985663,0.003100,0.000000,-2.665588,4.213570,-2.985663,0.003100,0.000000,nan,nan,nan,nan,nan,0.000000,0
1788899864.927081,78.796743,-2.665107,4.210507,-2.985663,-2.665588,4.213570,-2.985663,0.003100,0.000000,-2.665588,4.213570,-2.985663,0.003100,0.000000,-2.665588,4.213570,-2.985663,0.003100,0.000000,nan,nan,nan,nan,nan,0.000000,0
1788899864.976549,78.846211,-2.665107,4.210507,-2.985663,-2.665588,4.213570,-2.985663,0.003100,0.000000,-2.665588,4.213570,-2.985663,0.003100,0.000000,-2.665588,4.213570,-2.985663,0.003100,0.000000,nan,nan,nan,nan,nan,0.000000,0
1788899864.976549,78.846211,-2.665107,4.210507,-2.985663,-2.665588,4.213570,-2.985663,0.003100,0.000000,-2.665588,4.213570,-2.985663,0.003100,0.000000,-2.665588,4.213570,-2.985663,0.003100,0.000000,nan,nan,nan,nan,nan,0.000000,0
1788899865.025975,78.895636,-2.665107,4.210507,-2.985663,-2.665588,4.213570,-2.985663,0.003100,0.000000,-2.665588,4.213570,-2.985663,0.003100,0.000000,-2.665588,4.213570,-2.985663,0.003100,0.000000,nan,nan,nan,nan,nan,0.000000,0
1788899865.025975,78.895636,-2.665107,4.210507,-2.985663,-2.665588,4.213570,-2.985663,0.003100,0.000000,-2.665588,4.213570,-2.985663,0.003100,0.000000,-2.665588,4.213570,-2.985663,0.003100,0.000000,nan,nan,nan,nan,nan,0.000000,0
1788899865.076827,78.946489,-2.665107,4.210507,-2.985663,-2.665588,4.213570,-2.985663,0.003100,0.000000,-2.665588,4.213570,-2.985663,0.003100,0.000000,-2.665588,4.213570,-2.985663,0.003100,0.000000,nan,nan,nan,nan,nan,0.000000,0
1788899865.076827,78.946489,-2.665107,4.210507,-2.985663,-2.665588,4.213570,-2.985663,0.003100,0.000000,-2.665588,4.213570,-2.985663,0.003100,0.000000,-2.665588,4.213570,-2.985663,0.003100,0.000000,nan,nan,nan,nan,nan,0.000000,0
1788899865.126885,78.996547,-2.665107,4.210507,-2.985663,-2.665588,4.213570,-2.985663,0.003100,0.000000,-2.665588,4.213570,-2.985663,0.003100,0.000000,-2.665588,4.213570,-2.985663,0.003100,0.000000,nan,nan,nan,nan,nan,0.000000,0
1788899865.126885,78.996547,-2.665107,4.210507,-2.985663,-2.665588,4.213570,-2.985663,0.003100,0.000000,-2.665588,4.213570,-2.985663,0.003100,0.000000,-2.665588,4.213570,-2.985663,0.003100,0.000000,nan,nan,nan,nan,nan,0.000000,0
1788899865.176567,79.046229,-2.665107,4.210507,-2.985663,-2.665588,4.213570,-2.985663,0.003100,0.000000,-2.665588,4.213570,-2.985663,0.003100,0.000000,-2.665588,4.213570,-2.985663,0.003100,0.000000,nan,nan,nan,nan,nan,0.000000,0
1788899865.176567,79.046229,-2.665107,4.210507,-2.985663,-2.665588,4.213570,-2.985663,0.003100,0.000000,-2.665588,4.213570,-2.985663,0.003100,0.000000,-2.665588,4.213570,-2.985663,0.003100,0.000000,nan,nan,nan,nan,nan,0.000000,0
1788899865.226402,79.096064,-2.665107,4.210507,-2.985663,-2.665588,4.213570,-2.985663,0.003100,0.000000,-2.665588,4.213570,-2.985663,0.003100,0.000000,-2.665588,4.213570,-2.985663,0.003100,0.000000,nan,nan,nan,nan,nan,0.000000,0
1788899865.226402,79.096064,-2.665107,4.210507,-2.985663,-2.665588,4.213570,-2.985663,0.003100,0.000000,-2.665588,4.213570,-2.985663,0.003100,0.000000,-2.665588,4.213570,-2.985663,0.003100,0.000000,nan,nan,nan,nan,nan,0.000000,0
1788899865.276763,79.146425,-2.665107,4.210507,-2.985663,-2.665588,4.213570,-2.985663,0.003100,0.000000,-2.665588,4.213570,-2.985663,0.003100,0.000000,-2.665588,4.213570,-2.985663,0.003100,0.000000,nan,nan,nan,nan,nan,0.000000,0
1788899865.276763,79.146425,-2.665107,4.210507,-2.985663,-2.665588,4.213570,-2.985663,0.003100,0.000000,-2.665588,4.213570,-2.985663,0.003100,0.000000,-2.665588,4.213570,-2.985663,0.003100,0.000000,nan,nan,nan,nan,nan,0.000000,0
1788899865.326581,79.196243,-2.665107,4.210507,-2.985663,-2.665588,4.213570,-2.985663,0.003100,0.000000,-2.665588,4.213570,-2.985663,0.003100,0.000000,-2.665588,4.213570,-2.985663,0.003100,0.000000,nan,nan,nan,nan,nan,0.000000,0
1788899865.326581,79.196243,-2.665107,4.210507,-2.985663,-2.665588,4.213570,-2.985663,0.003100,0.000000,-2.665588,4.213570,-2.985663,0.003100,0.000000,-2.665588,4.213570,-2.985663,0.003100,0.000000,nan,nan,nan,nan,nan,0.000000,0
1788899865.376882,79.246543,-2.665107,4.210507,-2.985663,-2.665588,4.213570,-2.985663,0.003100,0.000000,-2.665588,4.213570,-2.985663,0.003100,0.000000,-2.665588,4.213570,-2.985663,0.003100,0.000000,nan,nan,nan,nan,nan,0.000000,0
1788899865.376882,79.246543,-2.665107,4.210507,-2.985663,-2.665588,4.213570,-2.985663,0.003100,0.000000,-2.665588,4.213570,-2.985663,0.003100,0.000000,-2.665588,4.213570,-2.985663,0.003100,0.000000,nan,nan,nan,nan,nan,0.000000,0
1788899865.426602,79.296264,-2.665107,4.210507,-2.985663,-2.665588,4.213570,-2.985663,0.003100,0.000000,-2.665588,4.213570,-2.985663,0.003100,0.000000,-2.665588,4.213570,-2.985663,0.003100,0.000000,nan,nan,nan,nan,nan,0.000000,0
1788899865.426602,79.296264,-2.665107,4.210507,-2.985663,-2.665588,4.213570,-2.985663,0.003100,0.000000,-2.665588,4.213570,-2.985663,0.003100,0.000000,-2.665588,4.213570,-2.985663,0.003100,0.000000,nan,nan,nan,nan,nan,0.000000,0
1788899865.476750,79.346412,-2.665107,4.210507,-2.985663,-2.665588,4.213570,-2.985663,0.003100,0.000000,-2.665588,4.213570,-2.985663,0.003100,0.000000,-2.665588,4.213570,-2.985663,0.003100,0.000000,nan,nan,nan,nan,nan,0.000000,0
1788899865.476750,79.346412,-2.665107,4.210507,-2.985663,-2.665588,4.213570,-2.985663,0.003100,0.000000,-2.665588,4.213570,-2.985663,0.003100,0.000000,-2.665588,4.213570,-2.985663,0.003100,0.000000,nan,nan,nan,nan,nan,0.000000,0
1788899865.526161,79.395823,-2.665107,4.210507,-2.985663,-2.665588,4.213570,-2.985663,0.003100,0.000000,-2.665588,4.213570,-2.985663,0.003100,0.000000,-2.665588,4.213570,-2.985663,0.003100,0.000000,nan,nan,nan,nan,nan,0.000000,0
1788899865.526161,79.395823,-2.665107,4.210507,-2.985663,-2.665588,4.213570,-2.985663,0.003100,0.000000,-2.665588,4.213570,-2.985663,0.003100,0.000000,-2.665588,4.213570,-2.985663,0.003100,0.000000,nan,nan,nan,nan,nan,0.000000,0
1788899865.576593,79.446255,-2.665107,4.210507,-2.985663,-2.665588,4.213570,-2.985663,0.003100,0.000000,-2.665588,4.213570,-2.985663,0.003100,0.000000,-2.665588,4.213570,-2.985663,0.003100,0.000000,nan,nan,nan,nan,nan,0.000000,0
1788899865.576593,79.446255,-2.665107,4.210507,-2.985663,-2.665588,4.213570,-2.985663,0.003100,0.000000,-2.665588,4.213570,-2.985663,0.003100,0.000000,-2.665588,4.213570,-2.985663,0.003100,0.000000,nan,nan,nan,nan,nan,0.000000,0
1788899865.626455,79.496117,-2.665107,4.210507,-2.985663,-2.665588,4.213570,-2.985663,0.003100,0.000000,-2.665588,4.213570,-2.985663,0.003100,0.000000,-2.665588,4.213570,-2.985663,0.003100,0.000000,nan,nan,nan,nan,nan,0.000000,0
1788899865.626455,79.496117,-2.665107,4.210507,-2.985663,-2.665588,4.213570,-2.985663,0.003100,0.000000,-2.665588,4.213570,-2.985663,0.003100,0.000000,-2.665588,4.213570,-2.985663,0.003100,0.000000,nan,nan,nan,nan,nan,0.000000,0
1788899865.676146,79.545808,-2.665107,4.210507,-2.985663,-2.665588,4.213570,-2.985663,0.003100,0.000000,-2.665588,4.213570,-2.985663,0.003100,0.000000,-2.665588,4.213570,-2.985663,0.003100,0.000000,nan,nan,nan,nan,nan,0.000000,0
1788899865.676146,79.545808,-2.665107,4.210507,-2.985663,-2.665588,4.213570,-2.985663,0.003100,0.000000,-2.665588,4.213570,-2.985663,0.003100,0.000000,-2.665588,4.213570,-2.985663,0.003100,0.000000,nan,nan,nan,nan,nan,0.000000,0
1788899865.727913,79.597575,-2.665107,4.210507,-2.985663,-2.665588,4.213570,-2.985663,0.003100,0.000000,-2.665588,4.213570,-2.985663,0.003100,0.000000,-2.665588,4.213570,-2.985663,0.003100,0.000000,nan,nan,nan,nan,nan,0.000000,0
1788899865.727913,79.597575,-2.665107,4.210507,-2.985663,-2.665588,4.213570,-2.985663,0.003100,0.000000,-2.665588,4.213570,-2.985663,0.003100,0.000000,-2.665588,4.213570,-2.985663,0.003100,0.000000,nan,nan,nan,nan,nan,0.000000,0
1788899865.776011,79.645673,-2.665107,4.210507,-2.985663,-2.665588,4.213570,-2.985663,0.003100,0.000000,-2.665588,4.213570,-2.985663,0.003100,0.000000,-2.665588,4.213570,-2.985663,0.003100,0.000000,nan,nan,nan,nan,nan,0.000000,0
1788899865.776011,79.645673,-2.665107,4.210507,-2.985663,-2.665588,4.213570,-2.985663,0.003100,0.000000,-2.665588,4.213570,-2.985663,0.003100,0.000000,-2.665588,4.213570,-2.985663,0.003100,0.000000,nan,nan,nan,nan,nan,0.000000,0
1788899865.826520,79.696182,-2.665107,4.210507,-2.985663,-2.665588,4.213570,-2.985663,0.003100,0.000000,-2.665588,4.213570,-2.985663,0.003100,0.000000,-2.665588,4.213570,-2.985663,0.003100,0.000000,nan,nan,nan,nan,nan,0.000000,0
1788899865.826520,79.696182,-2.665107,4.210507,-2.985663,-2.665588,4.213570,-2.985663,0.003100,0.000000,-2.665588,4.213570,-2.985663,0.003100,0.000000,-2.665588,4.213570,-2.985663,0.003100,0.000000,nan,nan,nan,nan,nan,0.000000,0
1788899865.876730,79.746392,-2.665107,4.210507,-2.985663,-2.665588,4.213570,-2.985663,0.003100,0.000000,-2.665588,4.213570,-2.985663,0.003100,0.000000,-2.665588,4.213570,-2.985663,0.003100,0.000000,nan,nan,nan,nan,nan,0.000000,0
1788899865.876730,79.746392,-2.665107,4.210507,-2.985663,-2.665588,4.213570,-2.985663,0.003100,0.000000,-2.665588,4.213570,-2.985663,0.003100,0.000000,-2.665588,4.213570,-2.985663,0.003100,0.000000,nan,nan,nan,nan,nan,0.000000,0
1788899865.926573,79.796235,-2.665107,4.210507,-2.985663,-2.665588,4.213570,-2.985663,0.003100,0.000000,-2.665588,4.213570,-2.985663,0.003100,0.000000,-2.665588,4.213570,-2.985663,0.003100,0.000000,nan,nan,nan,nan,nan,0.000000,0
1788899865.926573,79.796235,-2.665107,4.210507,-2.985663,-2.665588,4.213570,-2.985663,0.003100,0.000000,-2.665588,4.213570,-2.985663,0.003100,0.000000,-2.665588,4.213570,-2.985663,0.003100,0.000000,nan,nan,nan,nan,nan,0.000000,0
1788899865.976606,79.846268,-2.665107,4.210507,-2.985663,-2.665588,4.213570,-2.985663,0.003100,0.000000,-2.665588,4.213570,-2.985663,0.003100,0.000000,-2.665588,4.213570,-2.985663,0.003100,0.000000,nan,nan,nan,nan,nan,0.000000,0
1788899865.976606,79.846268,-2.665107,4.210507,-2.985663,-2.665588,4.213570,-2.985663,0.003100,0.000000,-2.665588,4.213570,-2.985663,0.003100,0.000000,-2.665588,4.213570,-2.985663,0.003100,0.000000,nan,nan,nan,nan,nan,0.000000,0
1788899866.026939,79.896601,-2.665107,4.210507,-2.985663,-2.665588,4.213570,-2.985663,0.003100,0.000000,-2.665588,4.213570,-2.985663,0.003100,0.000000,-2.665588,4.213570,-2.985663,0.003100,0.000000,nan,nan,nan,nan,nan,0.000000,0
1788899866.026939,79.896601,-2.665107,4.210507,-2.985663,-2.665588,4.213570,-2.985663,0.003100,0.000000,-2.665588,4.213570,-2.985663,0.003100,0.000000,-2.665588,4.213570,-2.985663,0.003100,0.000000,nan,nan,nan,nan,nan,0.000000,0
1788899866.077074,79.946735,-2.665107,4.210507,-2.985663,-2.665588,4.213570,-2.985663,0.003100,0.000000,-2.665588,4.213570,-2.985663,0.003100,0.000000,-2.665588,4.213570,-2.985663,0.003100,0.000000,nan,nan,nan,nan,nan,0.000000,0
1788899866.077074,79.946735,-2.665107,4.210507,-2.985663,-2.665588,4.213570,-2.985663,0.003100,0.000000,-2.665588,4.213570,-2.985663,0.003100,0.000000,-2.665588,4.213570,-2.985663,0.003100,0.000000,nan,nan,nan,nan,nan,0.000000,0
1788899866.130913,80.000575,-2.665107,4.210507,-2.985663,-2.665588,4.213570,-2.985663,0.003100,0.000000,-2.665588,4.213570,-2.985663,0.003100,0.000000,-2.665588,4.213570,-2.985663,0.003100,0.000000,nan,nan,nan,nan,nan,0.000000,0
1788899866.130913,80.000575,-2.665107,4.210507,-2.985663,-2.665588,4.213570,-2.985663,0.003100,0.000000,-2.665588,4.213570,-2.985663,0.003100,0.000000,-2.665588,4.213570,-2.985663,0.003100,0.000000,nan,nan,nan,nan,nan,0.000000,0
1788899866.179167,80.048829,-2.665107,4.210507,-2.985663,-2.665588,4.213570,-2.985663,0.003100,0.000000,-2.665588,4.213570,-2.985663,0.003100,0.000000,-2.665588,4.213570,-2.985663,0.003100,0.000000,nan,nan,nan,nan,nan,0.000000,0
1788899866.179167,80.048829,-2.665107,4.210507,-2.985663,-2.665588,4.213570,-2.985663,0.003100,0.000000,-2.665588,4.213570,-2.985663,0.003100,0.000000,-2.665588,4.213570,-2.985663,0.003100,0.000000,nan,nan,nan,nan,nan,0.000000,0
1788899866.227646,80.097308,-2.665107,4.210507,-2.985663,-2.665588,4.213570,-2.985663,0.003100,0.000000,-2.665588,4.213570,-2.985663,0.003100,0.000000,-2.665588,4.213570,-2.985663,0.003100,0.000000,nan,nan,nan,nan,nan,0.000000,0
1788899866.227646,80.097308,-2.665107,4.210507,-2.985663,-2.665588,4.213570,-2.985663,0.003100,0.000000,-2.665588,4.213570,-2.985663,0.003100,0.000000,-2.665588,4.213570,-2.985663,0.003100,0.000000,nan,nan,nan,nan,nan,0.000000,0
1788899866.279930,80.149591,-2.665107,4.210507,-2.985663,-2.665588,4.213570,-2.985663,0.003100,0.000000,-2.665588,4.213570,-2.985663,0.003100,0.000000,-2.665588,4.213570,-2.985663,0.003100,0.000000,nan,nan,nan,nan,nan,0.000000,0
1788899866.279930,80.149591,-2.665107,4.210507,-2.985663,-2.665588,4.213570,-2.985663,0.003100,0.000000,-2.665588,4.213570,-2.985663,0.003100,0.000000,-2.665588,4.213570,-2.985663,0.003100,0.000000,nan,nan,nan,nan,nan,0.000000,0
1788899866.327632,80.197294,-2.665091,4.210408,-2.985663,-2.665588,4.213570,-2.985663,0.003200,0.000000,-2.665588,4.213570,-2.985663,0.003200,0.000000,-2.665588,4.213570,-2.985663,0.003200,0.000000,nan,nan,nan,nan,nan,0.002096,0
1788899866.327632,80.197294,-2.665091,4.210408,-2.985663,-2.665588,4.213570,-2.985663,0.003200,0.000000,-2.665588,4.213570,-2.985663,0.003200,0.000000,-2.665588,4.213570,-2.985663,0.003200,0.000000,nan,nan,nan,nan,nan,0.002096,0
1788899866.376790,80.246452,-2.665091,4.210408,-2.985663,-2.665588,4.213570,-2.985663,0.003200,0.000000,-2.665588,4.213570,-2.985663,0.003200,0.000000,-2.665588,4.213570,-2.985663,0.003200,0.000000,nan,nan,nan,nan,nan,0.000000,0
1788899866.376790,80.246452,-2.665091,4.210408,-2.985663,-2.665588,4.213570,-2.985663,0.003200,0.000000,-2.665588,4.213570,-2.985663,0.003200,0.000000,-2.665588,4.213570,-2.985663,0.003200,0.000000,nan,nan,nan,nan,nan,0.000000,0
1788899866.426808,80.296470,-2.665091,4.210408,-2.985663,-2.665588,4.213570,-2.985663,0.003200,0.000000,-2.665588,4.213570,-2.985663,0.003200,0.000000,-2.665588,4.213570,-2.985663,0.003200,0.000000,nan,nan,nan,nan,nan,0.000000,0
1788899866.426808,80.296470,-2.665091,4.210408,-2.985663,-2.665588,4.213570,-2.985663,0.003200,0.000000,-2.665588,4.213570,-2.985663,0.003200,0.000000,-2.665588,4.213570,-2.985663,0.003200,0.000000,nan,nan,nan,nan,nan,0.000000,0
1788899866.476862,80.346524,-2.665091,4.210408,-2.985663,-2.665588,4.213570,-2.985663,0.003200,0.000000,-2.665588,4.213570,-2.985663,0.003200,0.000000,-2.665588,4.213570,-2.985663,0.003200,0.000000,nan,nan,nan,nan,nan,0.000000,0
1788899866.476862,80.346524,-2.665091,4.210408,-2.985663,-2.665588,4.213570,-2.985663,0.003200,0.000000,-2.665588,4.213570,-2.985663,0.003200,0.000000,-2.665588,4.213570,-2.985663,0.003200,0.000000,nan,nan,nan,nan,nan,0.000000,0
1788899866.526649,80.396311,-2.665091,4.210408,-2.985663,-2.665588,4.213570,-2.985663,0.003200,0.000000,-2.665588,4.213570,-2.985663,0.003200,0.000000,-2.665588,4.213570,-2.985663,0.003200,0.000000,nan,nan,nan,nan,nan,0.000000,0
1788899866.526649,80.396311,-2.665091,4.210408,-2.985663,-2.665588,4.213570,-2.985663,0.003200,0.000000,-2.665588,4.213570,-2.985663,0.003200,0.000000,-2.665588,4.213570,-2.985663,0.003200,0.000000,nan,nan,nan,nan,nan,0.000000,0
1788899866.576490,80.446151,-2.665091,4.210408,-2.985663,-2.665588,4.213570,-2.985663,0.003200,0.000000,-2.665588,4.213570,-2.985663,0.003200,0.000000,-2.665588,4.213570,-2.985663,0.003200,0.000000,nan,nan,nan,nan,nan,0.000000,0
1788899866.576490,80.446151,-2.665091,4.210408,-2.985663,-2.665588,4.213570,-2.985663,0.003200,0.000000,-2.665588,4.213570,-2.985663,0.003200,0.000000,-2.665588,4.213570,-2.985663,0.003200,0.000000,nan,nan,nan,nan,nan,0.000000,0
1788899866.626233,80.495894,-2.665091,4.210408,-2.985663,-2.665588,4.213570,-2.985663,0.003200,0.000000,-2.665588,4.213570,-2.985663,0.003200,0.000000,-2.665588,4.213570,-2.985663,0.003200,0.000000,nan,nan,nan,nan,nan,0.000000,0
1788899866.626233,80.495894,-2.665091,4.210408,-2.985663,-2.665588,4.213570,-2.985663,0.003200,0.000000,-2.665588,4.213570,-2.985663,0.003200,0.000000,-2.665588,4.213570,-2.985663,0.003200,0.000000,nan,nan,nan,nan,nan,0.000000,0
1788899866.676545,80.546207,-2.665091,4.210408,-2.985663,-2.665588,4.213570,-2.985663,0.003200,0.000000,-2.665588,4.213570,-2.985663,0.003200,0.000000,-2.665588,4.213570,-2.985663,0.003200,0.000000,nan,nan,nan,nan,nan,0.000000,0
1788899866.676545,80.546207,-2.665091,4.210408,-2.985663,-2.665588,4.213570,-2.985663,0.003200,0.000000,-2.665588,4.213570,-2.985663,0.003200,0.000000,-2.665588,4.213570,-2.985663,0.003200,0.000000,nan,nan,nan,nan,nan,0.000000,0
1788899866.726661,80.596323,-2.665091,4.210408,-2.985663,-2.665588,4.213570,-2.985663,0.003200,0.000000,-2.665588,4.213570,-2.985663,0.003200,0.000000,-2.665588,4.213570,-2.985663,0.003200,0.000000,nan,nan,nan,nan,nan,0.000000,0
1788899866.726661,80.596323,-2.665091,4.210408,-2.985663,-2.665588,4.213570,-2.985663,0.003200,0.000000,-2.665588,4.213570,-2.985663,0.003200,0.000000,-2.665588,4.213570,-2.985663,0.003200,0.000000,nan,nan,nan,nan,nan,0.000000,0
1788899866.776224,80.645886,-2.665091,4.210408,-2.985663,-2.665588,4.213570,-2.985663,0.003200,0.000000,-2.665588,4.213570,-2.985663,0.003200,0.000000,-2.665588,4.213570,-2.985663,0.003200,0.000000,nan,nan,nan,nan,nan,0.000000,0
1788899866.776224,80.645886,-2.665091,4.210408,-2.985663,-2.665588,4.213570,-2.985663,0.003200,0.000000,-2.665588,4.213570,-2.985663,0.003200,0.000000,-2.665588,4.213570,-2.985663,0.003200,0.000000,nan,nan,nan,nan,nan,0.000000,0
1788899866.826794,80.696456,-2.665091,4.210408,-2.985663,-2.665588,4.213570,-2.985663,0.003200,0.000000,-2.665588,4.213570,-2.985663,0.003200,0.000000,-2.665588,4.213570,-2.985663,0.003200,0.000000,nan,nan,nan,nan,nan,0.000000,0
1788899866.826794,80.696456,-2.665091,4.210408,-2.985663,-2.665588,4.213570,-2.985663,0.003200,0.000000,-2.665588,4.213570,-2.985663,0.003200,0.000000,-2.665588,4.213570,-2.985663,0.003200,0.000000,nan,nan,nan,nan,nan,0.000000,0
1788899866.876302,80.745964,-2.665091,4.210408,-2.985663,-2.665588,4.213570,-2.985663,0.003200,0.000000,-2.665588,4.213570,-2.985663,0.003200,0.000000,-2.665588,4.213570,-2.985663,0.003200,0.000000,nan,nan,nan,nan,nan,0.000000,0
1788899866.876302,80.745964,-2.665091,4.210408,-2.985663,-2.665588,4.213570,-2.985663,0.003200,0.000000,-2.665588,4.213570,-2.985663,0.003200,0.000000,-2.665588,4.213570,-2.985663,0.003200,0.000000,nan,nan,nan,nan,nan,0.000000,0
1788899866.926443,80.796105,-2.665091,4.210408,-2.985663,-2.665588,4.213570,-2.985663,0.003200,0.000000,-2.665588,4.213570,-2.985663,0.003200,0.000000,-2.665588,4.213570,-2.985663,0.003200,0.000000,nan,nan,nan,nan,nan,0.000000,0
1788899866.926443,80.796105,-2.665091,4.210408,-2.985663,-2.665588,4.213570,-2.985663,0.003200,0.000000,-2.665588,4.213570,-2.985663,0.003200,0.000000,-2.665588,4.213570,-2.985663,0.003200,0.000000,nan,nan,nan,nan,nan,0.000000,0
1788899866.976527,80.846189,-2.665091,4.210408,-2.985663,-2.665588,4.213570,-2.985663,0.003200,0.000000,-2.665588,4.213570,-2.985663,0.003200,0.000000,-2.665588,4.213570,-2.985663,0.003200,0.000000,nan,nan,nan,nan,nan,0.000000,0
1788899866.976527,80.846189,-2.665091,4.210408,-2.985663,-2.665588,4.213570,-2.985663,0.003200,0.000000,-2.665588,4.213570,-2.985663,0.003200,0.000000,-2.665588,4.213570,-2.985663,0.003200,0.000000,nan,nan,nan,nan,nan,0.000000,0
1788899867.026491,80.896153,-2.665091,4.210408,-2.985663,-2.665588,4.213570,-2.985663,0.003200,0.000000,-2.665588,4.213570,-2.985663,0.003200,0.000000,-2.665588,4.213570,-2.985663,0.003200,0.000000,nan,nan,nan,nan,nan,0.000000,0
1788899867.026491,80.896153,-2.665091,4.210408,-2.985663,-2.665588,4.213570,-2.985663,0.003200,0.000000,-2.665588,4.213570,-2.985663,0.003200,0.000000,-2.665588,4.213570,-2.985663,0.003200,0.000000,nan,nan,nan,nan,nan,0.000000,0
1788899867.076923,80.946585,-2.665091,4.210408,-2.985663,-2.665588,4.213570,-2.985663,0.003200,0.000000,-2.665588,4.213570,-2.985663,0.003200,0.000000,-2.665588,4.213570,-2.985663,0.003200,0.000000,nan,nan,nan,nan,nan,0.000000,0
1788899867.076923,80.946585,-2.665091,4.210408,-2.985663,-2.665588,4.213570,-2.985663,0.003200,0.000000,-2.665588,4.213570,-2.985663,0.003200,0.000000,-2.665588,4.213570,-2.985663,0.003200,0.000000,nan,nan,nan,nan,nan,0.000000,0
1788899867.126427,80.996089,-2.665091,4.210408,-2.985663,-2.665588,4.213570,-2.985663,0.003200,0.000000,-2.665588,4.213570,-2.985663,0.003200,0.000000,-2.665588,4.213570,-2.985663,0.003200,0.000000,nan,nan,nan,nan,nan,0.000000,0
1788899867.126427,80.996089,-2.665091,4.210408,-2.985663,-2.665588,4.213570,-2.985663,0.003200,0.000000,-2.665588,4.213570,-2.985663,0.003200,0.000000,-2.665588,4.213570,-2.985663,0.003200,0.000000,nan,nan,nan,nan,nan,0.000000,0
1788899867.176399,81.046061,-2.665091,4.210408,-2.985663,-2.665588,4.213570,-2.985663,0.003200,0.000000,-2.665588,4.213570,-2.985663,0.003200,0.000000,-2.665588,4.213570,-2.985663,0.003200,0.000000,nan,nan,nan,nan,nan,0.000000,0
1788899867.176399,81.046061,-2.665091,4.210408,-2.985663,-2.665588,4.213570,-2.985663,0.003200,0.000000,-2.665588,4.213570,-2.985663,0.003200,0.000000,-2.665588,4.213570,-2.985663,0.003200,0.000000,nan,nan,nan,nan,nan,0.000000,0
1788899867.226436,81.096098,-2.665091,4.210408,-2.985663,-2.665588,4.213570,-2.985663,0.003200,0.000000,-2.665588,4.213570,-2.985663,0.003200,0.000000,-2.665588,4.213570,-2.985663,0.003200,0.000000,nan,nan,nan,nan,nan,0.000000,0
1788899867.226436,81.096098,-2.665091,4.210408,-2.985663,-2.665588,4.213570,-2.985663,0.003200,0.000000,-2.665588,4.213570,-2.985663,0.003200,0.000000,-2.665588,4.213570,-2.985663,0.003200,0.000000,nan,nan,nan,nan,nan,0.000000,0
1788899867.276635,81.146297,-2.665091,4.210408,-2.985663,-2.665588,4.213570,-2.985663,0.003200,0.000000,-2.665588,4.213570,-2.985663,0.003200,0.000000,-2.665588,4.213570,-2.985663,0.003200,0.000000,nan,nan,nan,nan,nan,0.000000,0
1788899867.276635,81.146297,-2.665091,4.210408,-2.985663,-2.665588,4.213570,-2.985663,0.003200,0.000000,-2.665588,4.213570,-2.985663,0.003200,0.000000,-2.665588,4.213570,-2.985663,0.003200,0.000000,nan,nan,nan,nan,nan,0.000000,0
1788899867.326026,81.195688,-2.665091,4.210408,-2.985663,-2.665588,4.213570,-2.985663,0.003200,0.000000,-2.665588,4.213570,-2.985663,0.003200,0.000000,-2.665588,4.213570,-2.985663,0.003200,0.000000,nan,nan,nan,nan,nan,0.000000,0
1788899867.326026,81.195688,-2.665091,4.210408,-2.985663,-2.665588,4.213570,-2.985663,0.003200,0.000000,-2.665588,4.213570,-2.985663,0.003200,0.000000,-2.665588,4.213570,-2.985663,0.003200,0.000000,nan,nan,nan,nan,nan,0.000000,0
1788899867.376549,81.246211,-2.665091,4.210408,-2.985663,-2.665588,4.213570,-2.985663,0.003200,0.000000,-2.665588,4.213570,-2.985663,0.003200,0.000000,-2.665588,4.213570,-2.985663,0.003200,0.000000,nan,nan,nan,nan,nan,0.000000,0
1788899867.376549,81.246211,-2.665091,4.210408,-2.985663,-2.665588,4.213570,-2.985663,0.003200,0.000000,-2.665588,4.213570,-2.985663,0.003200,0.000000,-2.665588,4.213570,-2.985663,0.003200,0.000000,nan,nan,nan,nan,nan,0.000000,0
1788899867.426468,81.296129,-2.665091,4.210408,-2.985663,-2.665588,4.213570,-2.985663,0.003200,0.000000,-2.665588,4.213570,-2.985663,0.003200,0.000000,-2.665588,4.213570,-2.985663,0.003200,0.000000,nan,nan,nan,nan,nan,0.000000,0
1788899867.426468,81.296129,-2.665091,4.210408,-2.985663,-2.665588,4.213570,-2.985663,0.003200,0.000000,-2.665588,4.213570,-2.985663,0.003200,0.000000,-2.665588,4.213570,-2.985663,0.003200,0.000000,nan,nan,nan,nan,nan,0.000000,0
1788899867.476814,81.346476,-2.665091,4.210408,-2.985663,-2.665588,4.213570,-2.985663,0.003200,0.000000,-2.665588,4.213570,-2.985663,0.003200,0.000000,-2.665588,4.213570,-2.985663,0.003200,0.000000,nan,nan,nan,nan,nan,0.000000,0
1788899867.476814,81.346476,-2.665091,4.210408,-2.985663,-2.665588,4.213570,-2.985663,0.003200,0.000000,-2.665588,4.213570,-2.985663,0.003200,0.000000,-2.665588,4.213570,-2.985663,0.003200,0.000000,nan,nan,nan,nan,nan,0.000000,0
1788899867.526785,81.396447,-2.665091,4.210408,-2.985663,-2.665588,4.213570,-2.985663,0.003200,0.000000,-2.665588,4.213570,-2.985663,0.003200,0.000000,-2.665588,4.213570,-2.985663,0.003200,0.000000,nan,nan,nan,nan,nan,0.000000,0
1788899867.526785,81.396447,-2.665091,4.210408,-2.985663,-2.665588,4.213570,-2.985663,0.003200,0.000000,-2.665588,4.213570,-2.985663,0.003200,0.000000,-2.665588,4.213570,-2.985663,0.003200,0.000000,nan,nan,nan,nan,nan,0.000000,0
1788899867.576917,81.446579,-2.665091,4.210408,-2.985663,-2.665588,4.213570,-2.985663,0.003200,0.000000,-2.665588,4.213570,-2.985663,0.003200,0.000000,-2.665588,4.213570,-2.985663,0.003200,0.000000,nan,nan,nan,nan,nan,0.000000,0
1788899867.576917,81.446579,-2.665091,4.210408,-2.985663,-2.665588,4.213570,-2.985663,0.003200,0.000000,-2.665588,4.213570,-2.985663,0.003200,0.000000,-2.665588,4.213570,-2.985663,0.003200,0.000000,nan,nan,nan,nan,nan,0.000000,0
1788899867.626446,81.496107,-2.665091,4.210408,-2.985663,-2.665588,4.213570,-2.985663,0.003200,0.000000,-2.665588,4.213570,-2.985663,0.003200,0.000000,-2.665588,4.213570,-2.985663,0.003200,0.000000,nan,nan,nan,nan,nan,0.000000,0
1788899867.626446,81.496107,-2.665091,4.210408,-2.985663,-2.665588,4.213570,-2.985663,0.003200,0.000000,-2.665588,4.213570,-2.985663,0.003200,0.000000,-2.665588,4.213570,-2.985663,0.003200,0.000000,nan,nan,nan,nan,nan,0.000000,0
1788899867.676386,81.546048,-2.665091,4.210408,-2.985663,-2.665588,4.213570,-2.985663,0.003200,0.000000,-2.665588,4.213570,-2.985663,0.003200,0.000000,-2.665588,4.213570,-2.985663,0.003200,0.000000,nan,nan,nan,nan,nan,0.000000,0
1788899867.676386,81.546048,-2.665091,4.210408,-2.985663,-2.665588,4.213570,-2.985663,0.003200,0.000000,-2.665588,4.213570,-2.985663,0.003200,0.000000,-2.665588,4.213570,-2.985663,0.003200,0.000000,nan,nan,nan,nan,nan,0.000000,0
1788899867.726467,81.596129,-2.665091,4.210408,-2.985663,-2.665588,4.213570,-2.985663,0.003200,0.000000,-2.665588,4.213570,-2.985663,0.003200,0.000000,-2.665588,4.213570,-2.985663,0.003200,0.000000,nan,nan,nan,nan,nan,0.000000,0
1788899867.726467,81.596129,-2.665091,4.210408,-2.985663,-2.665588,4.213570,-2.985663,0.003200,0.000000,-2.665588,4.213570,-2.985663,0.003200,0.000000,-2.665588,4.213570,-2.985663,0.003200,0.000000,nan,nan,nan,nan,nan,0.000000,0
1788899867.778898,81.648560,-2.665091,4.210408,-2.985663,-2.665588,4.213570,-2.985663,0.003200,0.000000,-2.665588,4.213570,-2.985663,0.003200,0.000000,-2.665588,4.213570,-2.985663,0.003200,0.000000,nan,nan,nan,nan,nan,0.000000,0
1788899867.778898,81.648560,-2.665091,4.210408,-2.985663,-2.665588,4.213570,-2.985663,0.003200,0.000000,-2.665588,4.213570,-2.985663,0.003200,0.000000,-2.665588,4.213570,-2.985663,0.003200,0.000000,nan,nan,nan,nan,nan,0.000000,0
1788899867.829792,81.699454,-2.665091,4.210408,-2.985663,-2.665588,4.213570,-2.985663,0.003200,0.000000,-2.665588,4.213570,-2.985663,0.003200,0.000000,-2.665588,4.213570,-2.985663,0.003200,0.000000,nan,nan,nan,nan,nan,0.000000,0
1788899867.829792,81.699454,-2.665091,4.210408,-2.985663,-2.665588,4.213570,-2.985663,0.003200,0.000000,-2.665588,4.213570,-2.985663,0.003200,0.000000,-2.665588,4.213570,-2.985663,0.003200,0.000000,nan,nan,nan,nan,nan,0.000000,0
1788899867.880562,81.750224,-2.665091,4.210408,-2.985663,-2.665588,4.213570,-2.985663,0.003200,0.000000,-2.665588,4.213570,-2.985663,0.003200,0.000000,-2.665588,4.213570,-2.985663,0.003200,0.000000,nan,nan,nan,nan,nan,0.000000,0
1788899867.880562,81.750224,-2.665091,4.210408,-2.985663,-2.665588,4.213570,-2.985663,0.003200,0.000000,-2.665588,4.213570,-2.985663,0.003200,0.000000,-2.665588,4.213570,-2.985663,0.003200,0.000000,nan,nan,nan,nan,nan,0.000000,0
1788899867.932166,81.801828,-2.665091,4.210408,-2.985663,-2.665588,4.213570,-2.985663,0.003200,0.000000,-2.665588,4.213570,-2.985663,0.003200,0.000000,-2.665588,4.213570,-2.985663,0.003200,0.000000,nan,nan,nan,nan,nan,0.000000,0
1788899867.932166,81.801828,-2.665091,4.210408,-2.985663,-2.665588,4.213570,-2.985663,0.003200,0.000000,-2.665588,4.213570,-2.985663,0.003200,0.000000,-2.665588,4.213570,-2.985663,0.003200,0.000000,nan,nan,nan,nan,nan,0.000000,0
1788899867.982352,81.852013,-2.665091,4.210408,-2.985663,-2.665588,4.213570,-2.985663,0.003200,0.000000,-2.665588,4.213570,-2.985663,0.003200,0.000000,-2.665588,4.213570,-2.985663,0.003200,0.000000,nan,nan,nan,nan,nan,0.000000,0
1788899867.982352,81.852013,-2.665091,4.210408,-2.985663,-2.665588,4.213570,-2.985663,0.003200,0.000000,-2.665588,4.213570,-2.985663,0.003200,0.000000,-2.665588,4.213570,-2.985663,0.003200,0.000000,nan,nan,nan,nan,nan,0.000000,0
1788899868.032626,81.902287,-2.665091,4.210408,-2.985663,-2.665588,4.213570,-2.985663,0.003200,0.000000,-2.665588,4.213570,-2.985663,0.003200,0.000000,-2.665588,4.213570,-2.985663,0.003200,0.000000,nan,nan,nan,nan,nan,0.000000,0
1788899868.032626,81.902287,-2.665091,4.210408,-2.985663,-2.665588,4.213570,-2.985663,0.003200,0.000000,-2.665588,4.213570,-2.985663,0.003200,0.000000,-2.665588,4.213570,-2.985663,0.003200,0.000000,nan,nan,nan,nan,nan,0.000000,0
1788899868.082830,81.952492,-2.665091,4.210408,-2.985663,-2.665588,4.213570,-2.985663,0.003200,0.000000,-2.665588,4.213570,-2.985663,0.003200,0.000000,-2.665588,4.213570,-2.985663,0.003200,0.000000,nan,nan,nan,nan,nan,0.000000,0
1788899868.082830,81.952492,-2.665091,4.210408,-2.985663,-2.665588,4.213570,-2.985663,0.003200,0.000000,-2.665588,4.213570,-2.985663,0.003200,0.000000,-2.665588,4.213570,-2.985663,0.003200,0.000000,nan,nan,nan,nan,nan,0.000000,0
1788899868.151423,82.021085,-2.665091,4.210408,-2.985663,-2.665588,4.213570,-2.985663,0.003200,0.000000,-2.665588,4.213570,-2.985663,0.003200,0.000000,-2.665588,4.213570,-2.985663,0.003200,0.000000,nan,nan,nan,nan,nan,0.000000,0
1788899868.151423,82.021085,-2.665091,4.210408,-2.985663,-2.665588,4.213570,-2.985663,0.003200,0.000000,-2.665588,4.213570,-2.985663,0.003200,0.000000,-2.665588,4.213570,-2.985663,0.003200,0.000000,nan,nan,nan,nan,nan,0.000000,0
1788899868.201376,82.071038,-2.665091,4.210408,-2.985663,-2.665588,4.213570,-2.985663,0.003200,0.000000,-2.665588,4.213570,-2.985663,0.003200,0.000000,-2.665588,4.213570,-2.985663,0.003200,0.000000,nan,nan,nan,nan,nan,0.000000,0
1788899868.201376,82.071038,-2.665091,4.210408,-2.985663,-2.665588,4.213570,-2.985663,0.003200,0.000000,-2.665588,4.213570,-2.985663,0.003200,0.000000,-2.665588,4.213570,-2.985663,0.003200,0.000000,nan,nan,nan,nan,nan,0.000000,0
1788899868.252502,82.122164,-2.665091,4.210408,-2.985663,-2.665588,4.213570,-2.985663,0.003200,0.000000,-2.665588,4.213570,-2.985663,0.003200,0.000000,-2.665588,4.213570,-2.985663,0.003200,0.000000,nan,nan,nan,nan,nan,0.000000,0
1788899868.252502,82.122164,-2.665091,4.210408,-2.985663,-2.665588,4.213570,-2.985663,0.003200,0.000000,-2.665588,4.213570,-2.985663,0.003200,0.000000,-2.665588,4.213570,-2.985663,0.003200,0.000000,nan,nan,nan,nan,nan,0.000000,0
1788899868.303439,82.173101,-2.665091,4.210408,-2.985663,-2.665588,4.213570,-2.985663,0.003200,0.000000,-2.665588,4.213570,-2.985663,0.003200,0.000000,-2.665588,4.213570,-2.985663,0.003200,0.000000,nan,nan,nan,nan,nan,0.000000,0
1788899868.303439,82.173101,-2.665091,4.210408,-2.985663,-2.665588,4.213570,-2.985663,0.003200,0.000000,-2.665588,4.213570,-2.985663,0.003200,0.000000,-2.665588,4.213570,-2.985663,0.003200,0.000000,nan,nan,nan,nan,nan,0.000000,0
1788899868.353408,82.223070,-2.665091,4.210408,-2.985663,-2.665588,4.213570,-2.985663,0.003200,0.000000,-2.665588,4.213570,-2.985663,0.003200,0.000000,-2.665588,4.213570,-2.985663,0.003200,0.000000,nan,nan,nan,nan,nan,0.000000,0
1788899868.353408,82.223070,-2.665091,4.210408,-2.985663,-2.665588,4.213570,-2.985663,0.003200,0.000000,-2.665588,4.213570,-2.985663,0.003200,0.000000,-2.665588,4.213570,-2.985663,0.003200,0.000000,nan,nan,nan,nan,nan,0.000000,0
1788899868.403343,82.273005,-2.665091,4.210408,-2.985663,-2.665588,4.213570,-2.985663,0.003200,0.000000,-2.665588,4.213570,-2.985663,0.003200,0.000000,-2.665588,4.213570,-2.985663,0.003200,0.000000,nan,nan,nan,nan,nan,0.000000,0
1788899868.403343,82.273005,-2.665091,4.210408,-2.985663,-2.665588,4.213570,-2.985663,0.003200,0.000000,-2.665588,4.213570,-2.985663,0.003200,0.000000,-2.665588,4.213570,-2.985663,0.003200,0.000000,nan,nan,nan,nan,nan,0.000000,0
1788899868.456668,82.326330,-2.665091,4.210408,-2.985663,-2.665588,4.213570,-2.985663,0.003200,0.000000,-2.665588,4.213570,-2.985663,0.003200,0.000000,-2.665588,4.213570,-2.985663,0.003200,0.000000,nan,nan,nan,nan,nan,0.000000,0
1788899868.456668,82.326330,-2.665091,4.210408,-2.985663,-2.665588,4.213570,-2.985663,0.003200,0.000000,-2.665588,4.213570,-2.985663,0.003200,0.000000,-2.665588,4.213570,-2.985663,0.003200,0.000000,nan,nan,nan,nan,nan,0.000000,0
1788899868.506322,82.375984,-2.665091,4.210408,-2.985663,-2.665588,4.213570,-2.985663,0.003200,0.000000,-2.665588,4.213570,-2.985663,0.003200,0.000000,-2.665588,4.213570,-2.985663,0.003200,0.000000,nan,nan,nan,nan,nan,0.000000,0
1788899868.506322,82.375984,-2.665091,4.210408,-2.985663,-2.665588,4.213570,-2.985663,0.003200,0.000000,-2.665588,4.213570,-2.985663,0.003200,0.000000,-2.665588,4.213570,-2.985663,0.003200,0.000000,nan,nan,nan,nan,nan,0.000000,0
1788899868.557499,82.427161,-2.665091,4.210408,-2.985663,-2.665588,4.213570,-2.985663,0.003200,0.000000,-2.665588,4.213570,-2.985663,0.003200,0.000000,-2.665588,4.213570,-2.985663,0.003200,0.000000,nan,nan,nan,nan,nan,0.000000,0
1788899868.557499,82.427161,-2.665091,4.210408,-2.985663,-2.665588,4.213570,-2.985663,0.003200,0.000000,-2.665588,4.213570,-2.985663,0.003200,0.000000,-2.665588,4.213570,-2.985663,0.003200,0.000000,nan,nan,nan,nan,nan,0.000000,0
1788899868.607315,82.476977,-2.665091,4.210408,-2.985663,-2.665588,4.213570,-2.985663,0.003200,0.000000,-2.665588,4.213570,-2.985663,0.003200,0.000000,-2.665588,4.213570,-2.985663,0.003200,0.000000,nan,nan,nan,nan,nan,0.000000,0
1788899868.607315,82.476977,-2.665091,4.210408,-2.985663,-2.665588,4.213570,-2.985663,0.003200,0.000000,-2.665588,4.213570,-2.985663,0.003200,0.000000,-2.665588,4.213570,-2.985663,0.003200,0.000000,nan,nan,nan,nan,nan,0.000000,0
1788899868.657640,82.527302,-2.665091,4.210408,-2.985663,-2.665588,4.213570,-2.985663,0.003200,0.000000,-2.665588,4.213570,-2.985663,0.003200,0.000000,-2.665588,4.213570,-2.985663,0.003200,0.000000,nan,nan,nan,nan,nan,0.000000,0
1788899868.657640,82.527302,-2.665091,4.210408,-2.985663,-2.665588,4.213570,-2.985663,0.003200,0.000000,-2.665588,4.213570,-2.985663,0.003200,0.000000,-2.665588,4.213570,-2.985663,0.003200,0.000000,nan,nan,nan,nan,nan,0.000000,0
1788899868.707850,82.577512,-2.665091,4.210408,-2.985663,-2.665588,4.213570,-2.985663,0.003200,0.000000,-2.665588,4.213570,-2.985663,0.003200,0.000000,-2.665588,4.213570,-2.985663,0.003200,0.000000,nan,nan,nan,nan,nan,0.000000,0
1788899868.707850,82.577512,-2.665091,4.210408,-2.985663,-2.665588,4.213570,-2.985663,0.003200,0.000000,-2.665588,4.213570,-2.985663,0.003200,0.000000,-2.665588,4.213570,-2.985663,0.003200,0.000000,nan,nan,nan,nan,nan,0.000000,0
1788899868.776643,82.646304,-2.665091,4.210408,-2.985663,-2.665588,4.213570,-2.985663,0.003200,0.000000,-2.665588,4.213570,-2.985663,0.003200,0.000000,-2.665588,4.213570,-2.985663,0.003200,0.000000,nan,nan,nan,nan,nan,0.000000,0
1788899868.776643,82.646304,-2.665091,4.210408,-2.985663,-2.665588,4.213570,-2.985663,0.003200,0.000000,-2.665588,4.213570,-2.985663,0.003200,0.000000,-2.665588,4.213570,-2.985663,0.003200,0.000000,nan,nan,nan,nan,nan,0.000000,0
1788899868.827260,82.696921,-2.665091,4.210408,-2.985663,-2.665588,4.213570,-2.985663,0.003200,0.000000,-2.665588,4.213570,-2.985663,0.003200,0.000000,-2.665588,4.213570,-2.985663,0.003200,0.000000,nan,nan,nan,nan,nan,0.000000,0
1788899868.827260,82.696921,-2.665091,4.210408,-2.985663,-2.665588,4.213570,-2.985663,0.003200,0.000000,-2.665588,4.213570,-2.985663,0.003200,0.000000,-2.665588,4.213570,-2.985663,0.003200,0.000000,nan,nan,nan,nan,nan,0.000000,0
1788899868.878170,82.747832,-2.665091,4.210408,-2.985663,-2.665588,4.213570,-2.985663,0.003200,0.000000,-2.665588,4.213570,-2.985663,0.003200,0.000000,-2.665588,4.213570,-2.985663,0.003200,0.000000,nan,nan,nan,nan,nan,0.000000,0
1788899868.878170,82.747832,-2.665091,4.210408,-2.985663,-2.665588,4.213570,-2.985663,0.003200,0.000000,-2.665588,4.213570,-2.985663,0.003200,0.000000,-2.665588,4.213570,-2.985663,0.003200,0.000000,nan,nan,nan,nan,nan,0.000000,0
1788899868.928394,82.798056,-2.665091,4.210408,-2.985663,-2.665588,4.213570,-2.985663,0.003200,0.000000,-2.665588,4.213570,-2.985663,0.003200,0.000000,-2.665588,4.213570,-2.985663,0.003200,0.000000,nan,nan,nan,nan,nan,0.000000,0
1788899868.928394,82.798056,-2.665091,4.210408,-2.985663,-2.665588,4.213570,-2.985663,0.003200,0.000000,-2.665588,4.213570,-2.985663,0.003200,0.000000,-2.665588,4.213570,-2.985663,0.003200,0.000000,nan,nan,nan,nan,nan,0.000000,0
1788899868.978977,82.848639,-2.665076,4.210310,-2.985663,-2.665588,4.213570,-2.985663,0.003300,0.000000,-2.665588,4.213570,-2.985663,0.003300,0.000000,-2.665588,4.213570,-2.985663,0.003300,0.000000,nan,nan,nan,nan,nan,0.001977,0
1788899868.978977,82.848639,-2.665076,4.210310,-2.985663,-2.665588,4.213570,-2.985663,0.003300,0.000000,-2.665588,4.213570,-2.985663,0.003300,0.000000,-2.665588,4.213570,-2.985663,0.003300,0.000000,nan,nan,nan,nan,nan,0.001977,0
1788899869.029734,82.899396,-2.665076,4.210310,-2.985663,-2.665588,4.213570,-2.985663,0.003300,0.000000,-2.665588,4.213570,-2.985663,0.003300,0.000000,-2.665588,4.213570,-2.985663,0.003300,0.000000,nan,nan,nan,nan,nan,0.000000,0
1788899869.029734,82.899396,-2.665076,4.210310,-2.985663,-2.665588,4.213570,-2.985663,0.003300,0.000000,-2.665588,4.213570,-2.985663,0.003300,0.000000,-2.665588,4.213570,-2.985663,0.003300,0.000000,nan,nan,nan,nan,nan,0.000000,0
1788899869.080802,82.950464,-2.665076,4.210310,-2.985663,-2.665588,4.213570,-2.985663,0.003300,0.000000,-2.665588,4.213570,-2.985663,0.003300,0.000000,-2.665588,4.213570,-2.985663,0.003300,0.000000,nan,nan,nan,nan,nan,0.000000,0
1788899869.080802,82.950464,-2.665076,4.210310,-2.985663,-2.665588,4.213570,-2.985663,0.003300,0.000000,-2.665588,4.213570,-2.985663,0.003300,0.000000,-2.665588,4.213570,-2.985663,0.003300,0.000000,nan,nan,nan,nan,nan,0.000000,0
1788899869.132235,83.001897,-2.665076,4.210310,-2.985663,-2.665588,4.213570,-2.985663,0.003300,0.000000,-2.665588,4.213570,-2.985663,0.003300,0.000000,-2.665588,4.213570,-2.985663,0.003300,0.000000,nan,nan,nan,nan,nan,0.000000,0
1788899869.132235,83.001897,-2.665076,4.210310,-2.985663,-2.665588,4.213570,-2.985663,0.003300,0.000000,-2.665588,4.213570,-2.985663,0.003300,0.000000,-2.665588,4.213570,-2.985663,0.003300,0.000000,nan,nan,nan,nan,nan,0.000000,0
1788899869.201577,83.071239,-2.665076,4.210310,-2.985663,-2.665588,4.213570,-2.985663,0.003300,0.000000,-2.665588,4.213570,-2.985663,0.003300,0.000000,-2.665588,4.213570,-2.985663,0.003300,0.000000,nan,nan,nan,nan,nan,0.000000,0
1788899869.201577,83.071239,-2.665076,4.210310,-2.985663,-2.665588,4.213570,-2.985663,0.003300,0.000000,-2.665588,4.213570,-2.985663,0.003300,0.000000,-2.665588,4.213570,-2.985663,0.003300,0.000000,nan,nan,nan,nan,nan,0.000000,0
1788899869.251102,83.120764,-2.665076,4.210310,-2.985663,-2.665588,4.213570,-2.985663,0.003300,0.000000,-2.665588,4.213570,-2.985663,0.003300,0.000000,-2.665588,4.213570,-2.985663,0.003300,0.000000,nan,nan,nan,nan,nan,0.000000,0
1788899869.251102,83.120764,-2.665076,4.210310,-2.985663,-2.665588,4.213570,-2.985663,0.003300,0.000000,-2.665588,4.213570,-2.985663,0.003300,0.000000,-2.665588,4.213570,-2.985663,0.003300,0.000000,nan,nan,nan,nan,nan,0.000000,0
1788899869.301565,83.171227,-2.665076,4.210310,-2.985663,-2.665588,4.213570,-2.985663,0.003300,0.000000,-2.665588,4.213570,-2.985663,0.003300,0.000000,-2.665588,4.213570,-2.985663,0.003300,0.000000,nan,nan,nan,nan,nan,0.000000,0
1788899869.301565,83.171227,-2.665076,4.210310,-2.985663,-2.665588,4.213570,-2.985663,0.003300,0.000000,-2.665588,4.213570,-2.985663,0.003300,0.000000,-2.665588,4.213570,-2.985663,0.003300,0.000000,nan,nan,nan,nan,nan,0.000000,0
1788899869.351573,83.221235,-2.665076,4.210310,-2.985663,-2.665588,4.213570,-2.985663,0.003300,0.000000,-2.665588,4.213570,-2.985663,0.003300,0.000000,-2.665588,4.213570,-2.985663,0.003300,0.000000,nan,nan,nan,nan,nan,0.000000,0
1788899869.351573,83.221235,-2.665076,4.210310,-2.985663,-2.665588,4.213570,-2.985663,0.003300,0.000000,-2.665588,4.213570,-2.985663,0.003300,0.000000,-2.665588,4.213570,-2.985663,0.003300,0.000000,nan,nan,nan,nan,nan,0.000000,0
1788899869.401376,83.271038,-2.665076,4.210310,-2.985663,-2.665588,4.213570,-2.985663,0.003300,0.000000,-2.665588,4.213570,-2.985663,0.003300,0.000000,-2.665588,4.213570,-2.985663,0.003300,0.000000,nan,nan,nan,nan,nan,0.000000,0
1788899869.401376,83.271038,-2.665076,4.210310,-2.985663,-2.665588,4.213570,-2.985663,0.003300,0.000000,-2.665588,4.213570,-2.985663,0.003300,0.000000,-2.665588,4.213570,-2.985663,0.003300,0.000000,nan,nan,nan,nan,nan,0.000000,0
1788899869.451685,83.321347,-2.665076,4.210310,-2.985663,-2.665588,4.213570,-2.985663,0.003300,0.000000,-2.665588,4.213570,-2.985663,0.003300,0.000000,-2.665588,4.213570,-2.985663,0.003300,0.000000,nan,nan,nan,nan,nan,0.000000,0
1788899869.451685,83.321347,-2.665076,4.210310,-2.985663,-2.665588,4.213570,-2.985663,0.003300,0.000000,-2.665588,4.213570,-2.985663,0.003300,0.000000,-2.665588,4.213570,-2.985663,0.003300,0.000000,nan,nan,nan,nan,nan,0.000000,0
1788899869.501243,83.370905,-2.665076,4.210310,-2.985663,-2.665588,4.213570,-2.985663,0.003300,0.000000,-2.665588,4.213570,-2.985663,0.003300,0.000000,-2.665588,4.213570,-2.985663,0.003300,0.000000,nan,nan,nan,nan,nan,0.000000,0
1788899869.501243,83.370905,-2.665076,4.210310,-2.985663,-2.665588,4.213570,-2.985663,0.003300,0.000000,-2.665588,4.213570,-2.985663,0.003300,0.000000,-2.665588,4.213570,-2.985663,0.003300,0.000000,nan,nan,nan,nan,nan,0.000000,0
1788899869.551055,83.420717,-2.665076,4.210310,-2.985663,-2.665588,4.213570,-2.985663,0.003300,0.000000,-2.665588,4.213570,-2.985663,0.003300,0.000000,-2.665588,4.213570,-2.985663,0.003300,0.000000,nan,nan,nan,nan,nan,0.000000,0
1788899869.551055,83.420717,-2.665076,4.210310,-2.985663,-2.665588,4.213570,-2.985663,0.003300,0.000000,-2.665588,4.213570,-2.985663,0.003300,0.000000,-2.665588,4.213570,-2.985663,0.003300,0.000000,nan,nan,nan,nan,nan,0.000000,0
1788899869.601164,83.470825,-2.665076,4.210310,-2.985663,-2.665588,4.213570,-2.985663,0.003300,0.000000,-2.665588,4.213570,-2.985663,0.003300,0.000000,-2.665588,4.213570,-2.985663,0.003300,0.000000,nan,nan,nan,nan,nan,0.000000,0
1788899869.601164,83.470825,-2.665076,4.210310,-2.985663,-2.665588,4.213570,-2.985663,0.003300,0.000000,-2.665588,4.213570,-2.985663,0.003300,0.000000,-2.665588,4.213570,-2.985663,0.003300,0.000000,nan,nan,nan,nan,nan,0.000000,0
1788899869.651736,83.521398,-2.665076,4.210310,-2.985663,-2.665588,4.213570,-2.985663,0.003300,0.000000,-2.665588,4.213570,-2.985663,0.003300,0.000000,-2.665588,4.213570,-2.985663,0.003300,0.000000,nan,nan,nan,nan,nan,0.000000,0
1788899869.651736,83.521398,-2.665076,4.210310,-2.985663,-2.665588,4.213570,-2.985663,0.003300,0.000000,-2.665588,4.213570,-2.985663,0.003300,0.000000,-2.665588,4.213570,-2.985663,0.003300,0.000000,nan,nan,nan,nan,nan,0.000000,0
1788899869.701713,83.571374,-2.665076,4.210310,-2.985663,-2.665588,4.213570,-2.985663,0.003300,0.000000,-2.665588,4.213570,-2.985663,0.003300,0.000000,-2.665588,4.213570,-2.985663,0.003300,0.000000,nan,nan,nan,nan,nan,0.000000,0
1788899869.701713,83.571374,-2.665076,4.210310,-2.985663,-2.665588,4.213570,-2.985663,0.003300,0.000000,-2.665588,4.213570,-2.985663,0.003300,0.000000,-2.665588,4.213570,-2.985663,0.003300,0.000000,nan,nan,nan,nan,nan,0.000000,0
1788899869.752110,83.621771,-2.665076,4.210310,-2.985663,-2.665588,4.213570,-2.985663,0.003300,0.000000,-2.665588,4.213570,-2.985663,0.003300,0.000000,-2.665588,4.213570,-2.985663,0.003300,0.000000,nan,nan,nan,nan,nan,0.000000,0
1788899869.752110,83.621771,-2.665076,4.210310,-2.985663,-2.665588,4.213570,-2.985663,0.003300,0.000000,-2.665588,4.213570,-2.985663,0.003300,0.000000,-2.665588,4.213570,-2.985663,0.003300,0.000000,nan,nan,nan,nan,nan,0.000000,0
1788899869.803197,83.672859,-2.665076,4.210310,-2.985663,-2.665588,4.213570,-2.985663,0.003300,0.000000,-2.665588,4.213570,-2.985663,0.003300,0.000000,-2.665588,4.213570,-2.985663,0.003300,0.000000,nan,nan,nan,nan,nan,0.000000,0
1788899869.803197,83.672859,-2.665076,4.210310,-2.985663,-2.665588,4.213570,-2.985663,0.003300,0.000000,-2.665588,4.213570,-2.985663,0.003300,0.000000,-2.665588,4.213570,-2.985663,0.003300,0.000000,nan,nan,nan,nan,nan,0.000000,0
1788899869.853204,83.722866,-2.665076,4.210310,-2.985663,-2.665588,4.213570,-2.985663,0.003300,0.000000,-2.665588,4.213570,-2.985663,0.003300,0.000000,-2.665588,4.213570,-2.985663,0.003300,0.000000,nan,nan,nan,nan,nan,0.000000,0
1788899869.853204,83.722866,-2.665076,4.210310,-2.985663,-2.665588,4.213570,-2.985663,0.003300,0.000000,-2.665588,4.213570,-2.985663,0.003300,0.000000,-2.665588,4.213570,-2.985663,0.003300,0.000000,nan,nan,nan,nan,nan,0.000000,0
1788899869.903600,83.773262,-2.665076,4.210310,-2.985663,-2.665588,4.213570,-2.985663,0.003300,0.000000,-2.665588,4.213570,-2.985663,0.003300,0.000000,-2.665588,4.213570,-2.985663,0.003300,0.000000,nan,nan,nan,nan,nan,0.000000,0
1788899869.903600,83.773262,-2.665076,4.210310,-2.985663,-2.665588,4.213570,-2.985663,0.003300,0.000000,-2.665588,4.213570,-2.985663,0.003300,0.000000,-2.665588,4.213570,-2.985663,0.003300,0.000000,nan,nan,nan,nan,nan,0.000000,0
1788899869.953595,83.823257,-2.665076,4.210310,-2.985663,-2.665588,4.213570,-2.985663,0.003300,0.000000,-2.665588,4.213570,-2.985663,0.003300,0.000000,-2.665588,4.213570,-2.985663,0.003300,0.000000,nan,nan,nan,nan,nan,0.000000,0
1788899869.953595,83.823257,-2.665076,4.210310,-2.985663,-2.665588,4.213570,-2.985663,0.003300,0.000000,-2.665588,4.213570,-2.985663,0.003300,0.000000,-2.665588,4.213570,-2.985663,0.003300,0.000000,nan,nan,nan,nan,nan,0.000000,0
1788899870.003872,83.873534,-2.665076,4.210310,-2.985663,-2.665588,4.213570,-2.985663,0.003300,0.000000,-2.665588,4.213570,-2.985663,0.003300,0.000000,-2.665588,4.213570,-2.985663,0.003300,0.000000,nan,nan,nan,nan,nan,0.000000,0
1788899870.003872,83.873534,-2.665076,4.210310,-2.985663,-2.665588,4.213570,-2.985663,0.003300,0.000000,-2.665588,4.213570,-2.985663,0.003300,0.000000,-2.665588,4.213570,-2.985663,0.003300,0.000000,nan,nan,nan,nan,nan,0.000000,0
1788899870.054617,83.924279,-2.665076,4.210310,-2.985663,-2.665588,4.213570,-2.985663,0.003300,0.000000,-2.665588,4.213570,-2.985663,0.003300,0.000000,-2.665588,4.213570,-2.985663,0.003300,0.000000,nan,nan,nan,nan,nan,0.000000,0
1788899870.054617,83.924279,-2.665076,4.210310,-2.985663,-2.665588,4.213570,-2.985663,0.003300,0.000000,-2.665588,4.213570,-2.985663,0.003300,0.000000,-2.665588,4.213570,-2.985663,0.003300,0.000000,nan,nan,nan,nan,nan,0.000000,0
1788899870.104333,83.973995,-2.665076,4.210310,-2.985663,-2.665588,4.213570,-2.985663,0.003300,0.000000,-2.665588,4.213570,-2.985663,0.003300,0.000000,-2.665588,4.213570,-2.985663,0.003300,0.000000,nan,nan,nan,nan,nan,0.000000,0
1788899870.104333,83.973995,-2.665076,4.210310,-2.985663,-2.665588,4.213570,-2.985663,0.003300,0.000000,-2.665588,4.213570,-2.985663,0.003300,0.000000,-2.665588,4.213570,-2.985663,0.003300,0.000000,nan,nan,nan,nan,nan,0.000000,0
1788899870.154964,84.024626,-2.665076,4.210310,-2.985663,-2.665588,4.213570,-2.985663,0.003300,0.000000,-2.665588,4.213570,-2.985663,0.003300,0.000000,-2.665588,4.213570,-2.985663,0.003300,0.000000,nan,nan,nan,nan,nan,0.000000,0
1788899870.154964,84.024626,-2.665076,4.210310,-2.985663,-2.665588,4.213570,-2.985663,0.003300,0.000000,-2.665588,4.213570,-2.985663,0.003300,0.000000,-2.665588,4.213570,-2.985663,0.003300,0.000000,nan,nan,nan,nan,nan,0.000000,0
1788899870.205365,84.075027,-2.665076,4.210310,-2.985663,-2.665588,4.213570,-2.985663,0.003300,0.000000,-2.665588,4.213570,-2.985663,0.003300,0.000000,-2.665588,4.213570,-2.985663,0.003300,0.000000,nan,nan,nan,nan,nan,0.000000,0
1788899870.205365,84.075027,-2.665076,4.210310,-2.985663,-2.665588,4.213570,-2.985663,0.003300,0.000000,-2.665588,4.213570,-2.985663,0.003300,0.000000,-2.665588,4.213570,-2.985663,0.003300,0.000000,nan,nan,nan,nan,nan,0.000000,0
1788899870.255613,84.125275,-2.665076,4.210310,-2.985663,-2.665588,4.213570,-2.985663,0.003300,0.000000,-2.665588,4.213570,-2.985663,0.003300,0.000000,-2.665588,4.213570,-2.985663,0.003300,0.000000,nan,nan,nan,nan,nan,0.000000,0
1788899870.255613,84.125275,-2.665076,4.210310,-2.985663,-2.665588,4.213570,-2.985663,0.003300,0.000000,-2.665588,4.213570,-2.985663,0.003300,0.000000,-2.665588,4.213570,-2.985663,0.003300,0.000000,nan,nan,nan,nan,nan,0.000000,0
1788899870.305237,84.174899,-2.665076,4.210310,-2.985663,-2.665588,4.213570,-2.985663,0.003300,0.000000,-2.665588,4.213570,-2.985663,0.003300,0.000000,-2.665588,4.213570,-2.985663,0.003300,0.000000,nan,nan,nan,nan,nan,0.000000,0
1788899870.305237,84.174899,-2.665076,4.210310,-2.985663,-2.665588,4.213570,-2.985663,0.003300,0.000000,-2.665588,4.213570,-2.985663,0.003300,0.000000,-2.665588,4.213570,-2.985663,0.003300,0.000000,nan,nan,nan,nan,nan,0.000000,0
1788899870.355822,84.225484,-2.665076,4.210310,-2.985663,-2.665588,4.213570,-2.985663,0.003300,0.000000,-2.665588,4.213570,-2.985663,0.003300,0.000000,-2.665588,4.213570,-2.985663,0.003300,0.000000,nan,nan,nan,nan,nan,0.000000,0
1788899870.355822,84.225484,-2.665076,4.210310,-2.985663,-2.665588,4.213570,-2.985663,0.003300,0.000000,-2.665588,4.213570,-2.985663,0.003300,0.000000,-2.665588,4.213570,-2.985663,0.003300,0.000000,nan,nan,nan,nan,nan,0.000000,0
1788899870.405957,84.275619,-2.665076,4.210310,-2.985663,-2.665588,4.213570,-2.985663,0.003300,0.000000,-2.665588,4.213570,-2.985663,0.003300,0.000000,-2.665588,4.213570,-2.985663,0.003300,0.000000,nan,nan,nan,nan,nan,0.000000,0
1788899870.405957,84.275619,-2.665076,4.210310,-2.985663,-2.665588,4.213570,-2.985663,0.003300,0.000000,-2.665588,4.213570,-2.985663,0.003300,0.000000,-2.665588,4.213570,-2.985663,0.003300,0.000000,nan,nan,nan,nan,nan,0.000000,0
1788899870.457975,84.327637,-2.665076,4.210310,-2.985663,-2.665588,4.213570,-2.985663,0.003300,0.000000,-2.665588,4.213570,-2.985663,0.003300,0.000000,-2.665588,4.213570,-2.985663,0.003300,0.000000,nan,nan,nan,nan,nan,0.000000,0
1788899870.457975,84.327637,-2.665076,4.210310,-2.985663,-2.665588,4.213570,-2.985663,0.003300,0.000000,-2.665588,4.213570,-2.985663,0.003300,0.000000,-2.665588,4.213570,-2.985663,0.003300,0.000000,nan,nan,nan,nan,nan,0.000000,0
1788899870.526691,84.396353,-2.665076,4.210310,-2.985663,-2.665588,4.213570,-2.985663,0.003300,0.000000,-2.665588,4.213570,-2.985663,0.003300,0.000000,-2.665588,4.213570,-2.985663,0.003300,0.000000,nan,nan,nan,nan,nan,0.000000,0
1788899870.526691,84.396353,-2.665076,4.210310,-2.985663,-2.665588,4.213570,-2.985663,0.003300,0.000000,-2.665588,4.213570,-2.985663,0.003300,0.000000,-2.665588,4.213570,-2.985663,0.003300,0.000000,nan,nan,nan,nan,nan,0.000000,0
1788899870.576194,84.445856,-2.665076,4.210310,-2.985663,-2.665588,4.213570,-2.985663,0.003300,0.000000,-2.665588,4.213570,-2.985663,0.003300,0.000000,-2.665588,4.213570,-2.985663,0.003300,0.000000,nan,nan,nan,nan,nan,0.000000,0
1788899870.576194,84.445856,-2.665076,4.210310,-2.985663,-2.665588,4.213570,-2.985663,0.003300,0.000000,-2.665588,4.213570,-2.985663,0.003300,0.000000,-2.665588,4.213570,-2.985663,0.003300,0.000000,nan,nan,nan,nan,nan,0.000000,0
1788899870.627499,84.497160,-2.665076,4.210310,-2.985663,-2.665588,4.213570,-2.985663,0.003300,0.000000,-2.665588,4.213570,-2.985663,0.003300,0.000000,-2.665588,4.213570,-2.985663,0.003300,0.000000,nan,nan,nan,nan,nan,0.000000,0
1788899870.627499,84.497160,-2.665076,4.210310,-2.985663,-2.665588,4.213570,-2.985663,0.003300,0.000000,-2.665588,4.213570,-2.985663,0.003300,0.000000,-2.665588,4.213570,-2.985663,0.003300,0.000000,nan,nan,nan,nan,nan,0.000000,0
1788899870.677834,84.547496,-2.665076,4.210310,-2.985663,-2.665588,4.213570,-2.985663,0.003300,0.000000,-2.665588,4.213570,-2.985663,0.003300,0.000000,-2.665588,4.213570,-2.985663,0.003300,0.000000,nan,nan,nan,nan,nan,0.000000,0
1788899870.677834,84.547496,-2.665076,4.210310,-2.985663,-2.665588,4.213570,-2.985663,0.003300,0.000000,-2.665588,4.213570,-2.985663,0.003300,0.000000,-2.665588,4.213570,-2.985663,0.003300,0.000000,nan,nan,nan,nan,nan,0.000000,0
1788899870.727176,84.596838,-2.665076,4.210310,-2.985663,-2.665588,4.213570,-2.985663,0.003300,0.000000,-2.665588,4.213570,-2.985663,0.003300,0.000000,-2.665588,4.213570,-2.985663,0.003300,0.000000,nan,nan,nan,nan,nan,0.000000,0
1788899870.727176,84.596838,-2.665076,4.210310,-2.985663,-2.665588,4.213570,-2.985663,0.003300,0.000000,-2.665588,4.213570,-2.985663,0.003300,0.000000,-2.665588,4.213570,-2.985663,0.003300,0.000000,nan,nan,nan,nan,nan,0.000000,0
1788899870.776946,84.646608,-2.665076,4.210310,-2.985663,-2.665588,4.213570,-2.985663,0.003300,0.000000,-2.665588,4.213570,-2.985663,0.003300,0.000000,-2.665588,4.213570,-2.985663,0.003300,0.000000,nan,nan,nan,nan,nan,0.000000,0
1788899870.776946,84.646608,-2.665076,4.210310,-2.985663,-2.665588,4.213570,-2.985663,0.003300,0.000000,-2.665588,4.213570,-2.985663,0.003300,0.000000,-2.665588,4.213570,-2.985663,0.003300,0.000000,nan,nan,nan,nan,nan,0.000000,0
1788899870.826927,84.696589,-2.665076,4.210310,-2.985663,-2.665588,4.213570,-2.985663,0.003300,0.000000,-2.665588,4.213570,-2.985663,0.003300,0.000000,-2.665588,4.213570,-2.985663,0.003300,0.000000,nan,nan,nan,nan,nan,0.000000,0
1788899870.826927,84.696589,-2.665076,4.210310,-2.985663,-2.665588,4.213570,-2.985663,0.003300,0.000000,-2.665588,4.213570,-2.985663,0.003300,0.000000,-2.665588,4.213570,-2.985663,0.003300,0.000000,nan,nan,nan,nan,nan,0.000000,0
1788899870.878371,84.748033,-2.665076,4.210310,-2.985663,-2.665588,4.213570,-2.985663,0.003300,0.000000,-2.665588,4.213570,-2.985663,0.003300,0.000000,-2.665588,4.213570,-2.985663,0.003300,0.000000,nan,nan,nan,nan,nan,0.000000,0
1788899870.878371,84.748033,-2.665076,4.210310,-2.985663,-2.665588,4.213570,-2.985663,0.003300,0.000000,-2.665588,4.213570,-2.985663,0.003300,0.000000,-2.665588,4.213570,-2.985663,0.003300,0.000000,nan,nan,nan,nan,nan,0.000000,0
1788899870.930822,84.800484,-2.665076,4.210310,-2.985663,-2.665588,4.213570,-2.985663,0.003300,0.000000,-2.665588,4.213570,-2.985663,0.003300,0.000000,-2.665588,4.213570,-2.985663,0.003300,0.000000,nan,nan,nan,nan,nan,0.000000,0
1788899870.930822,84.800484,-2.665076,4.210310,-2.985663,-2.665588,4.213570,-2.985663,0.003300,0.000000,-2.665588,4.213570,-2.985663,0.003300,0.000000,-2.665588,4.213570,-2.985663,0.003300,0.000000,nan,nan,nan,nan,nan,0.000000,0
1788899870.980387,84.850049,-2.665076,4.210310,-2.985663,-2.665588,4.213570,-2.985663,0.003300,0.000000,-2.665588,4.213570,-2.985663,0.003300,0.000000,-2.665588,4.213570,-2.985663,0.003300,0.000000,nan,nan,nan,nan,nan,0.000000,0
1788899870.980387,84.850049,-2.665076,4.210310,-2.985663,-2.665588,4.213570,-2.985663,0.003300,0.000000,-2.665588,4.213570,-2.985663,0.003300,0.000000,-2.665588,4.213570,-2.985663,0.003300,0.000000,nan,nan,nan,nan,nan,0.000000,0
1788899871.030980,84.900642,-2.665076,4.210310,-2.985663,-2.665588,4.213570,-2.985663,0.003300,0.000000,-2.665588,4.213570,-2.985663,0.003300,0.000000,-2.665588,4.213570,-2.985663,0.003300,0.000000,nan,nan,nan,nan,nan,0.000000,0
1788899871.030980,84.900642,-2.665076,4.210310,-2.985663,-2.665588,4.213570,-2.985663,0.003300,0.000000,-2.665588,4.213570,-2.985663,0.003300,0.000000,-2.665588,4.213570,-2.985663,0.003300,0.000000,nan,nan,nan,nan,nan,0.000000,0
1788899871.082516,84.952178,-2.665076,4.210310,-2.985663,-2.665588,4.213570,-2.985663,0.003300,0.000000,-2.665588,4.213570,-2.985663,0.003300,0.000000,-2.665588,4.213570,-2.985663,0.003300,0.000000,nan,nan,nan,nan,nan,0.000000,0
1788899871.082516,84.952178,-2.665076,4.210310,-2.985663,-2.665588,4.213570,-2.985663,0.003300,0.000000,-2.665588,4.213570,-2.985663,0.003300,0.000000,-2.665588,4.213570,-2.985663,0.003300,0.000000,nan,nan,nan,nan,nan,0.000000,0
1788899871.151559,85.021221,-2.665076,4.210310,-2.985663,-2.665588,4.213570,-2.985663,0.003300,0.000000,-2.665588,4.213570,-2.985663,0.003300,0.000000,-2.665588,4.213570,-2.985663,0.003300,0.000000,nan,nan,nan,nan,nan,0.000000,0
1788899871.151559,85.021221,-2.665076,4.210310,-2.985663,-2.665588,4.213570,-2.985663,0.003300,0.000000,-2.665588,4.213570,-2.985663,0.003300,0.000000,-2.665588,4.213570,-2.985663,0.003300,0.000000,nan,nan,nan,nan,nan,0.000000,0
1788899871.201436,85.071097,-2.665076,4.210310,-2.985663,-2.665588,4.213570,-2.985663,0.003300,0.000000,-2.665588,4.213570,-2.985663,0.003300,0.000000,-2.665588,4.213570,-2.985663,0.003300,0.000000,nan,nan,nan,nan,nan,0.000000,0
1788899871.201436,85.071097,-2.665076,4.210310,-2.985663,-2.665588,4.213570,-2.985663,0.003300,0.000000,-2.665588,4.213570,-2.985663,0.003300,0.000000,-2.665588,4.213570,-2.985663,0.003300,0.000000,nan,nan,nan,nan,nan,0.000000,0
1788899871.251110,85.120771,-2.665076,4.210310,-2.985663,-2.665588,4.213570,-2.985663,0.003300,0.000000,-2.665588,4.213570,-2.985663,0.003300,0.000000,-2.665588,4.213570,-2.985663,0.003300,0.000000,nan,nan,nan,nan,nan,0.000000,0
1788899871.251110,85.120771,-2.665076,4.210310,-2.985663,-2.665588,4.213570,-2.985663,0.003300,0.000000,-2.665588,4.213570,-2.985663,0.003300,0.000000,-2.665588,4.213570,-2.985663,0.003300,0.000000,nan,nan,nan,nan,nan,0.000000,0
1788899871.301032,85.170694,-2.665076,4.210310,-2.985663,-2.665588,4.213570,-2.985663,0.003300,0.000000,-2.665588,4.213570,-2.985663,0.003300,0.000000,-2.665588,4.213570,-2.985663,0.003300,0.000000,nan,nan,nan,nan,nan,0.000000,0
1788899871.301032,85.170694,-2.665076,4.210310,-2.985663,-2.665588,4.213570,-2.985663,0.003300,0.000000,-2.665588,4.213570,-2.985663,0.003300,0.000000,-2.665588,4.213570,-2.985663,0.003300,0.000000,nan,nan,nan,nan,nan,0.000000,0
1788899871.351543,85.221205,-2.665076,4.210310,-2.985663,-2.665588,4.213570,-2.985663,0.003300,0.000000,-2.665588,4.213570,-2.985663,0.003300,0.000000,-2.665588,4.213570,-2.985663,0.003300,0.000000,nan,nan,nan,nan,nan,0.000000,0
1788899871.351543,85.221205,-2.665076,4.210310,-2.985663,-2.665588,4.213570,-2.985663,0.003300,0.000000,-2.665588,4.213570,-2.985663,0.003300,0.000000,-2.665588,4.213570,-2.985663,0.003300,0.000000,nan,nan,nan,nan,nan,0.000000,0
1788899871.402831,85.272493,-2.665076,4.210310,-2.985663,-2.665588,4.213570,-2.985663,0.003300,0.000000,-2.665588,4.213570,-2.985663,0.003300,0.000000,-2.665588,4.213570,-2.985663,0.003300,0.000000,nan,nan,nan,nan,nan,0.000000,0
1788899871.402831,85.272493,-2.665076,4.210310,-2.985663,-2.665588,4.213570,-2.985663,0.003300,0.000000,-2.665588,4.213570,-2.985663,0.003300,0.000000,-2.665588,4.213570,-2.985663,0.003300,0.000000,nan,nan,nan,nan,nan,0.000000,0
1788899871.452501,85.322163,-2.665076,4.210310,-2.985663,-2.665588,4.213570,-2.985663,0.003300,0.000000,-2.665588,4.213570,-2.985663,0.003300,0.000000,-2.665588,4.213570,-2.985663,0.003300,0.000000,nan,nan,nan,nan,nan,0.000000,0
1788899871.452501,85.322163,-2.665076,4.210310,-2.985663,-2.665588,4.213570,-2.985663,0.003300,0.000000,-2.665588,4.213570,-2.985663,0.003300,0.000000,-2.665588,4.213570,-2.985663,0.003300,0.000000,nan,nan,nan,nan,nan,0.000000,0
1788899871.502559,85.372221,-2.665076,4.210310,-2.985663,-2.665588,4.213570,-2.985663,0.003300,0.000000,-2.665588,4.213570,-2.985663,0.003300,0.000000,-2.665588,4.213570,-2.985663,0.003300,0.000000,nan,nan,nan,nan,nan,0.000000,0
1788899871.502559,85.372221,-2.665076,4.210310,-2.985663,-2.665588,4.213570,-2.985663,0.003300,0.000000,-2.665588,4.213570,-2.985663,0.003300,0.000000,-2.665588,4.213570,-2.985663,0.003300,0.000000,nan,nan,nan,nan,nan,0.000000,0
1788899871.553115,85.422777,-2.665076,4.210310,-2.985663,-2.665588,4.213570,-2.985663,0.003300,0.000000,-2.665588,4.213570,-2.985663,0.003300,0.000000,-2.665588,4.213570,-2.985663,0.003300,0.000000,nan,nan,nan,nan,nan,0.000000,0
1788899871.553115,85.422777,-2.665076,4.210310,-2.985663,-2.665588,4.213570,-2.985663,0.003300,0.000000,-2.665588,4.213570,-2.985663,0.003300,0.000000,-2.665588,4.213570,-2.985663,0.003300,0.000000,nan,nan,nan,nan,nan,0.000000,0
1788899871.603556,85.473218,-2.665076,4.210310,-2.985663,-2.665588,4.213570,-2.985663,0.003300,0.000000,-2.665588,4.213570,-2.985663,0.003300,0.000000,-2.665588,4.213570,-2.985663,0.003300,0.000000,nan,nan,nan,nan,nan,0.000000,0
1788899871.603556,85.473218,-2.665076,4.210310,-2.985663,-2.665588,4.213570,-2.985663,0.003300,0.000000,-2.665588,4.213570,-2.985663,0.003300,0.000000,-2.665588,4.213570,-2.985663,0.003300,0.000000,nan,nan,nan,nan,nan,0.000000,0
1788899871.654222,85.523884,-2.665076,4.210310,-2.985663,-2.665588,4.213570,-2.985663,0.003300,0.000000,-2.665588,4.213570,-2.985663,0.003300,0.000000,-2.665588,4.213570,-2.985663,0.003300,0.000000,nan,nan,nan,nan,nan,0.000000,0
1788899871.654222,85.523884,-2.665076,4.210310,-2.985663,-2.665588,4.213570,-2.985663,0.003300,0.000000,-2.665588,4.213570,-2.985663,0.003300,0.000000,-2.665588,4.213570,-2.985663,0.003300,0.000000,nan,nan,nan,nan,nan,0.000000,0
1788899871.704210,85.573872,-2.665060,4.210211,-2.985663,-2.665588,4.213570,-2.985663,0.003400,0.000000,-2.665588,4.213570,-2.985663,0.003400,0.000000,-2.665588,4.213570,-2.985663,0.003400,0.000000,nan,nan,nan,nan,nan,0.002000,0
1788899871.704210,85.573872,-2.665060,4.210211,-2.985663,-2.665588,4.213570,-2.985663,0.003400,0.000000,-2.665588,4.213570,-2.985663,0.003400,0.000000,-2.665588,4.213570,-2.985663,0.003400,0.000000,nan,nan,nan,nan,nan,0.002000,0
1788899871.754605,85.624267,-2.665060,4.210211,-2.985663,-2.665588,4.213570,-2.985663,0.003400,0.000000,-2.665588,4.213570,-2.985663,0.003400,0.000000,-2.665588,4.213570,-2.985663,0.003400,0.000000,nan,nan,nan,nan,nan,0.000000,0
1788899871.754605,85.624267,-2.665060,4.210211,-2.985663,-2.665588,4.213570,-2.985663,0.003400,0.000000,-2.665588,4.213570,-2.985663,0.003400,0.000000,-2.665588,4.213570,-2.985663,0.003400,0.000000,nan,nan,nan,nan,nan,0.000000,0
1788899871.804307,85.673969,-2.665060,4.210211,-2.985663,-2.665588,4.213570,-2.985663,0.003400,0.000000,-2.665588,4.213570,-2.985663,0.003400,0.000000,-2.665588,4.213570,-2.985663,0.003400,0.000000,nan,nan,nan,nan,nan,0.000000,0
1788899871.804307,85.673969,-2.665060,4.210211,-2.985663,-2.665588,4.213570,-2.985663,0.003400,0.000000,-2.665588,4.213570,-2.985663,0.003400,0.000000,-2.665588,4.213570,-2.985663,0.003400,0.000000,nan,nan,nan,nan,nan,0.000000,0
1788899871.855348,85.725010,-2.665060,4.210211,-2.985663,-2.665588,4.213570,-2.985663,0.003400,0.000000,-2.665588,4.213570,-2.985663,0.003400,0.000000,-2.665588,4.213570,-2.985663,0.003400,0.000000,nan,nan,nan,nan,nan,0.000000,0
1788899871.855348,85.725010,-2.665060,4.210211,-2.985663,-2.665588,4.213570,-2.985663,0.003400,0.000000,-2.665588,4.213570,-2.985663,0.003400,0.000000,-2.665588,4.213570,-2.985663,0.003400,0.000000,nan,nan,nan,nan,nan,0.000000,0
1788899871.906415,85.776077,-2.665060,4.210211,-2.985663,-2.665588,4.213570,-2.985663,0.003400,0.000000,-2.665588,4.213570,-2.985663,0.003400,0.000000,-2.665588,4.213570,-2.985663,0.003400,0.000000,nan,nan,nan,nan,nan,0.000000,0
1788899871.906415,85.776077,-2.665060,4.210211,-2.985663,-2.665588,4.213570,-2.985663,0.003400,0.000000,-2.665588,4.213570,-2.985663,0.003400,0.000000,-2.665588,4.213570,-2.985663,0.003400,0.000000,nan,nan,nan,nan,nan,0.000000,0
1788899871.957937,85.827598,-2.665060,4.210211,-2.985663,-2.665588,4.213570,-2.985663,0.003400,0.000000,-2.665588,4.213570,-2.985663,0.003400,0.000000,-2.665588,4.213570,-2.985663,0.003400,0.000000,nan,nan,nan,nan,nan,0.000000,0
1788899871.957937,85.827598,-2.665060,4.210211,-2.985663,-2.665588,4.213570,-2.985663,0.003400,0.000000,-2.665588,4.213570,-2.985663,0.003400,0.000000,-2.665588,4.213570,-2.985663,0.003400,0.000000,nan,nan,nan,nan,nan,0.000000,0
1788899872.007973,85.877635,-2.665060,4.210211,-2.985663,-2.665588,4.213570,-2.985663,0.003400,0.000000,-2.665588,4.213570,-2.985663,0.003400,0.000000,-2.665588,4.213570,-2.985663,0.003400,0.000000,nan,nan,nan,nan,nan,0.000000,0
1788899872.007973,85.877635,-2.665060,4.210211,-2.985663,-2.665588,4.213570,-2.985663,0.003400,0.000000,-2.665588,4.213570,-2.985663,0.003400,0.000000,-2.665588,4.213570,-2.985663,0.003400,0.000000,nan,nan,nan,nan,nan,0.000000,0
1788899872.076833,85.946495,-2.665060,4.210211,-2.985663,-2.665588,4.213570,-2.985663,0.003400,0.000000,-2.665588,4.213570,-2.985663,0.003400,0.000000,-2.665588,4.213570,-2.985663,0.003400,0.000000,nan,nan,nan,nan,nan,0.000000,0
1788899872.076833,85.946495,-2.665060,4.210211,-2.985663,-2.665588,4.213570,-2.985663,0.003400,0.000000,-2.665588,4.213570,-2.985663,0.003400,0.000000,-2.665588,4.213570,-2.985663,0.003400,0.000000,nan,nan,nan,nan,nan,0.000000,0
1788899872.126661,85.996323,-2.665060,4.210211,-2.985663,-2.665588,4.213570,-2.985663,0.003400,0.000000,-2.665588,4.213570,-2.985663,0.003400,0.000000,-2.665588,4.213570,-2.985663,0.003400,0.000000,nan,nan,nan,nan,nan,0.000000,0
1788899872.126661,85.996323,-2.665060,4.210211,-2.985663,-2.665588,4.213570,-2.985663,0.003400,0.000000,-2.665588,4.213570,-2.985663,0.003400,0.000000,-2.665588,4.213570,-2.985663,0.003400,0.000000,nan,nan,nan,nan,nan,0.000000,0
1788899872.178082,86.047744,-2.665060,4.210211,-2.985663,-2.665588,4.213570,-2.985663,0.003400,0.000000,-2.665588,4.213570,-2.985663,0.003400,0.000000,-2.665588,4.213570,-2.985663,0.003400,0.000000,nan,nan,nan,nan,nan,0.000000,0
1788899872.178082,86.047744,-2.665060,4.210211,-2.985663,-2.665588,4.213570,-2.985663,0.003400,0.000000,-2.665588,4.213570,-2.985663,0.003400,0.000000,-2.665588,4.213570,-2.985663,0.003400,0.000000,nan,nan,nan,nan,nan,0.000000,0
1788899872.228356,86.098017,-2.665060,4.210211,-2.985663,-2.665588,4.213570,-2.985663,0.003400,0.000000,-2.665588,4.213570,-2.985663,0.003400,0.000000,-2.665588,4.213570,-2.985663,0.003400,0.000000,nan,nan,nan,nan,nan,0.000000,0
1788899872.228356,86.098017,-2.665060,4.210211,-2.985663,-2.665588,4.213570,-2.985663,0.003400,0.000000,-2.665588,4.213570,-2.985663,0.003400,0.000000,-2.665588,4.213570,-2.985663,0.003400,0.000000,nan,nan,nan,nan,nan,0.000000,0
1788899872.278625,86.148287,-2.665060,4.210211,-2.985663,-2.665588,4.213570,-2.985663,0.003400,0.000000,-2.665588,4.213570,-2.985663,0.003400,0.000000,-2.665588,4.213570,-2.985663,0.003400,0.000000,nan,nan,nan,nan,nan,0.000000,0
1788899872.278625,86.148287,-2.665060,4.210211,-2.985663,-2.665588,4.213570,-2.985663,0.003400,0.000000,-2.665588,4.213570,-2.985663,0.003400,0.000000,-2.665588,4.213570,-2.985663,0.003400,0.000000,nan,nan,nan,nan,nan,0.000000,0
1788899872.328214,86.197875,-2.665060,4.210211,-2.985663,-2.665588,4.213570,-2.985663,0.003400,0.000000,-2.665588,4.213570,-2.985663,0.003400,0.000000,-2.665588,4.213570,-2.985663,0.003400,0.000000,nan,nan,nan,nan,nan,0.000000,0
1788899872.328214,86.197875,-2.665060,4.210211,-2.985663,-2.665588,4.213570,-2.985663,0.003400,0.000000,-2.665588,4.213570,-2.985663,0.003400,0.000000,-2.665588,4.213570,-2.985663,0.003400,0.000000,nan,nan,nan,nan,nan,0.000000,0
1788899872.378519,86.248181,-2.665060,4.210211,-2.985663,-2.665588,4.213570,-2.985663,0.003400,0.000000,-2.665588,4.213570,-2.985663,0.003400,0.000000,-2.665588,4.213570,-2.985663,0.003400,0.000000,nan,nan,nan,nan,nan,0.000000,0
1788899872.378519,86.248181,-2.665060,4.210211,-2.985663,-2.665588,4.213570,-2.985663,0.003400,0.000000,-2.665588,4.213570,-2.985663,0.003400,0.000000,-2.665588,4.213570,-2.985663,0.003400,0.000000,nan,nan,nan,nan,nan,0.000000,0
1788899872.430241,86.299902,-2.665060,4.210211,-2.985663,-2.665588,4.213570,-2.985663,0.003400,0.000000,-2.665588,4.213570,-2.985663,0.003400,0.000000,-2.665588,4.213570,-2.985663,0.003400,0.000000,nan,nan,nan,nan,nan,0.000000,0
1788899872.430241,86.299902,-2.665060,4.210211,-2.985663,-2.665588,4.213570,-2.985663,0.003400,0.000000,-2.665588,4.213570,-2.985663,0.003400,0.000000,-2.665588,4.213570,-2.985663,0.003400,0.000000,nan,nan,nan,nan,nan,0.000000,0
1788899872.480147,86.349809,-2.665060,4.210211,-2.985663,-2.665588,4.213570,-2.985663,0.003400,0.000000,-2.665588,4.213570,-2.985663,0.003400,0.000000,-2.665588,4.213570,-2.985663,0.003400,0.000000,nan,nan,nan,nan,nan,0.000000,0
1788899872.480147,86.349809,-2.665060,4.210211,-2.985663,-2.665588,4.213570,-2.985663,0.003400,0.000000,-2.665588,4.213570,-2.985663,0.003400,0.000000,-2.665588,4.213570,-2.985663,0.003400,0.000000,nan,nan,nan,nan,nan,0.000000,0
1788899872.530301,86.399962,-2.665060,4.210211,-2.985663,-2.665588,4.213570,-2.985663,0.003400,0.000000,-2.665588,4.213570,-2.985663,0.003400,0.000000,-2.665588,4.213570,-2.985663,0.003400,0.000000,nan,nan,nan,nan,nan,0.000000,0
1788899872.530301,86.399962,-2.665060,4.210211,-2.985663,-2.665588,4.213570,-2.985663,0.003400,0.000000,-2.665588,4.213570,-2.985663,0.003400,0.000000,-2.665588,4.213570,-2.985663,0.003400,0.000000,nan,nan,nan,nan,nan,0.000000,0
1788899872.579749,86.449411,-2.665060,4.210211,-2.985663,-2.665588,4.213570,-2.985663,0.003400,0.000000,-2.665588,4.213570,-2.985663,0.003400,0.000000,-2.665588,4.213570,-2.985663,0.003400,0.000000,nan,nan,nan,nan,nan,0.000000,0
1788899872.579749,86.449411,-2.665060,4.210211,-2.985663,-2.665588,4.213570,-2.985663,0.003400,0.000000,-2.665588,4.213570,-2.985663,0.003400,0.000000,-2.665588,4.213570,-2.985663,0.003400,0.000000,nan,nan,nan,nan,nan,0.000000,0
1788899872.631177,86.500839,-2.665060,4.210211,-2.985663,-2.665588,4.213570,-2.985663,0.003400,0.000000,-2.665588,4.213570,-2.985663,0.003400,0.000000,-2.665588,4.213570,-2.985663,0.003400,0.000000,nan,nan,nan,nan,nan,0.000000,0
1788899872.631177,86.500839,-2.665060,4.210211,-2.985663,-2.665588,4.213570,-2.985663,0.003400,0.000000,-2.665588,4.213570,-2.985663,0.003400,0.000000,-2.665588,4.213570,-2.985663,0.003400,0.000000,nan,nan,nan,nan,nan,0.000000,0
1788899872.683470,86.553132,-2.665060,4.210211,-2.985663,-2.665588,4.213570,-2.985663,0.003400,0.000000,-2.665588,4.213570,-2.985663,0.003400,0.000000,-2.665588,4.213570,-2.985663,0.003400,0.000000,nan,nan,nan,nan,nan,0.000000,0
1788899872.683470,86.553132,-2.665060,4.210211,-2.985663,-2.665588,4.213570,-2.985663,0.003400,0.000000,-2.665588,4.213570,-2.985663,0.003400,0.000000,-2.665588,4.213570,-2.985663,0.003400,0.000000,nan,nan,nan,nan,nan,0.000000,0
1788899872.751090,86.620751,-2.665060,4.210211,-2.985663,-2.665588,4.213570,-2.985663,0.003400,0.000000,-2.665588,4.213570,-2.985663,0.003400,0.000000,-2.665588,4.213570,-2.985663,0.003400,0.000000,nan,nan,nan,nan,nan,0.000000,0
1788899872.751090,86.620751,-2.665060,4.210211,-2.985663,-2.665588,4.213570,-2.985663,0.003400,0.000000,-2.665588,4.213570,-2.985663,0.003400,0.000000,-2.665588,4.213570,-2.985663,0.003400,0.000000,nan,nan,nan,nan,nan,0.000000,0
1788899872.802212,86.671874,-2.665060,4.210211,-2.985663,-2.665588,4.213570,-2.985663,0.003400,0.000000,-2.665588,4.213570,-2.985663,0.003400,0.000000,-2.665588,4.213570,-2.985663,0.003400,0.000000,nan,nan,nan,nan,nan,0.000000,0
1788899872.802212,86.671874,-2.665060,4.210211,-2.985663,-2.665588,4.213570,-2.985663,0.003400,0.000000,-2.665588,4.213570,-2.985663,0.003400,0.000000,-2.665588,4.213570,-2.985663,0.003400,0.000000,nan,nan,nan,nan,nan,0.000000,0
1788899872.853370,86.723032,-2.665060,4.210211,-2.985663,-2.665588,4.213570,-2.985663,0.003400,0.000000,-2.665588,4.213570,-2.985663,0.003400,0.000000,-2.665588,4.213570,-2.985663,0.003400,0.000000,nan,nan,nan,nan,nan,0.000000,0
1788899872.853370,86.723032,-2.665060,4.210211,-2.985663,-2.665588,4.213570,-2.985663,0.003400,0.000000,-2.665588,4.213570,-2.985663,0.003400,0.000000,-2.665588,4.213570,-2.985663,0.003400,0.000000,nan,nan,nan,nan,nan,0.000000,0
1788899872.904541,86.774203,-2.665060,4.210211,-2.985663,-2.665588,4.213570,-2.985663,0.003400,0.000000,-2.665588,4.213570,-2.985663,0.003400,0.000000,-2.665588,4.213570,-2.985663,0.003400,0.000000,nan,nan,nan,nan,nan,0.000000,0
1788899872.904541,86.774203,-2.665060,4.210211,-2.985663,-2.665588,4.213570,-2.985663,0.003400,0.000000,-2.665588,4.213570,-2.985663,0.003400,0.000000,-2.665588,4.213570,-2.985663,0.003400,0.000000,nan,nan,nan,nan,nan,0.000000,0
1788899872.956667,86.826329,-2.665060,4.210211,-2.985663,-2.665588,4.213570,-2.985663,0.003400,0.000000,-2.665588,4.213570,-2.985663,0.003400,0.000000,-2.665588,4.213570,-2.985663,0.003400,0.000000,nan,nan,nan,nan,nan,0.000000,0
1788899872.956667,86.826329,-2.665060,4.210211,-2.985663,-2.665588,4.213570,-2.985663,0.003400,0.000000,-2.665588,4.213570,-2.985663,0.003400,0.000000,-2.665588,4.213570,-2.985663,0.003400,0.000000,nan,nan,nan,nan,nan,0.000000,0
1788899873.007478,86.877140,-2.665060,4.210211,-2.985663,-2.665588,4.213570,-2.985663,0.003400,0.000000,-2.665588,4.213570,-2.985663,0.003400,0.000000,-2.665588,4.213570,-2.985663,0.003400,0.000000,nan,nan,nan,nan,nan,0.000000,0
1788899873.007478,86.877140,-2.665060,4.210211,-2.985663,-2.665588,4.213570,-2.985663,0.003400,0.000000,-2.665588,4.213570,-2.985663,0.003400,0.000000,-2.665588,4.213570,-2.985663,0.003400,0.000000,nan,nan,nan,nan,nan,0.000000,0
1788899873.076363,86.946024,-2.665060,4.210211,-2.985663,-2.665588,4.213570,-2.985663,0.003400,0.000000,-2.665588,4.213570,-2.985663,0.003400,0.000000,-2.665588,4.213570,-2.985663,0.003400,0.000000,nan,nan,nan,nan,nan,0.000000,0
1788899873.076363,86.946024,-2.665060,4.210211,-2.985663,-2.665588,4.213570,-2.985663,0.003400,0.000000,-2.665588,4.213570,-2.985663,0.003400,0.000000,-2.665588,4.213570,-2.985663,0.003400,0.000000,nan,nan,nan,nan,nan,0.000000,0
1788899873.126750,86.996412,-2.665060,4.210211,-2.985663,-2.665588,4.213570,-2.985663,0.003400,0.000000,-2.665588,4.213570,-2.985663,0.003400,0.000000,-2.665588,4.213570,-2.985663,0.003400,0.000000,nan,nan,nan,nan,nan,0.000000,0
1788899873.126750,86.996412,-2.665060,4.210211,-2.985663,-2.665588,4.213570,-2.985663,0.003400,0.000000,-2.665588,4.213570,-2.985663,0.003400,0.000000,-2.665588,4.213570,-2.985663,0.003400,0.000000,nan,nan,nan,nan,nan,0.000000,0
1788899873.176415,87.046077,-2.665060,4.210211,-2.985663,-2.665588,4.213570,-2.985663,0.003400,0.000000,-2.665588,4.213570,-2.985663,0.003400,0.000000,-2.665588,4.213570,-2.985663,0.003400,0.000000,nan,nan,nan,nan,nan,0.000000,0
1788899873.176415,87.046077,-2.665060,4.210211,-2.985663,-2.665588,4.213570,-2.985663,0.003400,0.000000,-2.665588,4.213570,-2.985663,0.003400,0.000000,-2.665588,4.213570,-2.985663,0.003400,0.000000,nan,nan,nan,nan,nan,0.000000,0
1788899873.226809,87.096471,-2.665060,4.210211,-2.985663,-2.665588,4.213570,-2.985663,0.003400,0.000000,-2.665588,4.213570,-2.985663,0.003400,0.000000,-2.665588,4.213570,-2.985663,0.003400,0.000000,nan,nan,nan,nan,nan,0.000000,0
1788899873.226809,87.096471,-2.665060,4.210211,-2.985663,-2.665588,4.213570,-2.985663,0.003400,0.000000,-2.665588,4.213570,-2.985663,0.003400,0.000000,-2.665588,4.213570,-2.985663,0.003400,0.000000,nan,nan,nan,nan,nan,0.000000,0
1788899873.277616,87.147278,-2.665060,4.210211,-2.985663,-2.665588,4.213570,-2.985663,0.003400,0.000000,-2.665588,4.213570,-2.985663,0.003400,0.000000,-2.665588,4.213570,-2.985663,0.003400,0.000000,nan,nan,nan,nan,nan,0.000000,0
1788899873.277616,87.147278,-2.665060,4.210211,-2.985663,-2.665588,4.213570,-2.985663,0.003400,0.000000,-2.665588,4.213570,-2.985663,0.003400,0.000000,-2.665588,4.213570,-2.985663,0.003400,0.000000,nan,nan,nan,nan,nan,0.000000,0
1788899873.330417,87.200079,-2.665060,4.210211,-2.985663,-2.665588,4.213570,-2.985663,0.003400,0.000000,-2.665588,4.213570,-2.985663,0.003400,0.000000,-2.665588,4.213570,-2.985663,0.003400,0.000000,nan,nan,nan,nan,nan,0.000000,0
1788899873.330417,87.200079,-2.665060,4.210211,-2.985663,-2.665588,4.213570,-2.985663,0.003400,0.000000,-2.665588,4.213570,-2.985663,0.003400,0.000000,-2.665588,4.213570,-2.985663,0.003400,0.000000,nan,nan,nan,nan,nan,0.000000,0
1788899873.382886,87.252548,-2.665060,4.210211,-2.985663,-2.665588,4.213570,-2.985663,0.003400,0.000000,-2.665588,4.213570,-2.985663,0.003400,0.000000,-2.665588,4.213570,-2.985663,0.003400,0.000000,nan,nan,nan,nan,nan,0.000000,0
1788899873.382886,87.252548,-2.665060,4.210211,-2.985663,-2.665588,4.213570,-2.985663,0.003400,0.000000,-2.665588,4.213570,-2.985663,0.003400,0.000000,-2.665588,4.213570,-2.985663,0.003400,0.000000,nan,nan,nan,nan,nan,0.000000,0
1788899873.433838,87.303500,-2.665060,4.210211,-2.985663,-2.665588,4.213570,-2.985663,0.003400,0.000000,-2.665588,4.213570,-2.985663,0.003400,0.000000,-2.665588,4.213570,-2.985663,0.003400,0.000000,nan,nan,nan,nan,nan,0.000000,0
1788899873.433838,87.303500,-2.665060,4.210211,-2.985663,-2.665588,4.213570,-2.985663,0.003400,0.000000,-2.665588,4.213570,-2.985663,0.003400,0.000000,-2.665588,4.213570,-2.985663,0.003400,0.000000,nan,nan,nan,nan,nan,0.000000,0
1788899873.501493,87.371155,-2.665060,4.210211,-2.985663,-2.665588,4.213570,-2.985663,0.003400,0.000000,-2.665588,4.213570,-2.985663,0.003400,0.000000,-2.665588,4.213570,-2.985663,0.003400,0.000000,nan,nan,nan,nan,nan,0.000000,0
1788899873.501493,87.371155,-2.665060,4.210211,-2.985663,-2.665588,4.213570,-2.985663,0.003400,0.000000,-2.665588,4.213570,-2.985663,0.003400,0.000000,-2.665588,4.213570,-2.985663,0.003400,0.000000,nan,nan,nan,nan,nan,0.000000,0
1788899873.552316,87.421978,-2.665060,4.210211,-2.985663,-2.665588,4.213570,-2.985663,0.003400,0.000000,-2.665588,4.213570,-2.985663,0.003400,0.000000,-2.665588,4.213570,-2.985663,0.003400,0.000000,nan,nan,nan,nan,nan,0.000000,0
1788899873.552316,87.421978,-2.665060,4.210211,-2.985663,-2.665588,4.213570,-2.985663,0.003400,0.000000,-2.665588,4.213570,-2.985663,0.003400,0.000000,-2.665588,4.213570,-2.985663,0.003400,0.000000,nan,nan,nan,nan,nan,0.000000,0
1788899873.604005,87.473667,-2.665060,4.210211,-2.985663,-2.665588,4.213570,-2.985663,0.003400,0.000000,-2.665588,4.213570,-2.985663,0.003400,0.000000,-2.665588,4.213570,-2.985663,0.003400,0.000000,nan,nan,nan,nan,nan,0.000000,0
1788899873.604005,87.473667,-2.665060,4.210211,-2.985663,-2.665588,4.213570,-2.985663,0.003400,0.000000,-2.665588,4.213570,-2.985663,0.003400,0.000000,-2.665588,4.213570,-2.985663,0.003400,0.000000,nan,nan,nan,nan,nan,0.000000,0
1788899873.653924,87.523586,-2.665060,4.210211,-2.985663,-2.665588,4.213570,-2.985663,0.003400,0.000000,-2.665588,4.213570,-2.985663,0.003400,0.000000,-2.665588,4.213570,-2.985663,0.003400,0.000000,nan,nan,nan,nan,nan,0.000000,0
1788899873.653924,87.523586,-2.665060,4.210211,-2.985663,-2.665588,4.213570,-2.985663,0.003400,0.000000,-2.665588,4.213570,-2.985663,0.003400,0.000000,-2.665588,4.213570,-2.985663,0.003400,0.000000,nan,nan,nan,nan,nan,0.000000,0
1788899873.704765,87.574427,-2.665060,4.210211,-2.985663,-2.665588,4.213570,-2.985663,0.003400,0.000000,-2.665588,4.213570,-2.985663,0.003400,0.000000,-2.665588,4.213570,-2.985663,0.003400,0.000000,nan,nan,nan,nan,nan,0.000000,0
1788899873.704765,87.574427,-2.665060,4.210211,-2.985663,-2.665588,4.213570,-2.985663,0.003400,0.000000,-2.665588,4.213570,-2.985663,0.003400,0.000000,-2.665588,4.213570,-2.985663,0.003400,0.000000,nan,nan,nan,nan,nan,0.000000,0
1788899873.756095,87.625757,-2.665060,4.210211,-2.985663,-2.665588,4.213570,-2.985663,0.003400,0.000000,-2.665588,4.213570,-2.985663,0.003400,0.000000,-2.665588,4.213570,-2.985663,0.003400,0.000000,nan,nan,nan,nan,nan,0.000000,0
1788899873.756095,87.625757,-2.665060,4.210211,-2.985663,-2.665588,4.213570,-2.985663,0.003400,0.000000,-2.665588,4.213570,-2.985663,0.003400,0.000000,-2.665588,4.213570,-2.985663,0.003400,0.000000,nan,nan,nan,nan,nan,0.000000,0
1788899873.806238,87.675900,-2.665060,4.210211,-2.985663,-2.665588,4.213570,-2.985663,0.003400,0.000000,-2.665588,4.213570,-2.985663,0.003400,0.000000,-2.665588,4.213570,-2.985663,0.003400,0.000000,nan,nan,nan,nan,nan,0.000000,0
1788899873.806238,87.675900,-2.665060,4.210211,-2.985663,-2.665588,4.213570,-2.985663,0.003400,0.000000,-2.665588,4.213570,-2.985663,0.003400,0.000000,-2.665588,4.213570,-2.985663,0.003400,0.000000,nan,nan,nan,nan,nan,0.000000,0
1788899873.856569,87.726231,-2.665060,4.210211,-2.985663,-2.665588,4.213570,-2.985663,0.003400,0.000000,-2.665588,4.213570,-2.985663,0.003400,0.000000,-2.665588,4.213570,-2.985663,0.003400,0.000000,nan,nan,nan,nan,nan,0.000000,0
1788899873.856569,87.726231,-2.665060,4.210211,-2.985663,-2.665588,4.213570,-2.985663,0.003400,0.000000,-2.665588,4.213570,-2.985663,0.003400,0.000000,-2.665588,4.213570,-2.985663,0.003400,0.000000,nan,nan,nan,nan,nan,0.000000,0
1788899873.926021,87.795682,-2.665060,4.210211,-2.985663,-2.665588,4.213570,-2.985663,0.003400,0.000000,-2.665588,4.213570,-2.985663,0.003400,0.000000,-2.665588,4.213570,-2.985663,0.003400,0.000000,nan,nan,nan,nan,nan,0.000000,0
1788899873.926021,87.795682,-2.665060,4.210211,-2.985663,-2.665588,4.213570,-2.985663,0.003400,0.000000,-2.665588,4.213570,-2.985663,0.003400,0.000000,-2.665588,4.213570,-2.985663,0.003400,0.000000,nan,nan,nan,nan,nan,0.000000,0
1788899873.976065,87.845727,-2.665060,4.210211,-2.985663,-2.665588,4.213570,-2.985663,0.003400,0.000000,-2.665588,4.213570,-2.985663,0.003400,0.000000,-2.665588,4.213570,-2.985663,0.003400,0.000000,nan,nan,nan,nan,nan,0.000000,0
1788899873.976065,87.845727,-2.665060,4.210211,-2.985663,-2.665588,4.213570,-2.985663,0.003400,0.000000,-2.665588,4.213570,-2.985663,0.003400,0.000000,-2.665588,4.213570,-2.985663,0.003400,0.000000,nan,nan,nan,nan,nan,0.000000,0
1788899874.027892,87.897554,-2.665060,4.210211,-2.985663,-2.665588,4.213570,-2.985663,0.003400,0.000000,-2.665588,4.213570,-2.985663,0.003400,0.000000,-2.665588,4.213570,-2.985663,0.003400,0.000000,nan,nan,nan,nan,nan,0.000000,0
1788899874.027892,87.897554,-2.665060,4.210211,-2.985663,-2.665588,4.213570,-2.985663,0.003400,0.000000,-2.665588,4.213570,-2.985663,0.003400,0.000000,-2.665588,4.213570,-2.985663,0.003400,0.000000,nan,nan,nan,nan,nan,0.000000,0
1788899874.077711,87.947373,-2.665060,4.210211,-2.985663,-2.665588,4.213570,-2.985663,0.003400,0.000000,-2.665588,4.213570,-2.985663,0.003400,0.000000,-2.665588,4.213570,-2.985663,0.003400,0.000000,nan,nan,nan,nan,nan,0.000000,0
1788899874.077711,87.947373,-2.665060,4.210211,-2.985663,-2.665588,4.213570,-2.985663,0.003400,0.000000,-2.665588,4.213570,-2.985663,0.003400,0.000000,-2.665588,4.213570,-2.985663,0.003400,0.000000,nan,nan,nan,nan,nan,0.000000,0
1788899874.127552,87.997214,-2.665060,4.210211,-2.985663,-2.665588,4.213570,-2.985663,0.003400,0.000000,-2.665588,4.213570,-2.985663,0.003400,0.000000,-2.665588,4.213570,-2.985663,0.003400,0.000000,nan,nan,nan,nan,nan,0.000000,0
1788899874.127552,87.997214,-2.665060,4.210211,-2.985663,-2.665588,4.213570,-2.985663,0.003400,0.000000,-2.665588,4.213570,-2.985663,0.003400,0.000000,-2.665588,4.213570,-2.985663,0.003400,0.000000,nan,nan,nan,nan,nan,0.000000,0
1788899874.178006,88.047668,-2.665060,4.210211,-2.985663,-2.665588,4.213570,-2.985663,0.003400,0.000000,-2.665588,4.213570,-2.985663,0.003400,0.000000,-2.665588,4.213570,-2.985663,0.003400,0.000000,nan,nan,nan,nan,nan,0.000000,0
1788899874.178006,88.047668,-2.665060,4.210211,-2.985663,-2.665588,4.213570,-2.985663,0.003400,0.000000,-2.665588,4.213570,-2.985663,0.003400,0.000000,-2.665588,4.213570,-2.985663,0.003400,0.000000,nan,nan,nan,nan,nan,0.000000,0
1788899874.227055,88.096717,-2.665045,4.210112,-2.985663,-2.665588,4.213570,-2.985663,0.003500,0.000000,-2.665588,4.213570,-2.985663,0.003500,0.000000,-2.665588,4.213570,-2.985663,0.003500,0.000000,nan,nan,nan,nan,nan,0.002039,0
1788899874.227055,88.096717,-2.665045,4.210112,-2.985663,-2.665588,4.213570,-2.985663,0.003500,0.000000,-2.665588,4.213570,-2.985663,0.003500,0.000000,-2.665588,4.213570,-2.985663,0.003500,0.000000,nan,nan,nan,nan,nan,0.002039,0
1788899874.277732,88.147394,-2.665045,4.210112,-2.985663,-2.665588,4.213570,-2.985663,0.003500,0.000000,-2.665588,4.213570,-2.985663,0.003500,0.000000,-2.665588,4.213570,-2.985663,0.003500,0.000000,nan,nan,nan,nan,nan,0.000000,0
1788899874.277732,88.147394,-2.665045,4.210112,-2.985663,-2.665588,4.213570,-2.985663,0.003500,0.000000,-2.665588,4.213570,-2.985663,0.003500,0.000000,-2.665588,4.213570,-2.985663,0.003500,0.000000,nan,nan,nan,nan,nan,0.000000,0
1788899874.329431,88.199093,-2.665045,4.210112,-2.985663,-2.665588,4.213570,-2.985663,0.003500,0.000000,-2.665588,4.213570,-2.985663,0.003500,0.000000,-2.665588,4.213570,-2.985663,0.003500,0.000000,nan,nan,nan,nan,nan,0.000000,0
1788899874.329431,88.199093,-2.665045,4.210112,-2.985663,-2.665588,4.213570,-2.985663,0.003500,0.000000,-2.665588,4.213570,-2.985663,0.003500,0.000000,-2.665588,4.213570,-2.985663,0.003500,0.000000,nan,nan,nan,nan,nan,0.000000,0
1788899874.380090,88.249752,-2.665045,4.210112,-2.985663,-2.665588,4.213570,-2.985663,0.003500,0.000000,-2.665588,4.213570,-2.985663,0.003500,0.000000,-2.665588,4.213570,-2.985663,0.003500,0.000000,nan,nan,nan,nan,nan,0.000000,0
1788899874.380090,88.249752,-2.665045,4.210112,-2.985663,-2.665588,4.213570,-2.985663,0.003500,0.000000,-2.665588,4.213570,-2.985663,0.003500,0.000000,-2.665588,4.213570,-2.985663,0.003500,0.000000,nan,nan,nan,nan,nan,0.000000,0
1788899874.430760,88.300422,-2.665045,4.210112,-2.985663,-2.665588,4.213570,-2.985663,0.003500,0.000000,-2.665588,4.213570,-2.985663,0.003500,0.000000,-2.665588,4.213570,-2.985663,0.003500,0.000000,nan,nan,nan,nan,nan,0.000000,0
1788899874.430760,88.300422,-2.665045,4.210112,-2.985663,-2.665588,4.213570,-2.985663,0.003500,0.000000,-2.665588,4.213570,-2.985663,0.003500,0.000000,-2.665588,4.213570,-2.985663,0.003500,0.000000,nan,nan,nan,nan,nan,0.000000,0
1788899874.481446,88.351108,-2.665045,4.210112,-2.985663,-2.665588,4.213570,-2.985663,0.003500,0.000000,-2.665588,4.213570,-2.985663,0.003500,0.000000,-2.665588,4.213570,-2.985663,0.003500,0.000000,nan,nan,nan,nan,nan,0.000000,0
1788899874.481446,88.351108,-2.665045,4.210112,-2.985663,-2.665588,4.213570,-2.985663,0.003500,0.000000,-2.665588,4.213570,-2.985663,0.003500,0.000000,-2.665588,4.213570,-2.985663,0.003500,0.000000,nan,nan,nan,nan,nan,0.000000,0
1788899874.531232,88.400893,-2.665045,4.210112,-2.985663,-2.665588,4.213570,-2.985663,0.003500,0.000000,-2.665588,4.213570,-2.985663,0.003500,0.000000,-2.665588,4.213570,-2.985663,0.003500,0.000000,nan,nan,nan,nan,nan,0.000000,0
1788899874.531232,88.400893,-2.665045,4.210112,-2.985663,-2.665588,4.213570,-2.985663,0.003500,0.000000,-2.665588,4.213570,-2.985663,0.003500,0.000000,-2.665588,4.213570,-2.985663,0.003500,0.000000,nan,nan,nan,nan,nan,0.000000,0
1788899874.582880,88.452542,-2.665045,4.210112,-2.985663,-2.665588,4.213570,-2.985663,0.003500,0.000000,-2.665588,4.213570,-2.985663,0.003500,0.000000,-2.665588,4.213570,-2.985663,0.003500,0.000000,nan,nan,nan,nan,nan,0.000000,0
1788899874.582880,88.452542,-2.665045,4.210112,-2.985663,-2.665588,4.213570,-2.985663,0.003500,0.000000,-2.665588,4.213570,-2.985663,0.003500,0.000000,-2.665588,4.213570,-2.985663,0.003500,0.000000,nan,nan,nan,nan,nan,0.000000,0
1788899874.651626,88.521288,-2.665045,4.210112,-2.985663,-2.665588,4.213570,-2.985663,0.003500,0.000000,-2.665588,4.213570,-2.985663,0.003500,0.000000,-2.665588,4.213570,-2.985663,0.003500,0.000000,nan,nan,nan,nan,nan,0.000000,0
1788899874.651626,88.521288,-2.665045,4.210112,-2.985663,-2.665588,4.213570,-2.985663,0.003500,0.000000,-2.665588,4.213570,-2.985663,0.003500,0.000000,-2.665588,4.213570,-2.985663,0.003500,0.000000,nan,nan,nan,nan,nan,0.000000,0
1788899874.701931,88.571593,-2.665045,4.210112,-2.985663,-2.665588,4.213570,-2.985663,0.003500,0.000000,-2.665588,4.213570,-2.985663,0.003500,0.000000,-2.665588,4.213570,-2.985663,0.003500,0.000000,nan,nan,nan,nan,nan,0.000000,0
1788899874.701931,88.571593,-2.665045,4.210112,-2.985663,-2.665588,4.213570,-2.985663,0.003500,0.000000,-2.665588,4.213570,-2.985663,0.003500,0.000000,-2.665588,4.213570,-2.985663,0.003500,0.000000,nan,nan,nan,nan,nan,0.000000,0
1788899874.751628,88.621289,-2.665045,4.210112,-2.985663,-2.665588,4.213570,-2.985663,0.003500,0.000000,-2.665588,4.213570,-2.985663,0.003500,0.000000,-2.665588,4.213570,-2.985663,0.003500,0.000000,nan,nan,nan,nan,nan,0.000000,0
1788899874.751628,88.621289,-2.665045,4.210112,-2.985663,-2.665588,4.213570,-2.985663,0.003500,0.000000,-2.665588,4.213570,-2.985663,0.003500,0.000000,-2.665588,4.213570,-2.985663,0.003500,0.000000,nan,nan,nan,nan,nan,0.000000,0
1788899874.802134,88.671795,-2.665045,4.210112,-2.985663,-2.665588,4.213570,-2.985663,0.003500,0.000000,-2.665588,4.213570,-2.985663,0.003500,0.000000,-2.665588,4.213570,-2.985663,0.003500,0.000000,nan,nan,nan,nan,nan,0.000000,0
1788899874.802134,88.671795,-2.665045,4.210112,-2.985663,-2.665588,4.213570,-2.985663,0.003500,0.000000,-2.665588,4.213570,-2.985663,0.003500,0.000000,-2.665588,4.213570,-2.985663,0.003500,0.000000,nan,nan,nan,nan,nan,0.000000,0
1788899874.853732,88.723394,-2.665045,4.210112,-2.985663,-2.665588,4.213570,-2.985663,0.003500,0.000000,-2.665588,4.213570,-2.985663,0.003500,0.000000,-2.665588,4.213570,-2.985663,0.003500,0.000000,nan,nan,nan,nan,nan,0.000000,0
1788899874.853732,88.723394,-2.665045,4.210112,-2.985663,-2.665588,4.213570,-2.985663,0.003500,0.000000,-2.665588,4.213570,-2.985663,0.003500,0.000000,-2.665588,4.213570,-2.985663,0.003500,0.000000,nan,nan,nan,nan,nan,0.000000,0
1788899874.904850,88.774511,-2.665045,4.210112,-2.985663,-2.665588,4.213570,-2.985663,0.003500,0.000000,-2.665588,4.213570,-2.985663,0.003500,0.000000,-2.665588,4.213570,-2.985663,0.003500,0.000000,nan,nan,nan,nan,nan,0.000000,0
1788899874.904850,88.774511,-2.665045,4.210112,-2.985663,-2.665588,4.213570,-2.985663,0.003500,0.000000,-2.665588,4.213570,-2.985663,0.003500,0.000000,-2.665588,4.213570,-2.985663,0.003500,0.000000,nan,nan,nan,nan,nan,0.000000,0
1788899874.955374,88.825036,-2.665045,4.210112,-2.985663,-2.665588,4.213570,-2.985663,0.003500,0.000000,-2.665588,4.213570,-2.985663,0.003500,0.000000,-2.665588,4.213570,-2.985663,0.003500,0.000000,nan,nan,nan,nan,nan,0.000000,0
1788899874.955374,88.825036,-2.665045,4.210112,-2.985663,-2.665588,4.213570,-2.985663,0.003500,0.000000,-2.665588,4.213570,-2.985663,0.003500,0.000000,-2.665588,4.213570,-2.985663,0.003500,0.000000,nan,nan,nan,nan,nan,0.000000,0
1788899875.005571,88.875232,-2.665045,4.210112,-2.985663,-2.665588,4.213570,-2.985663,0.003500,0.000000,-2.665588,4.213570,-2.985663,0.003500,0.000000,-2.665588,4.213570,-2.985663,0.003500,0.000000,nan,nan,nan,nan,nan,0.000000,0
1788899875.005571,88.875232,-2.665045,4.210112,-2.985663,-2.665588,4.213570,-2.985663,0.003500,0.000000,-2.665588,4.213570,-2.985663,0.003500,0.000000,-2.665588,4.213570,-2.985663,0.003500,0.000000,nan,nan,nan,nan,nan,0.000000,0
1788899875.055894,88.925556,-2.665045,4.210112,-2.985663,-2.665588,4.213570,-2.985663,0.003500,0.000000,-2.665588,4.213570,-2.985663,0.003500,0.000000,-2.665588,4.213570,-2.985663,0.003500,0.000000,nan,nan,nan,nan,nan,0.000000,0
1788899875.055894,88.925556,-2.665045,4.210112,-2.985663,-2.665588,4.213570,-2.985663,0.003500,0.000000,-2.665588,4.213570,-2.985663,0.003500,0.000000,-2.665588,4.213570,-2.985663,0.003500,0.000000,nan,nan,nan,nan,nan,0.000000,0
1788899875.106791,88.976452,-2.665045,4.210112,-2.985663,-2.665588,4.213570,-2.985663,0.003500,0.000000,-2.665588,4.213570,-2.985663,0.003500,0.000000,-2.665588,4.213570,-2.985663,0.003500,0.000000,nan,nan,nan,nan,nan,0.000000,0
1788899875.106791,88.976452,-2.665045,4.210112,-2.985663,-2.665588,4.213570,-2.985663,0.003500,0.000000,-2.665588,4.213570,-2.985663,0.003500,0.000000,-2.665588,4.213570,-2.985663,0.003500,0.000000,nan,nan,nan,nan,nan,0.000000,0
1788899875.156679,89.026341,-2.665045,4.210112,-2.985663,-2.665588,4.213570,-2.985663,0.003500,0.000000,-2.665588,4.213570,-2.985663,0.003500,0.000000,-2.665588,4.213570,-2.985663,0.003500,0.000000,nan,nan,nan,nan,nan,0.000000,0
1788899875.156679,89.026341,-2.665045,4.210112,-2.985663,-2.665588,4.213570,-2.985663,0.003500,0.000000,-2.665588,4.213570,-2.985663,0.003500,0.000000,-2.665588,4.213570,-2.985663,0.003500,0.000000,nan,nan,nan,nan,nan,0.000000,0
1788899875.226316,89.095978,-2.665045,4.210112,-2.985663,-2.665588,4.213570,-2.985663,0.003500,0.000000,-2.665588,4.213570,-2.985663,0.003500,0.000000,-2.665588,4.213570,-2.985663,0.003500,0.000000,nan,nan,nan,nan,nan,0.000000,0
1788899875.226316,89.095978,-2.665045,4.210112,-2.985663,-2.665588,4.213570,-2.985663,0.003500,0.000000,-2.665588,4.213570,-2.985663,0.003500,0.000000,-2.665588,4.213570,-2.985663,0.003500,0.000000,nan,nan,nan,nan,nan,0.000000,0
1788899875.276475,89.146137,-2.665045,4.210112,-2.985663,-2.665588,4.213570,-2.985663,0.003500,0.000000,-2.665588,4.213570,-2.985663,0.003500,0.000000,-2.665588,4.213570,-2.985663,0.003500,0.000000,nan,nan,nan,nan,nan,0.000000,0
1788899875.276475,89.146137,-2.665045,4.210112,-2.985663,-2.665588,4.213570,-2.985663,0.003500,0.000000,-2.665588,4.213570,-2.985663,0.003500,0.000000,-2.665588,4.213570,-2.985663,0.003500,0.000000,nan,nan,nan,nan,nan,0.000000,0
1788899875.326491,89.196153,-2.665045,4.210112,-2.985663,-2.665588,4.213570,-2.985663,0.003500,0.000000,-2.665588,4.213570,-2.985663,0.003500,0.000000,-2.665588,4.213570,-2.985663,0.003500,0.000000,nan,nan,nan,nan,nan,0.000000,0
1788899875.326491,89.196153,-2.665045,4.210112,-2.985663,-2.665588,4.213570,-2.985663,0.003500,0.000000,-2.665588,4.213570,-2.985663,0.003500,0.000000,-2.665588,4.213570,-2.985663,0.003500,0.000000,nan,nan,nan,nan,nan,0.000000,0
1788899875.378340,89.248001,-2.665045,4.210112,-2.985663,-2.665588,4.213570,-2.985663,0.003500,0.000000,-2.665588,4.213570,-2.985663,0.003500,0.000000,-2.665588,4.213570,-2.985663,0.003500,0.000000,nan,nan,nan,nan,nan,0.000000,0
1788899875.378340,89.248001,-2.665045,4.210112,-2.985663,-2.665588,4.213570,-2.985663,0.003500,0.000000,-2.665588,4.213570,-2.985663,0.003500,0.000000,-2.665588,4.213570,-2.985663,0.003500,0.000000,nan,nan,nan,nan,nan,0.000000,0
1788899875.428330,89.297992,-2.665045,4.210112,-2.985663,-2.665588,4.213570,-2.985663,0.003500,0.000000,-2.665588,4.213570,-2.985663,0.003500,0.000000,-2.665588,4.213570,-2.985663,0.003500,0.000000,nan,nan,nan,nan,nan,0.000000,0
1788899875.428330,89.297992,-2.665045,4.210112,-2.985663,-2.665588,4.213570,-2.985663,0.003500,0.000000,-2.665588,4.213570,-2.985663,0.003500,0.000000,-2.665588,4.213570,-2.985663,0.003500,0.000000,nan,nan,nan,nan,nan,0.000000,0
1788899875.478068,89.347730,-2.665045,4.210112,-2.985663,-2.665588,4.213570,-2.985663,0.003500,0.000000,-2.665588,4.213570,-2.985663,0.003500,0.000000,-2.665588,4.213570,-2.985663,0.003500,0.000000,nan,nan,nan,nan,nan,0.000000,0
1788899875.478068,89.347730,-2.665045,4.210112,-2.985663,-2.665588,4.213570,-2.985663,0.003500,0.000000,-2.665588,4.213570,-2.985663,0.003500,0.000000,-2.665588,4.213570,-2.985663,0.003500,0.000000,nan,nan,nan,nan,nan,0.000000,0
1788899875.528927,89.398589,-2.665045,4.210112,-2.985663,-2.665588,4.213570,-2.985663,0.003500,0.000000,-2.665588,4.213570,-2.985663,0.003500,0.000000,-2.665588,4.213570,-2.985663,0.003500,0.000000,nan,nan,nan,nan,nan,0.000000,0
1788899875.528927,89.398589,-2.665045,4.210112,-2.985663,-2.665588,4.213570,-2.985663,0.003500,0.000000,-2.665588,4.213570,-2.985663,0.003500,0.000000,-2.665588,4.213570,-2.985663,0.003500,0.000000,nan,nan,nan,nan,nan,0.000000,0
1788899875.580155,89.449817,-2.665045,4.210112,-2.985663,-2.665588,4.213570,-2.985663,0.003500,0.000000,-2.665588,4.213570,-2.985663,0.003500,0.000000,-2.665588,4.213570,-2.985663,0.003500,0.000000,nan,nan,nan,nan,nan,0.000000,0
1788899875.580155,89.449817,-2.665045,4.210112,-2.985663,-2.665588,4.213570,-2.985663,0.003500,0.000000,-2.665588,4.213570,-2.985663,0.003500,0.000000,-2.665588,4.213570,-2.985663,0.003500,0.000000,nan,nan,nan,nan,nan,0.000000,0
1788899875.629877,89.499539,-2.665045,4.210112,-2.985663,-2.665588,4.213570,-2.985663,0.003500,0.000000,-2.665588,4.213570,-2.985663,0.003500,0.000000,-2.665588,4.213570,-2.985663,0.003500,0.000000,nan,nan,nan,nan,nan,0.000000,0
1788899875.629877,89.499539,-2.665045,4.210112,-2.985663,-2.665588,4.213570,-2.985663,0.003500,0.000000,-2.665588,4.213570,-2.985663,0.003500,0.000000,-2.665588,4.213570,-2.985663,0.003500,0.000000,nan,nan,nan,nan,nan,0.000000,0
1788899875.679390,89.549052,-2.665045,4.210112,-2.985663,-2.665588,4.213570,-2.985663,0.003500,0.000000,-2.665588,4.213570,-2.985663,0.003500,0.000000,-2.665588,4.213570,-2.985663,0.003500,0.000000,nan,nan,nan,nan,nan,0.000000,0
1788899875.679390,89.549052,-2.665045,4.210112,-2.985663,-2.665588,4.213570,-2.985663,0.003500,0.000000,-2.665588,4.213570,-2.985663,0.003500,0.000000,-2.665588,4.213570,-2.985663,0.003500,0.000000,nan,nan,nan,nan,nan,0.000000,0
1788899875.729409,89.599071,-2.665045,4.210112,-2.985663,-2.665588,4.213570,-2.985663,0.003500,0.000000,-2.665588,4.213570,-2.985663,0.003500,0.000000,-2.665588,4.213570,-2.985663,0.003500,0.000000,nan,nan,nan,nan,nan,0.000000,0
1788899875.729409,89.599071,-2.665045,4.210112,-2.985663,-2.665588,4.213570,-2.985663,0.003500,0.000000,-2.665588,4.213570,-2.985663,0.003500,0.000000,-2.665588,4.213570,-2.985663,0.003500,0.000000,nan,nan,nan,nan,nan,0.000000,0
1788899875.780739,89.650401,-2.665045,4.210112,-2.985663,-2.665588,4.213570,-2.985663,0.003500,0.000000,-2.665588,4.213570,-2.985663,0.003500,0.000000,-2.665588,4.213570,-2.985663,0.003500,0.000000,nan,nan,nan,nan,nan,0.000000,0
1788899875.780739,89.650401,-2.665045,4.210112,-2.985663,-2.665588,4.213570,-2.985663,0.003500,0.000000,-2.665588,4.213570,-2.985663,0.003500,0.000000,-2.665588,4.213570,-2.985663,0.003500,0.000000,nan,nan,nan,nan,nan,0.000000,0
1788899875.831004,89.700666,-2.665045,4.210112,-2.985663,-2.665588,4.213570,-2.985663,0.003500,0.000000,-2.665588,4.213570,-2.985663,0.003500,0.000000,-2.665588,4.213570,-2.985663,0.003500,0.000000,nan,nan,nan,nan,nan,0.000000,0
1788899875.831004,89.700666,-2.665045,4.210112,-2.985663,-2.665588,4.213570,-2.985663,0.003500,0.000000,-2.665588,4.213570,-2.985663,0.003500,0.000000,-2.665588,4.213570,-2.985663,0.003500,0.000000,nan,nan,nan,nan,nan,0.000000,0
1788899875.881755,89.751417,-2.665045,4.210112,-2.985663,-2.665588,4.213570,-2.985663,0.003500,0.000000,-2.665588,4.213570,-2.985663,0.003500,0.000000,-2.665588,4.213570,-2.985663,0.003500,0.000000,nan,nan,nan,nan,nan,0.000000,0
1788899875.881755,89.751417,-2.665045,4.210112,-2.985663,-2.665588,4.213570,-2.985663,0.003500,0.000000,-2.665588,4.213570,-2.985663,0.003500,0.000000,-2.665588,4.213570,-2.985663,0.003500,0.000000,nan,nan,nan,nan,nan,0.000000,0
1788899875.932655,89.802317,-2.665045,4.210112,-2.985663,-2.665588,4.213570,-2.985663,0.003500,0.000000,-2.665588,4.213570,-2.985663,0.003500,0.000000,-2.665588,4.213570,-2.985663,0.003500,0.000000,nan,nan,nan,nan,nan,0.000000,0
1788899875.932655,89.802317,-2.665045,4.210112,-2.985663,-2.665588,4.213570,-2.985663,0.003500,0.000000,-2.665588,4.213570,-2.985663,0.003500,0.000000,-2.665588,4.213570,-2.985663,0.003500,0.000000,nan,nan,nan,nan,nan,0.000000,0
1788899875.982620,89.852282,-2.665045,4.210112,-2.985663,-2.665588,4.213570,-2.985663,0.003500,0.000000,-2.665588,4.213570,-2.985663,0.003500,0.000000,-2.665588,4.213570,-2.985663,0.003500,0.000000,nan,nan,nan,nan,nan,0.000000,0
1788899875.982620,89.852282,-2.665045,4.210112,-2.985663,-2.665588,4.213570,-2.985663,0.003500,0.000000,-2.665588,4.213570,-2.985663,0.003500,0.000000,-2.665588,4.213570,-2.985663,0.003500,0.000000,nan,nan,nan,nan,nan,0.000000,0
1788899876.051624,89.921286,-2.665045,4.210112,-2.985663,-2.665588,4.213570,-2.985663,0.003500,0.000000,-2.665588,4.213570,-2.985663,0.003500,0.000000,-2.665588,4.213570,-2.985663,0.003500,0.000000,nan,nan,nan,nan,nan,0.000000,0
1788899876.051624,89.921286,-2.665045,4.210112,-2.985663,-2.665588,4.213570,-2.985663,0.003500,0.000000,-2.665588,4.213570,-2.985663,0.003500,0.000000,-2.665588,4.213570,-2.985663,0.003500,0.000000,nan,nan,nan,nan,nan,0.000000,0
1788899876.104408,89.974070,-2.665045,4.210112,-2.985663,-2.665588,4.213570,-2.985663,0.003500,0.000000,-2.665588,4.213570,-2.985663,0.003500,0.000000,-2.665588,4.213570,-2.985663,0.003500,0.000000,nan,nan,nan,nan,nan,0.000000,0
1788899876.104408,89.974070,-2.665045,4.210112,-2.985663,-2.665588,4.213570,-2.985663,0.003500,0.000000,-2.665588,4.213570,-2.985663,0.003500,0.000000,-2.665588,4.213570,-2.985663,0.003500,0.000000,nan,nan,nan,nan,nan,0.000000,0
1788899876.154511,90.024173,-2.665045,4.210112,-2.985663,-2.665588,4.213570,-2.985663,0.003500,0.000000,-2.665588,4.213570,-2.985663,0.003500,0.000000,-2.665588,4.213570,-2.985663,0.003500,0.000000,nan,nan,nan,nan,nan,0.000000,0
1788899876.154511,90.024173,-2.665045,4.210112,-2.985663,-2.665588,4.213570,-2.985663,0.003500,0.000000,-2.665588,4.213570,-2.985663,0.003500,0.000000,-2.665588,4.213570,-2.985663,0.003500,0.000000,nan,nan,nan,nan,nan,0.000000,0
1788899876.204554,90.074216,-2.665045,4.210112,-2.985663,-2.665588,4.213570,-2.985663,0.003500,0.000000,-2.665588,4.213570,-2.985663,0.003500,0.000000,-2.665588,4.213570,-2.985663,0.003500,0.000000,nan,nan,nan,nan,nan,0.000000,0
1788899876.204554,90.074216,-2.665045,4.210112,-2.985663,-2.665588,4.213570,-2.985663,0.003500,0.000000,-2.665588,4.213570,-2.985663,0.003500,0.000000,-2.665588,4.213570,-2.985663,0.003500,0.000000,nan,nan,nan,nan,nan,0.000000,0
1788899876.257243,90.126905,-2.665045,4.210112,-2.985663,-2.665588,4.213570,-2.985663,0.003500,0.000000,-2.665588,4.213570,-2.985663,0.003500,0.000000,-2.665588,4.213570,-2.985663,0.003500,0.000000,nan,nan,nan,nan,nan,0.000000,0
1788899876.257243,90.126905,-2.665045,4.210112,-2.985663,-2.665588,4.213570,-2.985663,0.003500,0.000000,-2.665588,4.213570,-2.985663,0.003500,0.000000,-2.665588,4.213570,-2.985663,0.003500,0.000000,nan,nan,nan,nan,nan,0.000000,0
1788899876.326207,90.195868,-2.665045,4.210112,-2.985663,-2.665588,4.213570,-2.985663,0.003500,0.000000,-2.665588,4.213570,-2.985663,0.003500,0.000000,-2.665588,4.213570,-2.985663,0.003500,0.000000,nan,nan,nan,nan,nan,0.000000,0
1788899876.326207,90.195868,-2.665045,4.210112,-2.985663,-2.665588,4.213570,-2.985663,0.003500,0.000000,-2.665588,4.213570,-2.985663,0.003500,0.000000,-2.665588,4.213570,-2.985663,0.003500,0.000000,nan,nan,nan,nan,nan,0.000000,0
1788899876.376155,90.245817,-2.665045,4.210112,-2.985663,-2.665588,4.213570,-2.985663,0.003500,0.000000,-2.665588,4.213570,-2.985663,0.003500,0.000000,-2.665588,4.213570,-2.985663,0.003500,0.000000,nan,nan,nan,nan,nan,0.000000,0
1788899876.376155,90.245817,-2.665045,4.210112,-2.985663,-2.665588,4.213570,-2.985663,0.003500,0.000000,-2.665588,4.213570,-2.985663,0.003500,0.000000,-2.665588,4.213570,-2.985663,0.003500,0.000000,nan,nan,nan,nan,nan,0.000000,0
1788899876.426448,90.296110,-2.665045,4.210112,-2.985663,-2.665588,4.213570,-2.985663,0.003500,0.000000,-2.665588,4.213570,-2.985663,0.003500,0.000000,-2.665588,4.213570,-2.985663,0.003500,0.000000,nan,nan,nan,nan,nan,0.000000,0
1788899876.426448,90.296110,-2.665045,4.210112,-2.985663,-2.665588,4.213570,-2.985663,0.003500,0.000000,-2.665588,4.213570,-2.985663,0.003500,0.000000,-2.665588,4.213570,-2.985663,0.003500,0.000000,nan,nan,nan,nan,nan,0.000000,0
1788899876.476568,90.346230,-2.665045,4.210112,-2.985663,-2.665588,4.213570,-2.985663,0.003500,0.000000,-2.665588,4.213570,-2.985663,0.003500,0.000000,-2.665588,4.213570,-2.985663,0.003500,0.000000,nan,nan,nan,nan,nan,0.000000,0
1788899876.476568,90.346230,-2.665045,4.210112,-2.985663,-2.665588,4.213570,-2.985663,0.003500,0.000000,-2.665588,4.213570,-2.985663,0.003500,0.000000,-2.665588,4.213570,-2.985663,0.003500,0.000000,nan,nan,nan,nan,nan,0.000000,0
1788899876.527393,90.397054,-2.665029,4.210013,-2.985663,-2.665588,4.213570,-2.985663,0.003600,0.000000,-2.665588,4.213570,-2.985663,0.003600,0.000000,-2.665588,4.213570,-2.985663,0.003600,0.000000,nan,nan,nan,nan,nan,0.001968,0
1788899876.527393,90.397054,-2.665029,4.210013,-2.985663,-2.665588,4.213570,-2.985663,0.003600,0.000000,-2.665588,4.213570,-2.985663,0.003600,0.000000,-2.665588,4.213570,-2.985663,0.003600,0.000000,nan,nan,nan,nan,nan,0.001968,0
1788899876.578376,90.448038,-2.665029,4.210013,-2.985663,-2.665588,4.213570,-2.985663,0.003600,0.000000,-2.665588,4.213570,-2.985663,0.003600,0.000000,-2.665588,4.213570,-2.985663,0.003600,0.000000,nan,nan,nan,nan,nan,0.000000,0
1788899876.578376,90.448038,-2.665029,4.210013,-2.985663,-2.665588,4.213570,-2.985663,0.003600,0.000000,-2.665588,4.213570,-2.985663,0.003600,0.000000,-2.665588,4.213570,-2.985663,0.003600,0.000000,nan,nan,nan,nan,nan,0.000000,0
1788899876.628552,90.498214,-2.665029,4.210013,-2.985663,-2.665588,4.213570,-2.985663,0.003600,0.000000,-2.665588,4.213570,-2.985663,0.003600,0.000000,-2.665588,4.213570,-2.985663,0.003600,0.000000,nan,nan,nan,nan,nan,0.000000,0
1788899876.628552,90.498214,-2.665029,4.210013,-2.985663,-2.665588,4.213570,-2.985663,0.003600,0.000000,-2.665588,4.213570,-2.985663,0.003600,0.000000,-2.665588,4.213570,-2.985663,0.003600,0.000000,nan,nan,nan,nan,nan,0.000000,0
1788899876.680430,90.550092,-2.665029,4.210013,-2.985663,-2.665588,4.213570,-2.985663,0.003600,0.000000,-2.665588,4.213570,-2.985663,0.003600,0.000000,-2.665588,4.213570,-2.985663,0.003600,0.000000,nan,nan,nan,nan,nan,0.000000,0
1788899876.680430,90.550092,-2.665029,4.210013,-2.985663,-2.665588,4.213570,-2.985663,0.003600,0.000000,-2.665588,4.213570,-2.985663,0.003600,0.000000,-2.665588,4.213570,-2.985663,0.003600,0.000000,nan,nan,nan,nan,nan,0.000000,0
1788899876.776721,90.646383,-2.665029,4.210013,-2.985663,-2.665588,4.213570,-2.985663,0.003600,0.000000,-2.665588,4.213570,-2.985663,0.003600,0.000000,-2.665588,4.213570,-2.985663,0.003600,0.000000,nan,nan,nan,nan,nan,0.000000,0
1788899876.776721,90.646383,-2.665029,4.210013,-2.985663,-2.665588,4.213570,-2.985663,0.003600,0.000000,-2.665588,4.213570,-2.985663,0.003600,0.000000,-2.665588,4.213570,-2.985663,0.003600,0.000000,nan,nan,nan,nan,nan,0.000000,0
1788899876.827454,90.697116,-2.665029,4.210013,-2.985663,-2.665588,4.213570,-2.985663,0.003600,0.000000,-2.665588,4.213570,-2.985663,0.003600,0.000000,-2.665588,4.213570,-2.985663,0.003600,0.000000,nan,nan,nan,nan,nan,0.000000,0
1788899876.827454,90.697116,-2.665029,4.210013,-2.985663,-2.665588,4.213570,-2.985663,0.003600,0.000000,-2.665588,4.213570,-2.985663,0.003600,0.000000,-2.665588,4.213570,-2.985663,0.003600,0.000000,nan,nan,nan,nan,nan,0.000000,0
1788899876.877439,90.747100,-2.665029,4.210013,-2.985663,-2.665588,4.213570,-2.985663,0.003600,0.000000,-2.665588,4.213570,-2.985663,0.003600,0.000000,-2.665588,4.213570,-2.985663,0.003600,0.000000,nan,nan,nan,nan,nan,0.000000,0
1788899876.877439,90.747100,-2.665029,4.210013,-2.985663,-2.665588,4.213570,-2.985663,0.003600,0.000000,-2.665588,4.213570,-2.985663,0.003600,0.000000,-2.665588,4.213570,-2.985663,0.003600,0.000000,nan,nan,nan,nan,nan,0.000000,0
1788899876.927842,90.797504,-2.665029,4.210013,-2.985663,-2.665588,4.213570,-2.985663,0.003600,0.000000,-2.665588,4.213570,-2.985663,0.003600,0.000000,-2.665588,4.213570,-2.985663,0.003600,0.000000,nan,nan,nan,nan,nan,0.000000,0
1788899876.927842,90.797504,-2.665029,4.210013,-2.985663,-2.665588,4.213570,-2.985663,0.003600,0.000000,-2.665588,4.213570,-2.985663,0.003600,0.000000,-2.665588,4.213570,-2.985663,0.003600,0.000000,nan,nan,nan,nan,nan,0.000000,0
1788899876.978934,90.848596,-2.665029,4.210013,-2.985663,-2.665588,4.213570,-2.985663,0.003600,0.000000,-2.665588,4.213570,-2.985663,0.003600,0.000000,-2.665588,4.213570,-2.985663,0.003600,0.000000,nan,nan,nan,nan,nan,0.000000,0
1788899876.978934,90.848596,-2.665029,4.210013,-2.985663,-2.665588,4.213570,-2.985663,0.003600,0.000000,-2.665588,4.213570,-2.985663,0.003600,0.000000,-2.665588,4.213570,-2.985663,0.003600,0.000000,nan,nan,nan,nan,nan,0.000000,0
1788899877.029617,90.899279,-2.665029,4.210013,-2.985663,-2.665588,4.213570,-2.985663,0.003600,0.000000,-2.665588,4.213570,-2.985663,0.003600,0.000000,-2.665588,4.213570,-2.985663,0.003600,0.000000,nan,nan,nan,nan,nan,0.000000,0
1788899877.029617,90.899279,-2.665029,4.210013,-2.985663,-2.665588,4.213570,-2.985663,0.003600,0.000000,-2.665588,4.213570,-2.985663,0.003600,0.000000,-2.665588,4.213570,-2.985663,0.003600,0.000000,nan,nan,nan,nan,nan,0.000000,0
1788899877.079378,90.949040,-2.665029,4.210013,-2.985663,-2.665588,4.213570,-2.985663,0.003600,0.000000,-2.665588,4.213570,-2.985663,0.003600,0.000000,-2.665588,4.213570,-2.985663,0.003600,0.000000,nan,nan,nan,nan,nan,0.000000,0
1788899877.079378,90.949040,-2.665029,4.210013,-2.985663,-2.665588,4.213570,-2.985663,0.003600,0.000000,-2.665588,4.213570,-2.985663,0.003600,0.000000,-2.665588,4.213570,-2.985663,0.003600,0.000000,nan,nan,nan,nan,nan,0.000000,0
1788899877.129328,90.998990,-2.665029,4.210013,-2.985663,-2.665588,4.213570,-2.985663,0.003600,0.000000,-2.665588,4.213570,-2.985663,0.003600,0.000000,-2.665588,4.213570,-2.985663,0.003600,0.000000,nan,nan,nan,nan,nan,0.000000,0
1788899877.129328,90.998990,-2.665029,4.210013,-2.985663,-2.665588,4.213570,-2.985663,0.003600,0.000000,-2.665588,4.213570,-2.985663,0.003600,0.000000,-2.665588,4.213570,-2.985663,0.003600,0.000000,nan,nan,nan,nan,nan,0.000000,0
1788899877.179282,91.048944,-2.665029,4.210013,-2.985663,-2.665588,4.213570,-2.985663,0.003600,0.000000,-2.665588,4.213570,-2.985663,0.003600,0.000000,-2.665588,4.213570,-2.985663,0.003600,0.000000,nan,nan,nan,nan,nan,0.000000,0
1788899877.179282,91.048944,-2.665029,4.210013,-2.985663,-2.665588,4.213570,-2.985663,0.003600,0.000000,-2.665588,4.213570,-2.985663,0.003600,0.000000,-2.665588,4.213570,-2.985663,0.003600,0.000000,nan,nan,nan,nan,nan,0.000000,0
1788899877.229474,91.099136,-2.665029,4.210013,-2.985663,-2.665588,4.213570,-2.985663,0.003600,0.000000,-2.665588,4.213570,-2.985663,0.003600,0.000000,-2.665588,4.213570,-2.985663,0.003600,0.000000,nan,nan,nan,nan,nan,0.000000,0
1788899877.229474,91.099136,-2.665029,4.210013,-2.985663,-2.665588,4.213570,-2.985663,0.003600,0.000000,-2.665588,4.213570,-2.985663,0.003600,0.000000,-2.665588,4.213570,-2.985663,0.003600,0.000000,nan,nan,nan,nan,nan,0.000000,0
1788899877.280661,91.150323,-2.665029,4.210013,-2.985663,-2.665588,4.213570,-2.985663,0.003600,0.000000,-2.665588,4.213570,-2.985663,0.003600,0.000000,-2.665588,4.213570,-2.985663,0.003600,0.000000,nan,nan,nan,nan,nan,0.000000,0
1788899877.280661,91.150323,-2.665029,4.210013,-2.985663,-2.665588,4.213570,-2.985663,0.003600,0.000000,-2.665588,4.213570,-2.985663,0.003600,0.000000,-2.665588,4.213570,-2.985663,0.003600,0.000000,nan,nan,nan,nan,nan,0.000000,0
1788899877.330920,91.200582,-2.665029,4.210013,-2.985663,-2.665588,4.213570,-2.985663,0.003600,0.000000,-2.665588,4.213570,-2.985663,0.003600,0.000000,-2.665588,4.213570,-2.985663,0.003600,0.000000,nan,nan,nan,nan,nan,0.000000,0
1788899877.330920,91.200582,-2.665029,4.210013,-2.985663,-2.665588,4.213570,-2.985663,0.003600,0.000000,-2.665588,4.213570,-2.985663,0.003600,0.000000,-2.665588,4.213570,-2.985663,0.003600,0.000000,nan,nan,nan,nan,nan,0.000000,0
1788899877.380284,91.249945,-2.665029,4.210013,-2.985663,-2.665588,4.213570,-2.985663,0.003600,0.000000,-2.665588,4.213570,-2.985663,0.003600,0.000000,-2.665588,4.213570,-2.985663,0.003600,0.000000,nan,nan,nan,nan,nan,0.000000,0
1788899877.380284,91.249945,-2.665029,4.210013,-2.985663,-2.665588,4.213570,-2.985663,0.003600,0.000000,-2.665588,4.213570,-2.985663,0.003600,0.000000,-2.665588,4.213570,-2.985663,0.003600,0.000000,nan,nan,nan,nan,nan,0.000000,0
1788899877.431436,91.301097,-2.665029,4.210013,-2.985663,-2.665588,4.213570,-2.985663,0.003600,0.000000,-2.665588,4.213570,-2.985663,0.003600,0.000000,-2.665588,4.213570,-2.985663,0.003600,0.000000,nan,nan,nan,nan,nan,0.000000,0
1788899877.431436,91.301097,-2.665029,4.210013,-2.985663,-2.665588,4.213570,-2.985663,0.003600,0.000000,-2.665588,4.213570,-2.985663,0.003600,0.000000,-2.665588,4.213570,-2.985663,0.003600,0.000000,nan,nan,nan,nan,nan,0.000000,0
1788899877.481361,91.351023,-2.665029,4.210013,-2.985663,-2.665588,4.213570,-2.985663,0.003600,0.000000,-2.665588,4.213570,-2.985663,0.003600,0.000000,-2.665588,4.213570,-2.985663,0.003600,0.000000,nan,nan,nan,nan,nan,0.000000,0
1788899877.481361,91.351023,-2.665029,4.210013,-2.985663,-2.665588,4.213570,-2.985663,0.003600,0.000000,-2.665588,4.213570,-2.985663,0.003600,0.000000,-2.665588,4.213570,-2.985663,0.003600,0.000000,nan,nan,nan,nan,nan,0.000000,0
1788899877.531727,91.401388,-2.665029,4.210013,-2.985663,-2.665588,4.213570,-2.985663,0.003600,0.000000,-2.665588,4.213570,-2.985663,0.003600,0.000000,-2.665588,4.213570,-2.985663,0.003600,0.000000,nan,nan,nan,nan,nan,0.000000,0
1788899877.531727,91.401388,-2.665029,4.210013,-2.985663,-2.665588,4.213570,-2.985663,0.003600,0.000000,-2.665588,4.213570,-2.985663,0.003600,0.000000,-2.665588,4.213570,-2.985663,0.003600,0.000000,nan,nan,nan,nan,nan,0.000000,0
1788899877.601634,91.471296,-2.665029,4.210013,-2.985663,-2.665588,4.213570,-2.985663,0.003600,0.000000,-2.665588,4.213570,-2.985663,0.003600,0.000000,-2.665588,4.213570,-2.985663,0.003600,0.000000,nan,nan,nan,nan,nan,0.000000,0
1788899877.601634,91.471296,-2.665029,4.210013,-2.985663,-2.665588,4.213570,-2.985663,0.003600,0.000000,-2.665588,4.213570,-2.985663,0.003600,0.000000,-2.665588,4.213570,-2.985663,0.003600,0.000000,nan,nan,nan,nan,nan,0.000000,0
1788899877.652585,91.522246,-2.665029,4.210013,-2.985663,-2.665588,4.213570,-2.985663,0.003600,0.000000,-2.665588,4.213570,-2.985663,0.003600,0.000000,-2.665588,4.213570,-2.985663,0.003600,0.000000,nan,nan,nan,nan,nan,0.000000,0
1788899877.652585,91.522246,-2.665029,4.210013,-2.985663,-2.665588,4.213570,-2.985663,0.003600,0.000000,-2.665588,4.213570,-2.985663,0.003600,0.000000,-2.665588,4.213570,-2.985663,0.003600,0.000000,nan,nan,nan,nan,nan,0.000000,0
1788899877.702719,91.572381,-2.665029,4.210013,-2.985663,-2.665588,4.213570,-2.985663,0.003600,0.000000,-2.665588,4.213570,-2.985663,0.003600,0.000000,-2.665588,4.213570,-2.985663,0.003600,0.000000,nan,nan,nan,nan,nan,0.000000,0
1788899877.702719,91.572381,-2.665029,4.210013,-2.985663,-2.665588,4.213570,-2.985663,0.003600,0.000000,-2.665588,4.213570,-2.985663,0.003600,0.000000,-2.665588,4.213570,-2.985663,0.003600,0.000000,nan,nan,nan,nan,nan,0.000000,0
1788899877.753473,91.623135,-2.665029,4.210013,-2.985663,-2.665588,4.213570,-2.985663,0.003600,0.000000,-2.665588,4.213570,-2.985663,0.003600,0.000000,-2.665588,4.213570,-2.985663,0.003600,0.000000,nan,nan,nan,nan,nan,0.000000,0
1788899877.753473,91.623135,-2.665029,4.210013,-2.985663,-2.665588,4.213570,-2.985663,0.003600,0.000000,-2.665588,4.213570,-2.985663,0.003600,0.000000,-2.665588,4.213570,-2.985663,0.003600,0.000000,nan,nan,nan,nan,nan,0.000000,0
1788899877.803357,91.673018,-2.665029,4.210013,-2.985663,-2.665588,4.213570,-2.985663,0.003600,0.000000,-2.665588,4.213570,-2.985663,0.003600,0.000000,-2.665588,4.213570,-2.985663,0.003600,0.000000,nan,nan,nan,nan,nan,0.000000,0
1788899877.803357,91.673018,-2.665029,4.210013,-2.985663,-2.665588,4.213570,-2.985663,0.003600,0.000000,-2.665588,4.213570,-2.985663,0.003600,0.000000,-2.665588,4.213570,-2.985663,0.003600,0.000000,nan,nan,nan,nan,nan,0.000000,0
1788899877.853243,91.722904,-2.665029,4.210013,-2.985663,-2.665588,4.213570,-2.985663,0.003600,0.000000,-2.665588,4.213570,-2.985663,0.003600,0.000000,-2.665588,4.213570,-2.985663,0.003600,0.000000,nan,nan,nan,nan,nan,0.000000,0
1788899877.853243,91.722904,-2.665029,4.210013,-2.985663,-2.665588,4.213570,-2.985663,0.003600,0.000000,-2.665588,4.213570,-2.985663,0.003600,0.000000,-2.665588,4.213570,-2.985663,0.003600,0.000000,nan,nan,nan,nan,nan,0.000000,0
1788899877.904463,91.774125,-2.665029,4.210013,-2.985663,-2.665588,4.213570,-2.985663,0.003600,0.000000,-2.665588,4.213570,-2.985663,0.003600,0.000000,-2.665588,4.213570,-2.985663,0.003600,0.000000,nan,nan,nan,nan,nan,0.000000,0
1788899877.904463,91.774125,-2.665029,4.210013,-2.985663,-2.665588,4.213570,-2.985663,0.003600,0.000000,-2.665588,4.213570,-2.985663,0.003600,0.000000,-2.665588,4.213570,-2.985663,0.003600,0.000000,nan,nan,nan,nan,nan,0.000000,0
1788899877.955331,91.824993,-2.665029,4.210013,-2.985663,-2.665588,4.213570,-2.985663,0.003600,0.000000,-2.665588,4.213570,-2.985663,0.003600,0.000000,-2.665588,4.213570,-2.985663,0.003600,0.000000,nan,nan,nan,nan,nan,0.000000,0
1788899877.955331,91.824993,-2.665029,4.210013,-2.985663,-2.665588,4.213570,-2.985663,0.003600,0.000000,-2.665588,4.213570,-2.985663,0.003600,0.000000,-2.665588,4.213570,-2.985663,0.003600,0.000000,nan,nan,nan,nan,nan,0.000000,0
1788899878.005709,91.875371,-2.665029,4.210013,-2.985663,-2.665588,4.213570,-2.985663,0.003600,0.000000,-2.665588,4.213570,-2.985663,0.003600,0.000000,-2.665588,4.213570,-2.985663,0.003600,0.000000,nan,nan,nan,nan,nan,0.000000,0
1788899878.005709,91.875371,-2.665029,4.210013,-2.985663,-2.665588,4.213570,-2.985663,0.003600,0.000000,-2.665588,4.213570,-2.985663,0.003600,0.000000,-2.665588,4.213570,-2.985663,0.003600,0.000000,nan,nan,nan,nan,nan,0.000000,0
1788899878.055576,91.925237,-2.665029,4.210013,-2.985663,-2.665588,4.213570,-2.985663,0.003600,0.000000,-2.665588,4.213570,-2.985663,0.003600,0.000000,-2.665588,4.213570,-2.985663,0.003600,0.000000,nan,nan,nan,nan,nan,0.000000,0
1788899878.055576,91.925237,-2.665029,4.210013,-2.985663,-2.665588,4.213570,-2.985663,0.003600,0.000000,-2.665588,4.213570,-2.985663,0.003600,0.000000,-2.665588,4.213570,-2.985663,0.003600,0.000000,nan,nan,nan,nan,nan,0.000000,0
1788899878.105686,91.975348,-2.665029,4.210013,-2.985663,-2.665588,4.213570,-2.985663,0.003600,0.000000,-2.665588,4.213570,-2.985663,0.003600,0.000000,-2.665588,4.213570,-2.985663,0.003600,0.000000,nan,nan,nan,nan,nan,0.000000,0
1788899878.105686,91.975348,-2.665029,4.210013,-2.985663,-2.665588,4.213570,-2.985663,0.003600,0.000000,-2.665588,4.213570,-2.985663,0.003600,0.000000,-2.665588,4.213570,-2.985663,0.003600,0.000000,nan,nan,nan,nan,nan,0.000000,0
1788899878.158703,92.028365,-2.665029,4.210013,-2.985663,-2.665588,4.213570,-2.985663,0.003600,0.000000,-2.665588,4.213570,-2.985663,0.003600,0.000000,-2.665588,4.213570,-2.985663,0.003600,0.000000,nan,nan,nan,nan,nan,0.000000,0
1788899878.158703,92.028365,-2.665029,4.210013,-2.985663,-2.665588,4.213570,-2.985663,0.003600,0.000000,-2.665588,4.213570,-2.985663,0.003600,0.000000,-2.665588,4.213570,-2.985663,0.003600,0.000000,nan,nan,nan,nan,nan,0.000000,0
1788899878.226356,92.096017,-2.665029,4.210013,-2.985663,-2.665588,4.213570,-2.985663,0.003600,0.000000,-2.665588,4.213570,-2.985663,0.003600,0.000000,-2.665588,4.213570,-2.985663,0.003600,0.000000,nan,nan,nan,nan,nan,0.000000,0
1788899878.226356,92.096017,-2.665029,4.210013,-2.985663,-2.665588,4.213570,-2.985663,0.003600,0.000000,-2.665588,4.213570,-2.985663,0.003600,0.000000,-2.665588,4.213570,-2.985663,0.003600,0.000000,nan,nan,nan,nan,nan,0.000000,0
1788899878.276215,92.145877,-2.665029,4.210013,-2.985663,-2.665588,4.213570,-2.985663,0.003600,0.000000,-2.665588,4.213570,-2.985663,0.003600,0.000000,-2.665588,4.213570,-2.985663,0.003600,0.000000,nan,nan,nan,nan,nan,0.000000,0
1788899878.276215,92.145877,-2.665029,4.210013,-2.985663,-2.665588,4.213570,-2.985663,0.003600,0.000000,-2.665588,4.213570,-2.985663,0.003600,0.000000,-2.665588,4.213570,-2.985663,0.003600,0.000000,nan,nan,nan,nan,nan,0.000000,0
1788899878.327300,92.196962,-2.665029,4.210013,-2.985663,-2.665588,4.213570,-2.985663,0.003600,0.000000,-2.665588,4.213570,-2.985663,0.003600,0.000000,-2.665588,4.213570,-2.985663,0.003600,0.000000,nan,nan,nan,nan,nan,0.000000,0
1788899878.327300,92.196962,-2.665029,4.210013,-2.985663,-2.665588,4.213570,-2.985663,0.003600,0.000000,-2.665588,4.213570,-2.985663,0.003600,0.000000,-2.665588,4.213570,-2.985663,0.003600,0.000000,nan,nan,nan,nan,nan,0.000000,0
1788899878.377402,92.247064,-2.665029,4.210013,-2.985663,-2.665588,4.213570,-2.985663,0.003600,0.000000,-2.665588,4.213570,-2.985663,0.003600,0.000000,-2.665588,4.213570,-2.985663,0.003600,0.000000,nan,nan,nan,nan,nan,0.000000,0
1788899878.377402,92.247064,-2.665029,4.210013,-2.985663,-2.665588,4.213570,-2.985663,0.003600,0.000000,-2.665588,4.213570,-2.985663,0.003600,0.000000,-2.665588,4.213570,-2.985663,0.003600,0.000000,nan,nan,nan,nan,nan,0.000000,0
1788899878.428085,92.297746,-2.665029,4.210013,-2.985663,-2.665588,4.213570,-2.985663,0.003600,0.000000,-2.665588,4.213570,-2.985663,0.003600,0.000000,-2.665588,4.213570,-2.985663,0.003600,0.000000,nan,nan,nan,nan,nan,0.000000,0
1788899878.428085,92.297746,-2.665029,4.210013,-2.985663,-2.665588,4.213570,-2.985663,0.003600,0.000000,-2.665588,4.213570,-2.985663,0.003600,0.000000,-2.665588,4.213570,-2.985663,0.003600,0.000000,nan,nan,nan,nan,nan,0.000000,0
1788899878.478374,92.348036,-2.665029,4.210013,-2.985663,-2.665588,4.213570,-2.985663,0.003600,0.000000,-2.665588,4.213570,-2.985663,0.003600,0.000000,-2.665588,4.213570,-2.985663,0.003600,0.000000,nan,nan,nan,nan,nan,0.000000,0
1788899878.478374,92.348036,-2.665029,4.210013,-2.985663,-2.665588,4.213570,-2.985663,0.003600,0.000000,-2.665588,4.213570,-2.985663,0.003600,0.000000,-2.665588,4.213570,-2.985663,0.003600,0.000000,nan,nan,nan,nan,nan,0.000000,0
1788899878.528613,92.398275,-2.665029,4.210013,-2.985663,-2.665588,4.213570,-2.985663,0.003600,0.000000,-2.665588,4.213570,-2.985663,0.003600,0.000000,-2.665588,4.213570,-2.985663,0.003600,0.000000,nan,nan,nan,nan,nan,0.000000,0
1788899878.528613,92.398275,-2.665029,4.210013,-2.985663,-2.665588,4.213570,-2.985663,0.003600,0.000000,-2.665588,4.213570,-2.985663,0.003600,0.000000,-2.665588,4.213570,-2.985663,0.003600,0.000000,nan,nan,nan,nan,nan,0.000000,0
1788899878.578387,92.448048,-2.665029,4.210013,-2.985663,-2.665588,4.213570,-2.985663,0.003600,0.000000,-2.665588,4.213570,-2.985663,0.003600,0.000000,-2.665588,4.213570,-2.985663,0.003600,0.000000,nan,nan,nan,nan,nan,0.000000,0
1788899878.578387,92.448048,-2.665029,4.210013,-2.985663,-2.665588,4.213570,-2.985663,0.003600,0.000000,-2.665588,4.213570,-2.985663,0.003600,0.000000,-2.665588,4.213570,-2.985663,0.003600,0.000000,nan,nan,nan,nan,nan,0.000000,0
1788899878.630136,92.499798,-2.665029,4.210013,-2.985663,-2.665588,4.213570,-2.985663,0.003600,0.000000,-2.665588,4.213570,-2.985663,0.003600,0.000000,-2.665588,4.213570,-2.985663,0.003600,0.000000,nan,nan,nan,nan,nan,0.000000,0
1788899878.630136,92.499798,-2.665029,4.210013,-2.985663,-2.665588,4.213570,-2.985663,0.003600,0.000000,-2.665588,4.213570,-2.985663,0.003600,0.000000,-2.665588,4.213570,-2.985663,0.003600,0.000000,nan,nan,nan,nan,nan,0.000000,0
1788899878.681641,92.551303,-2.665029,4.210013,-2.985663,-2.665588,4.213570,-2.985663,0.003600,0.000000,-2.665588,4.213570,-2.985663,0.003600,0.000000,-2.665588,4.213570,-2.985663,0.003600,0.000000,nan,nan,nan,nan,nan,0.000000,0
1788899878.681641,92.551303,-2.665029,4.210013,-2.985663,-2.665588,4.213570,-2.985663,0.003600,0.000000,-2.665588,4.213570,-2.985663,0.003600,0.000000,-2.665588,4.213570,-2.985663,0.003600,0.000000,nan,nan,nan,nan,nan,0.000000,0
1788899878.731191,92.600853,-2.665014,4.209914,-2.985663,-2.665588,4.213570,-2.985663,0.003700,0.000000,-2.665588,4.213570,-2.985663,0.003700,0.000000,-2.665588,4.213570,-2.985663,0.003700,0.000000,nan,nan,nan,nan,nan,0.002018,0
1788899878.731191,92.600853,-2.665014,4.209914,-2.985663,-2.665588,4.213570,-2.985663,0.003700,0.000000,-2.665588,4.213570,-2.985663,0.003700,0.000000,-2.665588,4.213570,-2.985663,0.003700,0.000000,nan,nan,nan,nan,nan,0.002018,0
1788899878.781300,92.650962,-2.665014,4.209914,-2.985663,-2.665588,4.213570,-2.985663,0.003700,0.000000,-2.665588,4.213570,-2.985663,0.003700,0.000000,-2.665588,4.213570,-2.985663,0.003700,0.000000,nan,nan,nan,nan,nan,0.000000,0
1788899878.781300,92.650962,-2.665014,4.209914,-2.985663,-2.665588,4.213570,-2.985663,0.003700,0.000000,-2.665588,4.213570,-2.985663,0.003700,0.000000,-2.665588,4.213570,-2.985663,0.003700,0.000000,nan,nan,nan,nan,nan,0.000000,0
1788899878.831767,92.701429,-2.665014,4.209914,-2.985663,-2.665588,4.213570,-2.985663,0.003700,0.000000,-2.665588,4.213570,-2.985663,0.003700,0.000000,-2.665588,4.213570,-2.985663,0.003700,0.000000,nan,nan,nan,nan,nan,0.000000,0
1788899878.831767,92.701429,-2.665014,4.209914,-2.985663,-2.665588,4.213570,-2.985663,0.003700,0.000000,-2.665588,4.213570,-2.985663,0.003700,0.000000,-2.665588,4.213570,-2.985663,0.003700,0.000000,nan,nan,nan,nan,nan,0.000000,0
1788899878.881492,92.751154,-2.665014,4.209914,-2.985663,-2.665588,4.213570,-2.985663,0.003700,0.000000,-2.665588,4.213570,-2.985663,0.003700,0.000000,-2.665588,4.213570,-2.985663,0.003700,0.000000,nan,nan,nan,nan,nan,0.000000,0
1788899878.881492,92.751154,-2.665014,4.209914,-2.985663,-2.665588,4.213570,-2.985663,0.003700,0.000000,-2.665588,4.213570,-2.985663,0.003700,0.000000,-2.665588,4.213570,-2.985663,0.003700,0.000000,nan,nan,nan,nan,nan,0.000000,0
1788899878.932845,92.802506,-2.665014,4.209914,-2.985663,-2.665588,4.213570,-2.985663,0.003700,0.000000,-2.665588,4.213570,-2.985663,0.003700,0.000000,-2.665588,4.213570,-2.985663,0.003700,0.000000,nan,nan,nan,nan,nan,0.000000,0
1788899878.932845,92.802506,-2.665014,4.209914,-2.985663,-2.665588,4.213570,-2.985663,0.003700,0.000000,-2.665588,4.213570,-2.985663,0.003700,0.000000,-2.665588,4.213570,-2.985663,0.003700,0.000000,nan,nan,nan,nan,nan,0.000000,0
1788899879.001282,92.870944,-2.665014,4.209914,-2.985663,-2.665588,4.213570,-2.985663,0.003700,0.000000,-2.665588,4.213570,-2.985663,0.003700,0.000000,-2.665588,4.213570,-2.985663,0.003700,0.000000,nan,nan,nan,nan,nan,0.000000,0
1788899879.001282,92.870944,-2.665014,4.209914,-2.985663,-2.665588,4.213570,-2.985663,0.003700,0.000000,-2.665588,4.213570,-2.985663,0.003700,0.000000,-2.665588,4.213570,-2.985663,0.003700,0.000000,nan,nan,nan,nan,nan,0.000000,0
1788899879.053165,92.922827,-2.665014,4.209914,-2.985663,-2.665588,4.213570,-2.985663,0.003700,0.000000,-2.665588,4.213570,-2.985663,0.003700,0.000000,-2.665588,4.213570,-2.985663,0.003700,0.000000,nan,nan,nan,nan,nan,0.000000,0
1788899879.053165,92.922827,-2.665014,4.209914,-2.985663,-2.665588,4.213570,-2.985663,0.003700,0.000000,-2.665588,4.213570,-2.985663,0.003700,0.000000,-2.665588,4.213570,-2.985663,0.003700,0.000000,nan,nan,nan,nan,nan,0.000000,0
1788899879.104452,92.974114,-2.665014,4.209914,-2.985663,-2.665588,4.213570,-2.985663,0.003700,0.000000,-2.665588,4.213570,-2.985663,0.003700,0.000000,-2.665588,4.213570,-2.985663,0.003700,0.000000,nan,nan,nan,nan,nan,0.000000,0
1788899879.104452,92.974114,-2.665014,4.209914,-2.985663,-2.665588,4.213570,-2.985663,0.003700,0.000000,-2.665588,4.213570,-2.985663,0.003700,0.000000,-2.665588,4.213570,-2.985663,0.003700,0.000000,nan,nan,nan,nan,nan,0.000000,0
1788899879.155257,93.024919,-2.665014,4.209914,-2.985663,-2.665588,4.213570,-2.985663,0.003700,0.000000,-2.665588,4.213570,-2.985663,0.003700,0.000000,-2.665588,4.213570,-2.985663,0.003700,0.000000,nan,nan,nan,nan,nan,0.000000,0
1788899879.155257,93.024919,-2.665014,4.209914,-2.985663,-2.665588,4.213570,-2.985663,0.003700,0.000000,-2.665588,4.213570,-2.985663,0.003700,0.000000,-2.665588,4.213570,-2.985663,0.003700,0.000000,nan,nan,nan,nan,nan,0.000000,0
1788899879.206331,93.075993,-2.665014,4.209914,-2.985663,-2.665588,4.213570,-2.985663,0.003700,0.000000,-2.665588,4.213570,-2.985663,0.003700,0.000000,-2.665588,4.213570,-2.985663,0.003700,0.000000,nan,nan,nan,nan,nan,0.000000,0
1788899879.206331,93.075993,-2.665014,4.209914,-2.985663,-2.665588,4.213570,-2.985663,0.003700,0.000000,-2.665588,4.213570,-2.985663,0.003700,0.000000,-2.665588,4.213570,-2.985663,0.003700,0.000000,nan,nan,nan,nan,nan,0.000000,0
1788899879.256293,93.125955,-2.665014,4.209914,-2.985663,-2.665588,4.213570,-2.985663,0.003700,0.000000,-2.665588,4.213570,-2.985663,0.003700,0.000000,-2.665588,4.213570,-2.985663,0.003700,0.000000,nan,nan,nan,nan,nan,0.000000,0
1788899879.256293,93.125955,-2.665014,4.209914,-2.985663,-2.665588,4.213570,-2.985663,0.003700,0.000000,-2.665588,4.213570,-2.985663,0.003700,0.000000,-2.665588,4.213570,-2.985663,0.003700,0.000000,nan,nan,nan,nan,nan,0.000000,0
1788899879.306568,93.176230,-2.665014,4.209914,-2.985663,-2.665588,4.213570,-2.985663,0.003700,0.000000,-2.665588,4.213570,-2.985663,0.003700,0.000000,-2.665588,4.213570,-2.985663,0.003700,0.000000,nan,nan,nan,nan,nan,0.000000,0
1788899879.306568,93.176230,-2.665014,4.209914,-2.985663,-2.665588,4.213570,-2.985663,0.003700,0.000000,-2.665588,4.213570,-2.985663,0.003700,0.000000,-2.665588,4.213570,-2.985663,0.003700,0.000000,nan,nan,nan,nan,nan,0.000000,0
1788899879.357707,93.227369,-2.665014,4.209914,-2.985663,-2.665588,4.213570,-2.985663,0.003700,0.000000,-2.665588,4.213570,-2.985663,0.003700,0.000000,-2.665588,4.213570,-2.985663,0.003700,0.000000,nan,nan,nan,nan,nan,0.000000,0
1788899879.357707,93.227369,-2.665014,4.209914,-2.985663,-2.665588,4.213570,-2.985663,0.003700,0.000000,-2.665588,4.213570,-2.985663,0.003700,0.000000,-2.665588,4.213570,-2.985663,0.003700,0.000000,nan,nan,nan,nan,nan,0.000000,0
1788899879.426147,93.295809,-2.665014,4.209914,-2.985663,-2.665588,4.213570,-2.985663,0.003700,0.000000,-2.665588,4.213570,-2.985663,0.003700,0.000000,-2.665588,4.213570,-2.985663,0.003700,0.000000,nan,nan,nan,nan,nan,0.000000,0
1788899879.426147,93.295809,-2.665014,4.209914,-2.985663,-2.665588,4.213570,-2.985663,0.003700,0.000000,-2.665588,4.213570,-2.985663,0.003700,0.000000,-2.665588,4.213570,-2.985663,0.003700,0.000000,nan,nan,nan,nan,nan,0.000000,0
1788899879.476433,93.346095,-2.665014,4.209914,-2.985663,-2.665588,4.213570,-2.985663,0.003700,0.000000,-2.665588,4.213570,-2.985663,0.003700,0.000000,-2.665588,4.213570,-2.985663,0.003700,0.000000,nan,nan,nan,nan,nan,0.000000,0
1788899879.476433,93.346095,-2.665014,4.209914,-2.985663,-2.665588,4.213570,-2.985663,0.003700,0.000000,-2.665588,4.213570,-2.985663,0.003700,0.000000,-2.665588,4.213570,-2.985663,0.003700,0.000000,nan,nan,nan,nan,nan,0.000000,0
1788899879.526570,93.396232,-2.665014,4.209914,-2.985663,-2.665588,4.213570,-2.985663,0.003700,0.000000,-2.665588,4.213570,-2.985663,0.003700,0.000000,-2.665588,4.213570,-2.985663,0.003700,0.000000,nan,nan,nan,nan,nan,0.000000,0
1788899879.526570,93.396232,-2.665014,4.209914,-2.985663,-2.665588,4.213570,-2.985663,0.003700,0.000000,-2.665588,4.213570,-2.985663,0.003700,0.000000,-2.665588,4.213570,-2.985663,0.003700,0.000000,nan,nan,nan,nan,nan,0.000000,0
1788899879.576238,93.445899,-2.665014,4.209914,-2.985663,-2.665588,4.213570,-2.985663,0.003700,0.000000,-2.665588,4.213570,-2.985663,0.003700,0.000000,-2.665588,4.213570,-2.985663,0.003700,0.000000,nan,nan,nan,nan,nan,0.000000,0
1788899879.576238,93.445899,-2.665014,4.209914,-2.985663,-2.665588,4.213570,-2.985663,0.003700,0.000000,-2.665588,4.213570,-2.985663,0.003700,0.000000,-2.665588,4.213570,-2.985663,0.003700,0.000000,nan,nan,nan,nan,nan,0.000000,0
1788899879.626664,93.496326,-2.665014,4.209914,-2.985663,-2.665588,4.213570,-2.985663,0.003700,0.000000,-2.665588,4.213570,-2.985663,0.003700,0.000000,-2.665588,4.213570,-2.985663,0.003700,0.000000,nan,nan,nan,nan,nan,0.000000,0
1788899879.626664,93.496326,-2.665014,4.209914,-2.985663,-2.665588,4.213570,-2.985663,0.003700,0.000000,-2.665588,4.213570,-2.985663,0.003700,0.000000,-2.665588,4.213570,-2.985663,0.003700,0.000000,nan,nan,nan,nan,nan,0.000000,0
1788899879.677242,93.546903,-2.665014,4.209914,-2.985663,-2.665588,4.213570,-2.985663,0.003700,0.000000,-2.665588,4.213570,-2.985663,0.003700,0.000000,-2.665588,4.213570,-2.985663,0.003700,0.000000,nan,nan,nan,nan,nan,0.000000,0
1788899879.677242,93.546903,-2.665014,4.209914,-2.985663,-2.665588,4.213570,-2.985663,0.003700,0.000000,-2.665588,4.213570,-2.985663,0.003700,0.000000,-2.665588,4.213570,-2.985663,0.003700,0.000000,nan,nan,nan,nan,nan,0.000000,0
1788899879.727177,93.596839,-2.665014,4.209914,-2.985663,-2.665588,4.213570,-2.985663,0.003700,0.000000,-2.665588,4.213570,-2.985663,0.003700,0.000000,-2.665588,4.213570,-2.985663,0.003700,0.000000,nan,nan,nan,nan,nan,0.000000,0
1788899879.727177,93.596839,-2.665014,4.209914,-2.985663,-2.665588,4.213570,-2.985663,0.003700,0.000000,-2.665588,4.213570,-2.985663,0.003700,0.000000,-2.665588,4.213570,-2.985663,0.003700,0.000000,nan,nan,nan,nan,nan,0.000000,0
1788899879.777522,93.647184,-2.665014,4.209914,-2.985663,-2.665588,4.213570,-2.985663,0.003700,0.000000,-2.665588,4.213570,-2.985663,0.003700,0.000000,-2.665588,4.213570,-2.985663,0.003700,0.000000,nan,nan,nan,nan,nan,0.000000,0
1788899879.777522,93.647184,-2.665014,4.209914,-2.985663,-2.665588,4.213570,-2.985663,0.003700,0.000000,-2.665588,4.213570,-2.985663,0.003700,0.000000,-2.665588,4.213570,-2.985663,0.003700,0.000000,nan,nan,nan,nan,nan,0.000000,0
1788899879.827691,93.697353,-2.665014,4.209914,-2.985663,-2.665588,4.213570,-2.985663,0.003700,0.000000,-2.665588,4.213570,-2.985663,0.003700,0.000000,-2.665588,4.213570,-2.985663,0.003700,0.000000,nan,nan,nan,nan,nan,0.000000,0
1788899879.827691,93.697353,-2.665014,4.209914,-2.985663,-2.665588,4.213570,-2.985663,0.003700,0.000000,-2.665588,4.213570,-2.985663,0.003700,0.000000,-2.665588,4.213570,-2.985663,0.003700,0.000000,nan,nan,nan,nan,nan,0.000000,0
1788899879.877922,93.747583,-2.665014,4.209914,-2.985663,-2.665588,4.213570,-2.985663,0.003700,0.000000,-2.665588,4.213570,-2.985663,0.003700,0.000000,-2.665588,4.213570,-2.985663,0.003700,0.000000,nan,nan,nan,nan,nan,0.000000,0
1788899879.877922,93.747583,-2.665014,4.209914,-2.985663,-2.665588,4.213570,-2.985663,0.003700,0.000000,-2.665588,4.213570,-2.985663,0.003700,0.000000,-2.665588,4.213570,-2.985663,0.003700,0.000000,nan,nan,nan,nan,nan,0.000000,0
1788899879.930144,93.799806,-2.665014,4.209914,-2.985663,-2.665588,4.213570,-2.985663,0.003700,0.000000,-2.665588,4.213570,-2.985663,0.003700,0.000000,-2.665588,4.213570,-2.985663,0.003700,0.000000,nan,nan,nan,nan,nan,0.000000,0
1788899879.930144,93.799806,-2.665014,4.209914,-2.985663,-2.665588,4.213570,-2.985663,0.003700,0.000000,-2.665588,4.213570,-2.985663,0.003700,0.000000,-2.665588,4.213570,-2.985663,0.003700,0.000000,nan,nan,nan,nan,nan,0.000000,0
1788899879.981712,93.851374,-2.665014,4.209914,-2.985663,-2.665588,4.213570,-2.985663,0.003700,0.000000,-2.665588,4.213570,-2.985663,0.003700,0.000000,-2.665588,4.213570,-2.985663,0.003700,0.000000,nan,nan,nan,nan,nan,0.000000,0
1788899879.981712,93.851374,-2.665014,4.209914,-2.985663,-2.665588,4.213570,-2.985663,0.003700,0.000000,-2.665588,4.213570,-2.985663,0.003700,0.000000,-2.665588,4.213570,-2.985663,0.003700,0.000000,nan,nan,nan,nan,nan,0.000000,0
1788899880.031709,93.901371,-2.665014,4.209914,-2.985663,-2.665588,4.213570,-2.985663,0.003700,0.000000,-2.665588,4.213570,-2.985663,0.003700,0.000000,-2.665588,4.213570,-2.985663,0.003700,0.000000,nan,nan,nan,nan,nan,0.000000,0
1788899880.031709,93.901371,-2.665014,4.209914,-2.985663,-2.665588,4.213570,-2.985663,0.003700,0.000000,-2.665588,4.213570,-2.985663,0.003700,0.000000,-2.665588,4.213570,-2.985663,0.003700,0.000000,nan,nan,nan,nan,nan,0.000000,0
1788899880.081473,93.951135,-2.665014,4.209914,-2.985663,-2.665588,4.213570,-2.985663,0.003700,0.000000,-2.665588,4.213570,-2.985663,0.003700,0.000000,-2.665588,4.213570,-2.985663,0.003700,0.000000,nan,nan,nan,nan,nan,0.000000,0
1788899880.081473,93.951135,-2.665014,4.209914,-2.985663,-2.665588,4.213570,-2.985663,0.003700,0.000000,-2.665588,4.213570,-2.985663,0.003700,0.000000,-2.665588,4.213570,-2.985663,0.003700,0.000000,nan,nan,nan,nan,nan,0.000000,0
1788899880.132154,94.001816,-2.665014,4.209914,-2.985663,-2.665588,4.213570,-2.985663,0.003700,0.000000,-2.665588,4.213570,-2.985663,0.003700,0.000000,-2.665588,4.213570,-2.985663,0.003700,0.000000,nan,nan,nan,nan,nan,0.000000,0
1788899880.132154,94.001816,-2.665014,4.209914,-2.985663,-2.665588,4.213570,-2.985663,0.003700,0.000000,-2.665588,4.213570,-2.985663,0.003700,0.000000,-2.665588,4.213570,-2.985663,0.003700,0.000000,nan,nan,nan,nan,nan,0.000000,0
1788899880.201782,94.071444,-2.665014,4.209914,-2.985663,-2.665588,4.213570,-2.985663,0.003700,0.000000,-2.665588,4.213570,-2.985663,0.003700,0.000000,-2.665588,4.213570,-2.985663,0.003700,0.000000,nan,nan,nan,nan,nan,0.000000,0
1788899880.201782,94.071444,-2.665014,4.209914,-2.985663,-2.665588,4.213570,-2.985663,0.003700,0.000000,-2.665588,4.213570,-2.985663,0.003700,0.000000,-2.665588,4.213570,-2.985663,0.003700,0.000000,nan,nan,nan,nan,nan,0.000000,0
1788899880.252619,94.122280,-2.665014,4.209914,-2.985663,-2.665588,4.213570,-2.985663,0.003700,0.000000,-2.665588,4.213570,-2.985663,0.003700,0.000000,-2.665588,4.213570,-2.985663,0.003700,0.000000,nan,nan,nan,nan,nan,0.000000,0
1788899880.252619,94.122280,-2.665014,4.209914,-2.985663,-2.665588,4.213570,-2.985663,0.003700,0.000000,-2.665588,4.213570,-2.985663,0.003700,0.000000,-2.665588,4.213570,-2.985663,0.003700,0.000000,nan,nan,nan,nan,nan,0.000000,0
1788899880.302973,94.172635,-2.665014,4.209914,-2.985663,-2.665588,4.213570,-2.985663,0.003700,0.000000,-2.665588,4.213570,-2.985663,0.003700,0.000000,-2.665588,4.213570,-2.985663,0.003700,0.000000,nan,nan,nan,nan,nan,0.000000,0
1788899880.302973,94.172635,-2.665014,4.209914,-2.985663,-2.665588,4.213570,-2.985663,0.003700,0.000000,-2.665588,4.213570,-2.985663,0.003700,0.000000,-2.665588,4.213570,-2.985663,0.003700,0.000000,nan,nan,nan,nan,nan,0.000000,0
1788899880.353545,94.223207,-2.665014,4.209914,-2.985663,-2.665588,4.213570,-2.985663,0.003700,0.000000,-2.665588,4.213570,-2.985663,0.003700,0.000000,-2.665588,4.213570,-2.985663,0.003700,0.000000,nan,nan,nan,nan,nan,0.000000,0
1788899880.353545,94.223207,-2.665014,4.209914,-2.985663,-2.665588,4.213570,-2.985663,0.003700,0.000000,-2.665588,4.213570,-2.985663,0.003700,0.000000,-2.665588,4.213570,-2.985663,0.003700,0.000000,nan,nan,nan,nan,nan,0.000000,0
1788899880.403256,94.272918,-2.665014,4.209914,-2.985663,-2.665588,4.213570,-2.985663,0.003700,0.000000,-2.665588,4.213570,-2.985663,0.003700,0.000000,-2.665588,4.213570,-2.985663,0.003700,0.000000,nan,nan,nan,nan,nan,0.000000,0
1788899880.403256,94.272918,-2.665014,4.209914,-2.985663,-2.665588,4.213570,-2.985663,0.003700,0.000000,-2.665588,4.213570,-2.985663,0.003700,0.000000,-2.665588,4.213570,-2.985663,0.003700,0.000000,nan,nan,nan,nan,nan,0.000000,0
1788899880.452988,94.322649,-2.665014,4.209914,-2.985663,-2.665588,4.213570,-2.985663,0.003700,0.000000,-2.665588,4.213570,-2.985663,0.003700,0.000000,-2.665588,4.213570,-2.985663,0.003700,0.000000,nan,nan,nan,nan,nan,0.000000,0
1788899880.452988,94.322649,-2.665014,4.209914,-2.985663,-2.665588,4.213570,-2.985663,0.003700,0.000000,-2.665588,4.213570,-2.985663,0.003700,0.000000,-2.665588,4.213570,-2.985663,0.003700,0.000000,nan,nan,nan,nan,nan,0.000000,0
1788899880.503569,94.373231,-2.665014,4.209914,-2.985663,-2.665588,4.213570,-2.985663,0.003700,0.000000,-2.665588,4.213570,-2.985663,0.003700,0.000000,-2.665588,4.213570,-2.985663,0.003700,0.000000,nan,nan,nan,nan,nan,0.000000,0
1788899880.503569,94.373231,-2.665014,4.209914,-2.985663,-2.665588,4.213570,-2.985663,0.003700,0.000000,-2.665588,4.213570,-2.985663,0.003700,0.000000,-2.665588,4.213570,-2.985663,0.003700,0.000000,nan,nan,nan,nan,nan,0.000000,0
1788899880.553687,94.423349,-2.665014,4.209914,-2.985663,-2.665588,4.213570,-2.985663,0.003700,0.000000,-2.665588,4.213570,-2.985663,0.003700,0.000000,-2.665588,4.213570,-2.985663,0.003700,0.000000,nan,nan,nan,nan,nan,0.000000,0
1788899880.553687,94.423349,-2.665014,4.209914,-2.985663,-2.665588,4.213570,-2.985663,0.003700,0.000000,-2.665588,4.213570,-2.985663,0.003700,0.000000,-2.665588,4.213570,-2.985663,0.003700,0.000000,nan,nan,nan,nan,nan,0.000000,0
1788899880.603837,94.473499,-2.665014,4.209914,-2.985663,-2.665588,4.213570,-2.985663,0.003700,0.000000,-2.665588,4.213570,-2.985663,0.003700,0.000000,-2.665588,4.213570,-2.985663,0.003700,0.000000,nan,nan,nan,nan,nan,0.000000,0
1788899880.603837,94.473499,-2.665014,4.209914,-2.985663,-2.665588,4.213570,-2.985663,0.003700,0.000000,-2.665588,4.213570,-2.985663,0.003700,0.000000,-2.665588,4.213570,-2.985663,0.003700,0.000000,nan,nan,nan,nan,nan,0.000000,0
1788899880.654520,94.524182,-2.665014,4.209914,-2.985663,-2.665588,4.213570,-2.985663,0.003700,0.000000,-2.665588,4.213570,-2.985663,0.003700,0.000000,-2.665588,4.213570,-2.985663,0.003700,0.000000,nan,nan,nan,nan,nan,0.000000,0
1788899880.654520,94.524182,-2.665014,4.209914,-2.985663,-2.665588,4.213570,-2.985663,0.003700,0.000000,-2.665588,4.213570,-2.985663,0.003700,0.000000,-2.665588,4.213570,-2.985663,0.003700,0.000000,nan,nan,nan,nan,nan,0.000000,0
1788899880.704385,94.574047,-2.665014,4.209914,-2.985663,-2.665588,4.213570,-2.985663,0.003700,0.000000,-2.665588,4.213570,-2.985663,0.003700,0.000000,-2.665588,4.213570,-2.985663,0.003700,0.000000,nan,nan,nan,nan,nan,0.000000,0
1788899880.704385,94.574047,-2.665014,4.209914,-2.985663,-2.665588,4.213570,-2.985663,0.003700,0.000000,-2.665588,4.213570,-2.985663,0.003700,0.000000,-2.665588,4.213570,-2.985663,0.003700,0.000000,nan,nan,nan,nan,nan,0.000000,0
1788899880.755383,94.625045,-2.665014,4.209914,-2.985663,-2.665588,4.213570,-2.985663,0.003700,0.000000,-2.665588,4.213570,-2.985663,0.003700,0.000000,-2.665588,4.213570,-2.985663,0.003700,0.000000,nan,nan,nan,nan,nan,0.000000,0
1788899880.755383,94.625045,-2.665014,4.209914,-2.985663,-2.665588,4.213570,-2.985663,0.003700,0.000000,-2.665588,4.213570,-2.985663,0.003700,0.000000,-2.665588,4.213570,-2.985663,0.003700,0.000000,nan,nan,nan,nan,nan,0.000000,0
1788899880.807866,94.677527,-2.665014,4.209914,-2.985663,-2.665588,4.213570,-2.985663,0.003700,0.000000,-2.665588,4.213570,-2.985663,0.003700,0.000000,-2.665588,4.213570,-2.985663,0.003700,0.000000,nan,nan,nan,nan,nan,0.000000,0
1788899880.807866,94.677527,-2.665014,4.209914,-2.985663,-2.665588,4.213570,-2.985663,0.003700,0.000000,-2.665588,4.213570,-2.985663,0.003700,0.000000,-2.665588,4.213570,-2.985663,0.003700,0.000000,nan,nan,nan,nan,nan,0.000000,0
1788899880.857169,94.726830,-2.665014,4.209914,-2.985663,-2.665588,4.213570,-2.985663,0.003700,0.000000,-2.665588,4.213570,-2.985663,0.003700,0.000000,-2.665588,4.213570,-2.985663,0.003700,0.000000,nan,nan,nan,nan,nan,0.000000,0
1788899880.857169,94.726830,-2.665014,4.209914,-2.985663,-2.665588,4.213570,-2.985663,0.003700,0.000000,-2.665588,4.213570,-2.985663,0.003700,0.000000,-2.665588,4.213570,-2.985663,0.003700,0.000000,nan,nan,nan,nan,nan,0.000000,0
1788899880.907801,94.777463,-2.665014,4.209914,-2.985663,-2.665588,4.213570,-2.985663,0.003700,0.000000,-2.665588,4.213570,-2.985663,0.003700,0.000000,-2.665588,4.213570,-2.985663,0.003700,0.000000,nan,nan,nan,nan,nan,0.000000,0
1788899880.907801,94.777463,-2.665014,4.209914,-2.985663,-2.665588,4.213570,-2.985663,0.003700,0.000000,-2.665588,4.213570,-2.985663,0.003700,0.000000,-2.665588,4.213570,-2.985663,0.003700,0.000000,nan,nan,nan,nan,nan,0.000000,0
1788899880.976229,94.845891,-2.665014,4.209914,-2.985663,-2.665588,4.213570,-2.985663,0.003700,0.000000,-2.665588,4.213570,-2.985663,0.003700,0.000000,-2.665588,4.213570,-2.985663,0.003700,0.000000,nan,nan,nan,nan,nan,0.000000,0
1788899880.976229,94.845891,-2.665014,4.209914,-2.985663,-2.665588,4.213570,-2.985663,0.003700,0.000000,-2.665588,4.213570,-2.985663,0.003700,0.000000,-2.665588,4.213570,-2.985663,0.003700,0.000000,nan,nan,nan,nan,nan,0.000000,0
1788899881.027093,94.896755,-2.665014,4.209914,-2.985663,-2.665588,4.213570,-2.985663,0.003700,0.000000,-2.665588,4.213570,-2.985663,0.003700,0.000000,-2.665588,4.213570,-2.985663,0.003700,0.000000,nan,nan,nan,nan,nan,0.000000,0
1788899881.027093,94.896755,-2.665014,4.209914,-2.985663,-2.665588,4.213570,-2.985663,0.003700,0.000000,-2.665588,4.213570,-2.985663,0.003700,0.000000,-2.665588,4.213570,-2.985663,0.003700,0.000000,nan,nan,nan,nan,nan,0.000000,0
1788899881.078551,94.948213,-2.665014,4.209914,-2.985663,-2.665588,4.213570,-2.985663,0.003700,0.000000,-2.665588,4.213570,-2.985663,0.003700,0.000000,-2.665588,4.213570,-2.985663,0.003700,0.000000,nan,nan,nan,nan,nan,0.000000,0
1788899881.078551,94.948213,-2.665014,4.209914,-2.985663,-2.665588,4.213570,-2.985663,0.003700,0.000000,-2.665588,4.213570,-2.985663,0.003700,0.000000,-2.665588,4.213570,-2.985663,0.003700,0.000000,nan,nan,nan,nan,nan,0.000000,0
1788899881.128937,94.998599,-2.665014,4.209914,-2.985663,-2.665588,4.213570,-2.985663,0.003700,0.000000,-2.665588,4.213570,-2.985663,0.003700,0.000000,-2.665588,4.213570,-2.985663,0.003700,0.000000,nan,nan,nan,nan,nan,0.000000,0
1788899881.128937,94.998599,-2.665014,4.209914,-2.985663,-2.665588,4.213570,-2.985663,0.003700,0.000000,-2.665588,4.213570,-2.985663,0.003700,0.000000,-2.665588,4.213570,-2.985663,0.003700,0.000000,nan,nan,nan,nan,nan,0.000000,0
1788899881.178153,95.047815,-2.665014,4.209914,-2.985663,-2.665588,4.213570,-2.985663,0.003700,0.000000,-2.665588,4.213570,-2.985663,0.003700,0.000000,-2.665588,4.213570,-2.985663,0.003700,0.000000,nan,nan,nan,nan,nan,0.000000,0
1788899881.178153,95.047815,-2.665014,4.209914,-2.985663,-2.665588,4.213570,-2.985663,0.003700,0.000000,-2.665588,4.213570,-2.985663,0.003700,0.000000,-2.665588,4.213570,-2.985663,0.003700,0.000000,nan,nan,nan,nan,nan,0.000000,0
1788899881.229146,95.098807,-2.665014,4.209914,-2.985663,-2.665588,4.213570,-2.985663,0.003700,0.000000,-2.665588,4.213570,-2.985663,0.003700,0.000000,-2.665588,4.213570,-2.985663,0.003700,0.000000,nan,nan,nan,nan,nan,0.000000,0
1788899881.229146,95.098807,-2.665014,4.209914,-2.985663,-2.665588,4.213570,-2.985663,0.003700,0.000000,-2.665588,4.213570,-2.985663,0.003700,0.000000,-2.665588,4.213570,-2.985663,0.003700,0.000000,nan,nan,nan,nan,nan,0.000000,0
1788899881.280323,95.149984,-2.665014,4.209914,-2.985663,-2.665588,4.213570,-2.985663,0.003700,0.000000,-2.665588,4.213570,-2.985663,0.003700,0.000000,-2.665588,4.213570,-2.985663,0.003700,0.000000,nan,nan,nan,nan,nan,0.000000,0
1788899881.280323,95.149984,-2.665014,4.209914,-2.985663,-2.665588,4.213570,-2.985663,0.003700,0.000000,-2.665588,4.213570,-2.985663,0.003700,0.000000,-2.665588,4.213570,-2.985663,0.003700,0.000000,nan,nan,nan,nan,nan,0.000000,0
1788899881.330395,95.200057,-2.665014,4.209914,-2.985663,-2.665588,4.213570,-2.985663,0.003700,0.000000,-2.665588,4.213570,-2.985663,0.003700,0.000000,-2.665588,4.213570,-2.985663,0.003700,0.000000,nan,nan,nan,nan,nan,0.000000,0
1788899881.330395,95.200057,-2.665014,4.209914,-2.985663,-2.665588,4.213570,-2.985663,0.003700,0.000000,-2.665588,4.213570,-2.985663,0.003700,0.000000,-2.665588,4.213570,-2.985663,0.003700,0.000000,nan,nan,nan,nan,nan,0.000000,0
1788899881.382458,95.252120,-2.665014,4.209914,-2.985663,-2.665588,4.213570,-2.985663,0.003700,0.000000,-2.665588,4.213570,-2.985663,0.003700,0.000000,-2.665588,4.213570,-2.985663,0.003700,0.000000,nan,nan,nan,nan,nan,0.000000,0
1788899881.382458,95.252120,-2.665014,4.209914,-2.985663,-2.665588,4.213570,-2.985663,0.003700,0.000000,-2.665588,4.213570,-2.985663,0.003700,0.000000,-2.665588,4.213570,-2.985663,0.003700,0.000000,nan,nan,nan,nan,nan,0.000000,0
1788899881.432520,95.302181,-2.664998,4.209816,-2.985663,-2.665588,4.213570,-2.985663,0.003800,0.000000,-2.665588,4.213570,-2.985663,0.003800,0.000000,-2.665588,4.213570,-2.985663,0.003800,0.000000,nan,nan,nan,nan,nan,0.001998,0
1788899881.432520,95.302181,-2.664998,4.209816,-2.985663,-2.665588,4.213570,-2.985663,0.003800,0.000000,-2.665588,4.213570,-2.985663,0.003800,0.000000,-2.665588,4.213570,-2.985663,0.003800,0.000000,nan,nan,nan,nan,nan,0.001998,0
1788899881.481935,95.351597,-2.664998,4.209816,-2.985663,-2.665588,4.213570,-2.985663,0.003800,0.000000,-2.665588,4.213570,-2.985663,0.003800,0.000000,-2.665588,4.213570,-2.985663,0.003800,0.000000,nan,nan,nan,nan,nan,0.000000,0
1788899881.481935,95.351597,-2.664998,4.209816,-2.985663,-2.665588,4.213570,-2.985663,0.003800,0.000000,-2.665588,4.213570,-2.985663,0.003800,0.000000,-2.665588,4.213570,-2.985663,0.003800,0.000000,nan,nan,nan,nan,nan,0.000000,0
1788899881.531302,95.400964,-2.664998,4.209816,-2.985663,-2.665588,4.213570,-2.985663,0.003800,0.000000,-2.665588,4.213570,-2.985663,0.003800,0.000000,-2.665588,4.213570,-2.985663,0.003800,0.000000,nan,nan,nan,nan,nan,0.000000,0
1788899881.531302,95.400964,-2.664998,4.209816,-2.985663,-2.665588,4.213570,-2.985663,0.003800,0.000000,-2.665588,4.213570,-2.985663,0.003800,0.000000,-2.665588,4.213570,-2.985663,0.003800,0.000000,nan,nan,nan,nan,nan,0.000000,0
1788899881.581670,95.451332,-2.664998,4.209816,-2.985663,-2.665588,4.213570,-2.985663,0.003800,0.000000,-2.665588,4.213570,-2.985663,0.003800,0.000000,-2.665588,4.213570,-2.985663,0.003800,0.000000,nan,nan,nan,nan,nan,0.000000,0
1788899881.581670,95.451332,-2.664998,4.209816,-2.985663,-2.665588,4.213570,-2.985663,0.003800,0.000000,-2.665588,4.213570,-2.985663,0.003800,0.000000,-2.665588,4.213570,-2.985663,0.003800,0.000000,nan,nan,nan,nan,nan,0.000000,0
1788899881.632316,95.501978,-2.664998,4.209816,-2.985663,-2.665588,4.213570,-2.985663,0.003800,0.000000,-2.665588,4.213570,-2.985663,0.003800,0.000000,-2.665588,4.213570,-2.985663,0.003800,0.000000,nan,nan,nan,nan,nan,0.000000,0
1788899881.632316,95.501978,-2.664998,4.209816,-2.985663,-2.665588,4.213570,-2.985663,0.003800,0.000000,-2.665588,4.213570,-2.985663,0.003800,0.000000,-2.665588,4.213570,-2.985663,0.003800,0.000000,nan,nan,nan,nan,nan,0.000000,0
1788899881.701745,95.571407,-2.664998,4.209816,-2.985663,-2.665588,4.213570,-2.985663,0.003800,0.000000,-2.665588,4.213570,-2.985663,0.003800,0.000000,-2.665588,4.213570,-2.985663,0.003800,0.000000,nan,nan,nan,nan,nan,0.000000,0
1788899881.701745,95.571407,-2.664998,4.209816,-2.985663,-2.665588,4.213570,-2.985663,0.003800,0.000000,-2.665588,4.213570,-2.985663,0.003800,0.000000,-2.665588,4.213570,-2.985663,0.003800,0.000000,nan,nan,nan,nan,nan,0.000000,0
1788899881.751360,95.621022,-2.664998,4.209816,-2.985663,-2.665588,4.213570,-2.985663,0.003800,0.000000,-2.665588,4.213570,-2.985663,0.003800,0.000000,-2.665588,4.213570,-2.985663,0.003800,0.000000,nan,nan,nan,nan,nan,0.000000,0
1788899881.751360,95.621022,-2.664998,4.209816,-2.985663,-2.665588,4.213570,-2.985663,0.003800,0.000000,-2.665588,4.213570,-2.985663,0.003800,0.000000,-2.665588,4.213570,-2.985663,0.003800,0.000000,nan,nan,nan,nan,nan,0.000000,0
1788899881.801286,95.670948,-2.664998,4.209816,-2.985663,-2.665588,4.213570,-2.985663,0.003800,0.000000,-2.665588,4.213570,-2.985663,0.003800,0.000000,-2.665588,4.213570,-2.985663,0.003800,0.000000,nan,nan,nan,nan,nan,0.000000,0
1788899881.801286,95.670948,-2.664998,4.209816,-2.985663,-2.665588,4.213570,-2.985663,0.003800,0.000000,-2.665588,4.213570,-2.985663,0.003800,0.000000,-2.665588,4.213570,-2.985663,0.003800,0.000000,nan,nan,nan,nan,nan,0.000000,0
1788899881.852220,95.721881,-2.664998,4.209816,-2.985663,-2.665588,4.213570,-2.985663,0.003800,0.000000,-2.665588,4.213570,-2.985663,0.003800,0.000000,-2.665588,4.213570,-2.985663,0.003800,0.000000,nan,nan,nan,nan,nan,0.000000,0
1788899881.852220,95.721881,-2.664998,4.209816,-2.985663,-2.665588,4.213570,-2.985663,0.003800,0.000000,-2.665588,4.213570,-2.985663,0.003800,0.000000,-2.665588,4.213570,-2.985663,0.003800,0.000000,nan,nan,nan,nan,nan,0.000000,0
1788899881.903265,95.772927,-2.664998,4.209816,-2.985663,-2.665588,4.213570,-2.985663,0.003800,0.000000,-2.665588,4.213570,-2.985663,0.003800,0.000000,-2.665588,4.213570,-2.985663,0.003800,0.000000,nan,nan,nan,nan,nan,0.000000,0
1788899881.903265,95.772927,-2.664998,4.209816,-2.985663,-2.665588,4.213570,-2.985663,0.003800,0.000000,-2.665588,4.213570,-2.985663,0.003800,0.000000,-2.665588,4.213570,-2.985663,0.003800,0.000000,nan,nan,nan,nan,nan,0.000000,0
1788899881.954308,95.823970,-2.664998,4.209816,-2.985663,-2.665588,4.213570,-2.985663,0.003800,0.000000,-2.665588,4.213570,-2.985663,0.003800,0.000000,-2.665588,4.213570,-2.985663,0.003800,0.000000,nan,nan,nan,nan,nan,0.000000,0
1788899881.954308,95.823970,-2.664998,4.209816,-2.985663,-2.665588,4.213570,-2.985663,0.003800,0.000000,-2.665588,4.213570,-2.985663,0.003800,0.000000,-2.665588,4.213570,-2.985663,0.003800,0.000000,nan,nan,nan,nan,nan,0.000000,0
1788899882.004794,95.874456,-2.664998,4.209816,-2.985663,-2.665588,4.213570,-2.985663,0.003800,0.000000,-2.665588,4.213570,-2.985663,0.003800,0.000000,-2.665588,4.213570,-2.985663,0.003800,0.000000,nan,nan,nan,nan,nan,0.000000,0
1788899882.004794,95.874456,-2.664998,4.209816,-2.985663,-2.665588,4.213570,-2.985663,0.003800,0.000000,-2.665588,4.213570,-2.985663,0.003800,0.000000,-2.665588,4.213570,-2.985663,0.003800,0.000000,nan,nan,nan,nan,nan,0.000000,0
1788899882.056141,95.925802,-2.664998,4.209816,-2.985663,-2.665588,4.213570,-2.985663,0.003800,0.000000,-2.665588,4.213570,-2.985663,0.003800,0.000000,-2.665588,4.213570,-2.985663,0.003800,0.000000,nan,nan,nan,nan,nan,0.000000,0
1788899882.056141,95.925802,-2.664998,4.209816,-2.985663,-2.665588,4.213570,-2.985663,0.003800,0.000000,-2.665588,4.213570,-2.985663,0.003800,0.000000,-2.665588,4.213570,-2.985663,0.003800,0.000000,nan,nan,nan,nan,nan,0.000000,0
1788899882.106985,95.976647,-2.664998,4.209816,-2.985663,-2.665588,4.213570,-2.985663,0.003800,0.000000,-2.665588,4.213570,-2.985663,0.003800,0.000000,-2.665588,4.213570,-2.985663,0.003800,0.000000,nan,nan,nan,nan,nan,0.000000,0
1788899882.106985,95.976647,-2.664998,4.209816,-2.985663,-2.665588,4.213570,-2.985663,0.003800,0.000000,-2.665588,4.213570,-2.985663,0.003800,0.000000,-2.665588,4.213570,-2.985663,0.003800,0.000000,nan,nan,nan,nan,nan,0.000000,0
1788899882.158765,96.028427,-2.664998,4.209816,-2.985663,-2.665588,4.213570,-2.985663,0.003800,0.000000,-2.665588,4.213570,-2.985663,0.003800,0.000000,-2.665588,4.213570,-2.985663,0.003800,0.000000,nan,nan,nan,nan,nan,0.000000,0
1788899882.158765,96.028427,-2.664998,4.209816,-2.985663,-2.665588,4.213570,-2.985663,0.003800,0.000000,-2.665588,4.213570,-2.985663,0.003800,0.000000,-2.665588,4.213570,-2.985663,0.003800,0.000000,nan,nan,nan,nan,nan,0.000000,0
1788899882.226170,96.095832,-2.664998,4.209816,-2.985663,-2.665588,4.213570,-2.985663,0.003800,0.000000,-2.665588,4.213570,-2.985663,0.003800,0.000000,-2.665588,4.213570,-2.985663,0.003800,0.000000,nan,nan,nan,nan,nan,0.000000,0
1788899882.226170,96.095832,-2.664998,4.209816,-2.985663,-2.665588,4.213570,-2.985663,0.003800,0.000000,-2.665588,4.213570,-2.985663,0.003800,0.000000,-2.665588,4.213570,-2.985663,0.003800,0.000000,nan,nan,nan,nan,nan,0.000000,0
1788899882.277631,96.147292,-2.664998,4.209816,-2.985663,-2.665588,4.213570,-2.985663,0.003800,0.000000,-2.665588,4.213570,-2.985663,0.003800,0.000000,-2.665588,4.213570,-2.985663,0.003800,0.000000,nan,nan,nan,nan,nan,0.000000,0
1788899882.277631,96.147292,-2.664998,4.209816,-2.985663,-2.665588,4.213570,-2.985663,0.003800,0.000000,-2.665588,4.213570,-2.985663,0.003800,0.000000,-2.665588,4.213570,-2.985663,0.003800,0.000000,nan,nan,nan,nan,nan,0.000000,0
1788899882.328967,96.198629,-2.664998,4.209816,-2.985663,-2.665588,4.213570,-2.985663,0.003800,0.000000,-2.665588,4.213570,-2.985663,0.003800,0.000000,-2.665588,4.213570,-2.985663,0.003800,0.000000,nan,nan,nan,nan,nan,0.000000,0
1788899882.328967,96.198629,-2.664998,4.209816,-2.985663,-2.665588,4.213570,-2.985663,0.003800,0.000000,-2.665588,4.213570,-2.985663,0.003800,0.000000,-2.665588,4.213570,-2.985663,0.003800,0.000000,nan,nan,nan,nan,nan,0.000000,0
1788899882.378635,96.248297,-2.664998,4.209816,-2.985663,-2.665588,4.213570,-2.985663,0.003800,0.000000,-2.665588,4.213570,-2.985663,0.003800,0.000000,-2.665588,4.213570,-2.985663,0.003800,0.000000,nan,nan,nan,nan,nan,0.000000,0
1788899882.378635,96.248297,-2.664998,4.209816,-2.985663,-2.665588,4.213570,-2.985663,0.003800,0.000000,-2.665588,4.213570,-2.985663,0.003800,0.000000,-2.665588,4.213570,-2.985663,0.003800,0.000000,nan,nan,nan,nan,nan,0.000000,0
1788899882.429433,96.299095,-2.664998,4.209816,-2.985663,-2.665588,4.213570,-2.985663,0.003800,0.000000,-2.665588,4.213570,-2.985663,0.003800,0.000000,-2.665588,4.213570,-2.985663,0.003800,0.000000,nan,nan,nan,nan,nan,0.000000,0
1788899882.429433,96.299095,-2.664998,4.209816,-2.985663,-2.665588,4.213570,-2.985663,0.003800,0.000000,-2.665588,4.213570,-2.985663,0.003800,0.000000,-2.665588,4.213570,-2.985663,0.003800,0.000000,nan,nan,nan,nan,nan,0.000000,0
1788899882.478996,96.348658,-2.664998,4.209816,-2.985663,-2.665588,4.213570,-2.985663,0.003800,0.000000,-2.665588,4.213570,-2.985663,0.003800,0.000000,-2.665588,4.213570,-2.985663,0.003800,0.000000,nan,nan,nan,nan,nan,0.000000,0
1788899882.478996,96.348658,-2.664998,4.209816,-2.985663,-2.665588,4.213570,-2.985663,0.003800,0.000000,-2.665588,4.213570,-2.985663,0.003800,0.000000,-2.665588,4.213570,-2.985663,0.003800,0.000000,nan,nan,nan,nan,nan,0.000000,0
1788899882.528623,96.398284,-2.664998,4.209816,-2.985663,-2.665588,4.213570,-2.985663,0.003800,0.000000,-2.665588,4.213570,-2.985663,0.003800,0.000000,-2.665588,4.213570,-2.985663,0.003800,0.000000,nan,nan,nan,nan,nan,0.000000,0
1788899882.528623,96.398284,-2.664998,4.209816,-2.985663,-2.665588,4.213570,-2.985663,0.003800,0.000000,-2.665588,4.213570,-2.985663,0.003800,0.000000,-2.665588,4.213570,-2.985663,0.003800,0.000000,nan,nan,nan,nan,nan,0.000000,0
1788899882.578802,96.448464,-2.664998,4.209816,-2.985663,-2.665588,4.213570,-2.985663,0.003800,0.000000,-2.665588,4.213570,-2.985663,0.003800,0.000000,-2.665588,4.213570,-2.985663,0.003800,0.000000,nan,nan,nan,nan,nan,0.000000,0
1788899882.578802,96.448464,-2.664998,4.209816,-2.985663,-2.665588,4.213570,-2.985663,0.003800,0.000000,-2.665588,4.213570,-2.985663,0.003800,0.000000,-2.665588,4.213570,-2.985663,0.003800,0.000000,nan,nan,nan,nan,nan,0.000000,0
1788899882.628622,96.498284,-2.664998,4.209816,-2.985663,-2.665588,4.213570,-2.985663,0.003800,0.000000,-2.665588,4.213570,-2.985663,0.003800,0.000000,-2.665588,4.213570,-2.985663,0.003800,0.000000,nan,nan,nan,nan,nan,0.000000,0
1788899882.628622,96.498284,-2.664998,4.209816,-2.985663,-2.665588,4.213570,-2.985663,0.003800,0.000000,-2.665588,4.213570,-2.985663,0.003800,0.000000,-2.665588,4.213570,-2.985663,0.003800,0.000000,nan,nan,nan,nan,nan,0.000000,0
1788899882.678494,96.548156,-2.664998,4.209816,-2.985663,-2.665588,4.213570,-2.985663,0.003800,0.000000,-2.665588,4.213570,-2.985663,0.003800,0.000000,-2.665588,4.213570,-2.985663,0.003800,0.000000,nan,nan,nan,nan,nan,0.000000,0
1788899882.678494,96.548156,-2.664998,4.209816,-2.985663,-2.665588,4.213570,-2.985663,0.003800,0.000000,-2.665588,4.213570,-2.985663,0.003800,0.000000,-2.665588,4.213570,-2.985663,0.003800,0.000000,nan,nan,nan,nan,nan,0.000000,0
1788899882.728427,96.598089,-2.664998,4.209816,-2.985663,-2.665588,4.213570,-2.985663,0.003800,0.000000,-2.665588,4.213570,-2.985663,0.003800,0.000000,-2.665588,4.213570,-2.985663,0.003800,0.000000,nan,nan,nan,nan,nan,0.000000,0
1788899882.728427,96.598089,-2.664998,4.209816,-2.985663,-2.665588,4.213570,-2.985663,0.003800,0.000000,-2.665588,4.213570,-2.985663,0.003800,0.000000,-2.665588,4.213570,-2.985663,0.003800,0.000000,nan,nan,nan,nan,nan,0.000000,0
1788899882.779369,96.649030,-2.664998,4.209816,-2.985663,-2.665588,4.213570,-2.985663,0.003800,0.000000,-2.665588,4.213570,-2.985663,0.003800,0.000000,-2.665588,4.213570,-2.985663,0.003800,0.000000,nan,nan,nan,nan,nan,0.000000,0
1788899882.779369,96.649030,-2.664998,4.209816,-2.985663,-2.665588,4.213570,-2.985663,0.003800,0.000000,-2.665588,4.213570,-2.985663,0.003800,0.000000,-2.665588,4.213570,-2.985663,0.003800,0.000000,nan,nan,nan,nan,nan,0.000000,0
1788899882.830934,96.700596,-2.664998,4.209816,-2.985663,-2.665588,4.213570,-2.985663,0.003800,0.000000,-2.665588,4.213570,-2.985663,0.003800,0.000000,-2.665588,4.213570,-2.985663,0.003800,0.000000,nan,nan,nan,nan,nan,0.000000,0
1788899882.830934,96.700596,-2.664998,4.209816,-2.985663,-2.665588,4.213570,-2.985663,0.003800,0.000000,-2.665588,4.213570,-2.985663,0.003800,0.000000,-2.665588,4.213570,-2.985663,0.003800,0.000000,nan,nan,nan,nan,nan,0.000000,0
1788899882.881227,96.750889,-2.664998,4.209816,-2.985663,-2.665588,4.213570,-2.985663,0.003800,0.000000,-2.665588,4.213570,-2.985663,0.003800,0.000000,-2.665588,4.213570,-2.985663,0.003800,0.000000,nan,nan,nan,nan,nan,0.000000,0
1788899882.881227,96.750889,-2.664998,4.209816,-2.985663,-2.665588,4.213570,-2.985663,0.003800,0.000000,-2.665588,4.213570,-2.985663,0.003800,0.000000,-2.665588,4.213570,-2.985663,0.003800,0.000000,nan,nan,nan,nan,nan,0.000000,0
1788899882.951382,96.821044,-2.664998,4.209816,-2.985663,-2.665588,4.213570,-2.985663,0.003800,0.000000,-2.665588,4.213570,-2.985663,0.003800,0.000000,-2.665588,4.213570,-2.985663,0.003800,0.000000,nan,nan,nan,nan,nan,0.000000,0
1788899882.951382,96.821044,-2.664998,4.209816,-2.985663,-2.665588,4.213570,-2.985663,0.003800,0.000000,-2.665588,4.213570,-2.985663,0.003800,0.000000,-2.665588,4.213570,-2.985663,0.003800,0.000000,nan,nan,nan,nan,nan,0.000000,0
1788899883.002839,96.872501,-2.664998,4.209816,-2.985663,-2.665588,4.213570,-2.985663,0.003800,0.000000,-2.665588,4.213570,-2.985663,0.003800,0.000000,-2.665588,4.213570,-2.985663,0.003800,0.000000,nan,nan,nan,nan,nan,0.000000,0
1788899883.002839,96.872501,-2.664998,4.209816,-2.985663,-2.665588,4.213570,-2.985663,0.003800,0.000000,-2.665588,4.213570,-2.985663,0.003800,0.000000,-2.665588,4.213570,-2.985663,0.003800,0.000000,nan,nan,nan,nan,nan,0.000000,0
1788899883.053258,96.922920,-2.664998,4.209816,-2.985663,-2.665588,4.213570,-2.985663,0.003800,0.000000,-2.665588,4.213570,-2.985663,0.003800,0.000000,-2.665588,4.213570,-2.985663,0.003800,0.000000,nan,nan,nan,nan,nan,0.000000,0
1788899883.053258,96.922920,-2.664998,4.209816,-2.985663,-2.665588,4.213570,-2.985663,0.003800,0.000000,-2.665588,4.213570,-2.985663,0.003800,0.000000,-2.665588,4.213570,-2.985663,0.003800,0.000000,nan,nan,nan,nan,nan,0.000000,0
1788899883.103707,96.973369,-2.664998,4.209816,-2.985663,-2.665588,4.213570,-2.985663,0.003800,0.000000,-2.665588,4.213570,-2.985663,0.003800,0.000000,-2.665588,4.213570,-2.985663,0.003800,0.000000,nan,nan,nan,nan,nan,0.000000,0
1788899883.103707,96.973369,-2.664998,4.209816,-2.985663,-2.665588,4.213570,-2.985663,0.003800,0.000000,-2.665588,4.213570,-2.985663,0.003800,0.000000,-2.665588,4.213570,-2.985663,0.003800,0.000000,nan,nan,nan,nan,nan,0.000000,0
1788899883.155372,97.025034,-2.664998,4.209816,-2.985663,-2.665588,4.213570,-2.985663,0.003800,0.000000,-2.665588,4.213570,-2.985663,0.003800,0.000000,-2.665588,4.213570,-2.985663,0.003800,0.000000,nan,nan,nan,nan,nan,0.000000,0
1788899883.155372,97.025034,-2.664998,4.209816,-2.985663,-2.665588,4.213570,-2.985663,0.003800,0.000000,-2.665588,4.213570,-2.985663,0.003800,0.000000,-2.665588,4.213570,-2.985663,0.003800,0.000000,nan,nan,nan,nan,nan,0.000000,0
1788899883.205801,97.075463,-2.664998,4.209816,-2.985663,-2.665588,4.213570,-2.985663,0.003800,0.000000,-2.665588,4.213570,-2.985663,0.003800,0.000000,-2.665588,4.213570,-2.985663,0.003800,0.000000,nan,nan,nan,nan,nan,0.000000,0
1788899883.205801,97.075463,-2.664998,4.209816,-2.985663,-2.665588,4.213570,-2.985663,0.003800,0.000000,-2.665588,4.213570,-2.985663,0.003800,0.000000,-2.665588,4.213570,-2.985663,0.003800,0.000000,nan,nan,nan,nan,nan,0.000000,0
1788899883.255324,97.124985,-2.664998,4.209816,-2.985663,-2.665588,4.213570,-2.985663,0.003800,0.000000,-2.665588,4.213570,-2.985663,0.003800,0.000000,-2.665588,4.213570,-2.985663,0.003800,0.000000,nan,nan,nan,nan,nan,0.000000,0
1788899883.255324,97.124985,-2.664998,4.209816,-2.985663,-2.665588,4.213570,-2.985663,0.003800,0.000000,-2.665588,4.213570,-2.985663,0.003800,0.000000,-2.665588,4.213570,-2.985663,0.003800,0.000000,nan,nan,nan,nan,nan,0.000000,0
1788899883.306227,97.175889,-2.664998,4.209816,-2.985663,-2.665588,4.213570,-2.985663,0.003800,0.000000,-2.665588,4.213570,-2.985663,0.003800,0.000000,-2.665588,4.213570,-2.985663,0.003800,0.000000,nan,nan,nan,nan,nan,0.000000,0
1788899883.306227,97.175889,-2.664998,4.209816,-2.985663,-2.665588,4.213570,-2.985663,0.003800,0.000000,-2.665588,4.213570,-2.985663,0.003800,0.000000,-2.665588,4.213570,-2.985663,0.003800,0.000000,nan,nan,nan,nan,nan,0.000000,0
1788899883.357471,97.227133,-2.664998,4.209816,-2.985663,-2.665588,4.213570,-2.985663,0.003800,0.000000,-2.665588,4.213570,-2.985663,0.003800,0.000000,-2.665588,4.213570,-2.985663,0.003800,0.000000,nan,nan,nan,nan,nan,0.000000,0
1788899883.357471,97.227133,-2.664998,4.209816,-2.985663,-2.665588,4.213570,-2.985663,0.003800,0.000000,-2.665588,4.213570,-2.985663,0.003800,0.000000,-2.665588,4.213570,-2.985663,0.003800,0.000000,nan,nan,nan,nan,nan,0.000000,0
1788899883.407039,97.276700,-2.664998,4.209816,-2.985663,-2.665588,4.213570,-2.985663,0.003800,0.000000,-2.665588,4.213570,-2.985663,0.003800,0.000000,-2.665588,4.213570,-2.985663,0.003800,0.000000,nan,nan,nan,nan,nan,0.000000,0
1788899883.407039,97.276700,-2.664998,4.209816,-2.985663,-2.665588,4.213570,-2.985663,0.003800,0.000000,-2.665588,4.213570,-2.985663,0.003800,0.000000,-2.665588,4.213570,-2.985663,0.003800,0.000000,nan,nan,nan,nan,nan,0.000000,0
1788899883.476527,97.346189,-2.664998,4.209816,-2.985663,-2.665588,4.213570,-2.985663,0.003800,0.000000,-2.665588,4.213570,-2.985663,0.003800,0.000000,-2.665588,4.213570,-2.985663,0.003800,0.000000,nan,nan,nan,nan,nan,0.000000,0
1788899883.476527,97.346189,-2.664998,4.209816,-2.985663,-2.665588,4.213570,-2.985663,0.003800,0.000000,-2.665588,4.213570,-2.985663,0.003800,0.000000,-2.665588,4.213570,-2.985663,0.003800,0.000000,nan,nan,nan,nan,nan,0.000000,0
1788899883.526476,97.396138,-2.664998,4.209816,-2.985663,-2.665588,4.213570,-2.985663,0.003800,0.000000,-2.665588,4.213570,-2.985663,0.003800,0.000000,-2.665588,4.213570,-2.985663,0.003800,0.000000,nan,nan,nan,nan,nan,0.000000,0
1788899883.526476,97.396138,-2.664998,4.209816,-2.985663,-2.665588,4.213570,-2.985663,0.003800,0.000000,-2.665588,4.213570,-2.985663,0.003800,0.000000,-2.665588,4.213570,-2.985663,0.003800,0.000000,nan,nan,nan,nan,nan,0.000000,0
1788899883.576643,97.446304,-2.664998,4.209816,-2.985663,-2.665588,4.213570,-2.985663,0.003800,0.000000,-2.665588,4.213570,-2.985663,0.003800,0.000000,-2.665588,4.213570,-2.985663,0.003800,0.000000,nan,nan,nan,nan,nan,0.000000,0
1788899883.576643,97.446304,-2.664998,4.209816,-2.985663,-2.665588,4.213570,-2.985663,0.003800,0.000000,-2.665588,4.213570,-2.985663,0.003800,0.000000,-2.665588,4.213570,-2.985663,0.003800,0.000000,nan,nan,nan,nan,nan,0.000000,0
1788899883.627368,97.497030,-2.664998,4.209816,-2.985663,-2.665588,4.213570,-2.985663,0.003800,0.000000,-2.665588,4.213570,-2.985663,0.003800,0.000000,-2.665588,4.213570,-2.985663,0.003800,0.000000,nan,nan,nan,nan,nan,0.000000,0
1788899883.627368,97.497030,-2.664998,4.209816,-2.985663,-2.665588,4.213570,-2.985663,0.003800,0.000000,-2.665588,4.213570,-2.985663,0.003800,0.000000,-2.665588,4.213570,-2.985663,0.003800,0.000000,nan,nan,nan,nan,nan,0.000000,0
1788899883.677923,97.547585,-2.664998,4.209816,-2.985663,-2.665588,4.213570,-2.985663,0.003800,0.000000,-2.665588,4.213570,-2.985663,0.003800,0.000000,-2.665588,4.213570,-2.985663,0.003800,0.000000,nan,nan,nan,nan,nan,0.000000,0
1788899883.677923,97.547585,-2.664998,4.209816,-2.985663,-2.665588,4.213570,-2.985663,0.003800,0.000000,-2.665588,4.213570,-2.985663,0.003800,0.000000,-2.665588,4.213570,-2.985663,0.003800,0.000000,nan,nan,nan,nan,nan,0.000000,0
1788899883.728481,97.598143,-2.664998,4.209816,-2.985663,-2.665588,4.213570,-2.985663,0.003800,0.000000,-2.665588,4.213570,-2.985663,0.003800,0.000000,-2.665588,4.213570,-2.985663,0.003800,0.000000,nan,nan,nan,nan,nan,0.000000,0
1788899883.728481,97.598143,-2.664998,4.209816,-2.985663,-2.665588,4.213570,-2.985663,0.003800,0.000000,-2.665588,4.213570,-2.985663,0.003800,0.000000,-2.665588,4.213570,-2.985663,0.003800,0.000000,nan,nan,nan,nan,nan,0.000000,0
1788899883.778709,97.648371,-2.664998,4.209816,-2.985663,-2.665588,4.213570,-2.985663,0.003800,0.000000,-2.665588,4.213570,-2.985663,0.003800,0.000000,-2.665588,4.213570,-2.985663,0.003800,0.000000,nan,nan,nan,nan,nan,0.000000,0
1788899883.778709,97.648371,-2.664998,4.209816,-2.985663,-2.665588,4.213570,-2.985663,0.003800,0.000000,-2.665588,4.213570,-2.985663,0.003800,0.000000,-2.665588,4.213570,-2.985663,0.003800,0.000000,nan,nan,nan,nan,nan,0.000000,0
1788899883.829069,97.698730,-2.664998,4.209816,-2.985663,-2.665588,4.213570,-2.985663,0.003800,0.000000,-2.665588,4.213570,-2.985663,0.003800,0.000000,-2.665588,4.213570,-2.985663,0.003800,0.000000,nan,nan,nan,nan,nan,0.000000,0
1788899883.829069,97.698730,-2.664998,4.209816,-2.985663,-2.665588,4.213570,-2.985663,0.003800,0.000000,-2.665588,4.213570,-2.985663,0.003800,0.000000,-2.665588,4.213570,-2.985663,0.003800,0.000000,nan,nan,nan,nan,nan,0.000000,0
1788899883.880955,97.750616,-2.664998,4.209816,-2.985663,-2.665588,4.213570,-2.985663,0.003800,0.000000,-2.665588,4.213570,-2.985663,0.003800,0.000000,-2.665588,4.213570,-2.985663,0.003800,0.000000,nan,nan,nan,nan,nan,0.000000,0
1788899883.880955,97.750616,-2.664998,4.209816,-2.985663,-2.665588,4.213570,-2.985663,0.003800,0.000000,-2.665588,4.213570,-2.985663,0.003800,0.000000,-2.665588,4.213570,-2.985663,0.003800,0.000000,nan,nan,nan,nan,nan,0.000000,0
1788899883.930570,97.800232,-2.664998,4.209816,-2.985663,-2.665588,4.213570,-2.985663,0.003800,0.000000,-2.665588,4.213570,-2.985663,0.003800,0.000000,-2.665588,4.213570,-2.985663,0.003800,0.000000,nan,nan,nan,nan,nan,0.000000,0
1788899883.930570,97.800232,-2.664998,4.209816,-2.985663,-2.665588,4.213570,-2.985663,0.003800,0.000000,-2.665588,4.213570,-2.985663,0.003800,0.000000,-2.665588,4.213570,-2.985663,0.003800,0.000000,nan,nan,nan,nan,nan,0.000000,0
1788899883.980230,97.849891,-2.664998,4.209816,-2.985663,-2.665588,4.213570,-2.985663,0.003800,0.000000,-2.665588,4.213570,-2.985663,0.003800,0.000000,-2.665588,4.213570,-2.985663,0.003800,0.000000,nan,nan,nan,nan,nan,0.000000,0
1788899883.980230,97.849891,-2.664998,4.209816,-2.985663,-2.665588,4.213570,-2.985663,0.003800,0.000000,-2.665588,4.213570,-2.985663,0.003800,0.000000,-2.665588,4.213570,-2.985663,0.003800,0.000000,nan,nan,nan,nan,nan,0.000000,0
1788899884.030248,97.899909,-2.664998,4.209816,-2.985663,-2.665588,4.213570,-2.985663,0.003800,0.000000,-2.665588,4.213570,-2.985663,0.003800,0.000000,-2.665588,4.213570,-2.985663,0.003800,0.000000,nan,nan,nan,nan,nan,0.000000,0
1788899884.030248,97.899909,-2.664998,4.209816,-2.985663,-2.665588,4.213570,-2.985663,0.003800,0.000000,-2.665588,4.213570,-2.985663,0.003800,0.000000,-2.665588,4.213570,-2.985663,0.003800,0.000000,nan,nan,nan,nan,nan,0.000000,0
1788899884.080995,97.950657,-2.664998,4.209816,-2.985663,-2.665588,4.213570,-2.985663,0.003800,0.000000,-2.665588,4.213570,-2.985663,0.003800,0.000000,-2.665588,4.213570,-2.985663,0.003800,0.000000,nan,nan,nan,nan,nan,0.000000,0
1788899884.080995,97.950657,-2.664998,4.209816,-2.985663,-2.665588,4.213570,-2.985663,0.003800,0.000000,-2.665588,4.213570,-2.985663,0.003800,0.000000,-2.665588,4.213570,-2.985663,0.003800,0.000000,nan,nan,nan,nan,nan,0.000000,0
1788899884.131405,98.001066,-2.664982,4.209717,-2.985663,-2.665588,4.213570,-2.985663,0.003900,0.000000,-2.665588,4.213570,-2.985663,0.003900,0.000000,-2.665588,4.213570,-2.985663,0.003900,0.000000,nan,nan,nan,nan,nan,0.001984,0
1788899884.131405,98.001066,-2.664982,4.209717,-2.985663,-2.665588,4.213570,-2.985663,0.003900,0.000000,-2.665588,4.213570,-2.985663,0.003900,0.000000,-2.665588,4.213570,-2.985663,0.003900,0.000000,nan,nan,nan,nan,nan,0.001984,0
1788899884.201002,98.070664,-2.664982,4.209717,-2.985663,-2.665588,4.213570,-2.985663,0.003900,0.000000,-2.665588,4.213570,-2.985663,0.003900,0.000000,-2.665588,4.213570,-2.985663,0.003900,0.000000,nan,nan,nan,nan,nan,0.000000,0
1788899884.201002,98.070664,-2.664982,4.209717,-2.985663,-2.665588,4.213570,-2.985663,0.003900,0.000000,-2.665588,4.213570,-2.985663,0.003900,0.000000,-2.665588,4.213570,-2.985663,0.003900,0.000000,nan,nan,nan,nan,nan,0.000000,0
1788899884.253157,98.122819,-2.664982,4.209717,-2.985663,-2.665588,4.213570,-2.985663,0.003900,0.000000,-2.665588,4.213570,-2.985663,0.003900,0.000000,-2.665588,4.213570,-2.985663,0.003900,0.000000,nan,nan,nan,nan,nan,0.000000,0
1788899884.253157,98.122819,-2.664982,4.209717,-2.985663,-2.665588,4.213570,-2.985663,0.003900,0.000000,-2.665588,4.213570,-2.985663,0.003900,0.000000,-2.665588,4.213570,-2.985663,0.003900,0.000000,nan,nan,nan,nan,nan,0.000000,0
1788899884.304143,98.173805,-2.664982,4.209717,-2.985663,-2.665588,4.213570,-2.985663,0.003900,0.000000,-2.665588,4.213570,-2.985663,0.003900,0.000000,-2.665588,4.213570,-2.985663,0.003900,0.000000,nan,nan,nan,nan,nan,0.000000,0
1788899884.304143,98.173805,-2.664982,4.209717,-2.985663,-2.665588,4.213570,-2.985663,0.003900,0.000000,-2.665588,4.213570,-2.985663,0.003900,0.000000,-2.665588,4.213570,-2.985663,0.003900,0.000000,nan,nan,nan,nan,nan,0.000000,0
1788899884.355771,98.225433,-2.664982,4.209717,-2.985663,-2.665588,4.213570,-2.985663,0.003900,0.000000,-2.665588,4.213570,-2.985663,0.003900,0.000000,-2.665588,4.213570,-2.985663,0.003900,0.000000,nan,nan,nan,nan,nan,0.000000,0
1788899884.355771,98.225433,-2.664982,4.209717,-2.985663,-2.665588,4.213570,-2.985663,0.003900,0.000000,-2.665588,4.213570,-2.985663,0.003900,0.000000,-2.665588,4.213570,-2.985663,0.003900,0.000000,nan,nan,nan,nan,nan,0.000000,0
1788899884.405343,98.275005,-2.664982,4.209717,-2.985663,-2.665588,4.213570,-2.985663,0.003900,0.000000,-2.665588,4.213570,-2.985663,0.003900,0.000000,-2.665588,4.213570,-2.985663,0.003900,0.000000,nan,nan,nan,nan,nan,0.000000,0
1788899884.405343,98.275005,-2.664982,4.209717,-2.985663,-2.665588,4.213570,-2.985663,0.003900,0.000000,-2.665588,4.213570,-2.985663,0.003900,0.000000,-2.665588,4.213570,-2.985663,0.003900,0.000000,nan,nan,nan,nan,nan,0.000000,0
1788899884.455844,98.325505,-2.664982,4.209717,-2.985663,-2.665588,4.213570,-2.985663,0.003900,0.000000,-2.665588,4.213570,-2.985663,0.003900,0.000000,-2.665588,4.213570,-2.985663,0.003900,0.000000,nan,nan,nan,nan,nan,0.000000,0
1788899884.455844,98.325505,-2.664982,4.209717,-2.985663,-2.665588,4.213570,-2.985663,0.003900,0.000000,-2.665588,4.213570,-2.985663,0.003900,0.000000,-2.665588,4.213570,-2.985663,0.003900,0.000000,nan,nan,nan,nan,nan,0.000000,0
1788899884.506127,98.375788,-2.664982,4.209717,-2.985663,-2.665588,4.213570,-2.985663,0.003900,0.000000,-2.665588,4.213570,-2.985663,0.003900,0.000000,-2.665588,4.213570,-2.985663,0.003900,0.000000,nan,nan,nan,nan,nan,0.000000,0
1788899884.506127,98.375788,-2.664982,4.209717,-2.985663,-2.665588,4.213570,-2.985663,0.003900,0.000000,-2.665588,4.213570,-2.985663,0.003900,0.000000,-2.665588,4.213570,-2.985663,0.003900,0.000000,nan,nan,nan,nan,nan,0.000000,0
1788899884.557608,98.427270,-2.664982,4.209717,-2.985663,-2.665588,4.213570,-2.985663,0.003900,0.000000,-2.665588,4.213570,-2.985663,0.003900,0.000000,-2.665588,4.213570,-2.985663,0.003900,0.000000,nan,nan,nan,nan,nan,0.000000,0
1788899884.557608,98.427270,-2.664982,4.209717,-2.985663,-2.665588,4.213570,-2.985663,0.003900,0.000000,-2.665588,4.213570,-2.985663,0.003900,0.000000,-2.665588,4.213570,-2.985663,0.003900,0.000000,nan,nan,nan,nan,nan,0.000000,0
1788899884.626643,98.496305,-2.664982,4.209717,-2.985663,-2.665588,4.213570,-2.985663,0.003900,0.000000,-2.665588,4.213570,-2.985663,0.003900,0.000000,-2.665588,4.213570,-2.985663,0.003900,0.000000,nan,nan,nan,nan,nan,0.000000,0
1788899884.626643,98.496305,-2.664982,4.209717,-2.985663,-2.665588,4.213570,-2.985663,0.003900,0.000000,-2.665588,4.213570,-2.985663,0.003900,0.000000,-2.665588,4.213570,-2.985663,0.003900,0.000000,nan,nan,nan,nan,nan,0.000000,0
1788899884.677855,98.547516,-2.664982,4.209717,-2.985663,-2.665588,4.213570,-2.985663,0.003900,0.000000,-2.665588,4.213570,-2.985663,0.003900,0.000000,-2.665588,4.213570,-2.985663,0.003900,0.000000,nan,nan,nan,nan,nan,0.000000,0
1788899884.677855,98.547516,-2.664982,4.209717,-2.985663,-2.665588,4.213570,-2.985663,0.003900,0.000000,-2.665588,4.213570,-2.985663,0.003900,0.000000,-2.665588,4.213570,-2.985663,0.003900,0.000000,nan,nan,nan,nan,nan,0.000000,0
1788899884.729015,98.598677,-2.664982,4.209717,-2.985663,-2.665588,4.213570,-2.985663,0.003900,0.000000,-2.665588,4.213570,-2.985663,0.003900,0.000000,-2.665588,4.213570,-2.985663,0.003900,0.000000,nan,nan,nan,nan,nan,0.000000,0
1788899884.729015,98.598677,-2.664982,4.209717,-2.985663,-2.665588,4.213570,-2.985663,0.003900,0.000000,-2.665588,4.213570,-2.985663,0.003900,0.000000,-2.665588,4.213570,-2.985663,0.003900,0.000000,nan,nan,nan,nan,nan,0.000000,0
1788899884.780299,98.649961,-2.664982,4.209717,-2.985663,-2.665588,4.213570,-2.985663,0.003900,0.000000,-2.665588,4.213570,-2.985663,0.003900,0.000000,-2.665588,4.213570,-2.985663,0.003900,0.000000,nan,nan,nan,nan,nan,0.000000,0
1788899884.780299,98.649961,-2.664982,4.209717,-2.985663,-2.665588,4.213570,-2.985663,0.003900,0.000000,-2.665588,4.213570,-2.985663,0.003900,0.000000,-2.665588,4.213570,-2.985663,0.003900,0.000000,nan,nan,nan,nan,nan,0.000000,0
1788899884.832031,98.701692,-2.664982,4.209717,-2.985663,-2.665588,4.213570,-2.985663,0.003900,0.000000,-2.665588,4.213570,-2.985663,0.003900,0.000000,-2.665588,4.213570,-2.985663,0.003900,0.000000,nan,nan,nan,nan,nan,0.000000,0
1788899884.832031,98.701692,-2.664982,4.209717,-2.985663,-2.665588,4.213570,-2.985663,0.003900,0.000000,-2.665588,4.213570,-2.985663,0.003900,0.000000,-2.665588,4.213570,-2.985663,0.003900,0.000000,nan,nan,nan,nan,nan,0.000000,0
1788899884.882441,98.752103,-2.664982,4.209717,-2.985663,-2.665588,4.213570,-2.985663,0.003900,0.000000,-2.665588,4.213570,-2.985663,0.003900,0.000000,-2.665588,4.213570,-2.985663,0.003900,0.000000,nan,nan,nan,nan,nan,0.000000,0
1788899884.882441,98.752103,-2.664982,4.209717,-2.985663,-2.665588,4.213570,-2.985663,0.003900,0.000000,-2.665588,4.213570,-2.985663,0.003900,0.000000,-2.665588,4.213570,-2.985663,0.003900,0.000000,nan,nan,nan,nan,nan,0.000000,0
1788899884.932449,98.802111,-2.664982,4.209717,-2.985663,-2.665588,4.213570,-2.985663,0.003900,0.000000,-2.665588,4.213570,-2.985663,0.003900,0.000000,-2.665588,4.213570,-2.985663,0.003900,0.000000,nan,nan,nan,nan,nan,0.000000,0
1788899884.932449,98.802111,-2.664982,4.209717,-2.985663,-2.665588,4.213570,-2.985663,0.003900,0.000000,-2.665588,4.213570,-2.985663,0.003900,0.000000,-2.665588,4.213570,-2.985663,0.003900,0.000000,nan,nan,nan,nan,nan,0.000000,0
1788899884.982704,98.852366,-2.664982,4.209717,-2.985663,-2.665588,4.213570,-2.985663,0.003900,0.000000,-2.665588,4.213570,-2.985663,0.003900,0.000000,-2.665588,4.213570,-2.985663,0.003900,0.000000,nan,nan,nan,nan,nan,0.000000,0
1788899884.982704,98.852366,-2.664982,4.209717,-2.985663,-2.665588,4.213570,-2.985663,0.003900,0.000000,-2.665588,4.213570,-2.985663,0.003900,0.000000,-2.665588,4.213570,-2.985663,0.003900,0.000000,nan,nan,nan,nan,nan,0.000000,0
1788899885.032516,98.902178,-2.664982,4.209717,-2.985663,-2.665588,4.213570,-2.985663,0.003900,0.000000,-2.665588,4.213570,-2.985663,0.003900,0.000000,-2.665588,4.213570,-2.985663,0.003900,0.000000,nan,nan,nan,nan,nan,0.000000,0
1788899885.032516,98.902178,-2.664982,4.209717,-2.985663,-2.665588,4.213570,-2.985663,0.003900,0.000000,-2.665588,4.213570,-2.985663,0.003900,0.000000,-2.665588,4.213570,-2.985663,0.003900,0.000000,nan,nan,nan,nan,nan,0.000000,0
1788899885.101617,98.971279,-2.664982,4.209717,-2.985663,-2.665588,4.213570,-2.985663,0.003900,0.000000,-2.665588,4.213570,-2.985663,0.003900,0.000000,-2.665588,4.213570,-2.985663,0.003900,0.000000,nan,nan,nan,nan,nan,0.000000,0
1788899885.101617,98.971279,-2.664982,4.209717,-2.985663,-2.665588,4.213570,-2.985663,0.003900,0.000000,-2.665588,4.213570,-2.985663,0.003900,0.000000,-2.665588,4.213570,-2.985663,0.003900,0.000000,nan,nan,nan,nan,nan,0.000000,0
1788899885.151728,99.021390,-2.664982,4.209717,-2.985663,-2.665588,4.213570,-2.985663,0.003900,0.000000,-2.665588,4.213570,-2.985663,0.003900,0.000000,-2.665588,4.213570,-2.985663,0.003900,0.000000,nan,nan,nan,nan,nan,0.000000,0
1788899885.151728,99.021390,-2.664982,4.209717,-2.985663,-2.665588,4.213570,-2.985663,0.003900,0.000000,-2.665588,4.213570,-2.985663,0.003900,0.000000,-2.665588,4.213570,-2.985663,0.003900,0.000000,nan,nan,nan,nan,nan,0.000000,0
1788899885.202589,99.072251,-2.664982,4.209717,-2.985663,-2.665588,4.213570,-2.985663,0.003900,0.000000,-2.665588,4.213570,-2.985663,0.003900,0.000000,-2.665588,4.213570,-2.985663,0.003900,0.000000,nan,nan,nan,nan,nan,0.000000,0
1788899885.202589,99.072251,-2.664982,4.209717,-2.985663,-2.665588,4.213570,-2.985663,0.003900,0.000000,-2.665588,4.213570,-2.985663,0.003900,0.000000,-2.665588,4.213570,-2.985663,0.003900,0.000000,nan,nan,nan,nan,nan,0.000000,0
1788899885.253871,99.123533,-2.664982,4.209717,-2.985663,-2.665588,4.213570,-2.985663,0.003900,0.000000,-2.665588,4.213570,-2.985663,0.003900,0.000000,-2.665588,4.213570,-2.985663,0.003900,0.000000,nan,nan,nan,nan,nan,0.000000,0
1788899885.253871,99.123533,-2.664982,4.209717,-2.985663,-2.665588,4.213570,-2.985663,0.003900,0.000000,-2.665588,4.213570,-2.985663,0.003900,0.000000,-2.665588,4.213570,-2.985663,0.003900,0.000000,nan,nan,nan,nan,nan,0.000000,0
1788899885.303843,99.173505,-2.664982,4.209717,-2.985663,-2.665588,4.213570,-2.985663,0.003900,0.000000,-2.665588,4.213570,-2.985663,0.003900,0.000000,-2.665588,4.213570,-2.985663,0.003900,0.000000,nan,nan,nan,nan,nan,0.000000,0
1788899885.303843,99.173505,-2.664982,4.209717,-2.985663,-2.665588,4.213570,-2.985663,0.003900,0.000000,-2.665588,4.213570,-2.985663,0.003900,0.000000,-2.665588,4.213570,-2.985663,0.003900,0.000000,nan,nan,nan,nan,nan,0.000000,0
1788899885.353846,99.223508,-2.664982,4.209717,-2.985663,-2.665588,4.213570,-2.985663,0.003900,0.000000,-2.665588,4.213570,-2.985663,0.003900,0.000000,-2.665588,4.213570,-2.985663,0.003900,0.000000,nan,nan,nan,nan,nan,0.000000,0
1788899885.353846,99.223508,-2.664982,4.209717,-2.985663,-2.665588,4.213570,-2.985663,0.003900,0.000000,-2.665588,4.213570,-2.985663,0.003900,0.000000,-2.665588,4.213570,-2.985663,0.003900,0.000000,nan,nan,nan,nan,nan,0.000000,0
1788899885.406998,99.276660,-2.664982,4.209717,-2.985663,-2.665588,4.213570,-2.985663,0.003900,0.000000,-2.665588,4.213570,-2.985663,0.003900,0.000000,-2.665588,4.213570,-2.985663,0.003900,0.000000,nan,nan,nan,nan,nan,0.000000,0
1788899885.406998,99.276660,-2.664982,4.209717,-2.985663,-2.665588,4.213570,-2.985663,0.003900,0.000000,-2.665588,4.213570,-2.985663,0.003900,0.000000,-2.665588,4.213570,-2.985663,0.003900,0.000000,nan,nan,nan,nan,nan,0.000000,0
1788899885.456213,99.325875,-2.664982,4.209717,-2.985663,-2.665588,4.213570,-2.985663,0.003900,0.000000,-2.665588,4.213570,-2.985663,0.003900,0.000000,-2.665588,4.213570,-2.985663,0.003900,0.000000,nan,nan,nan,nan,nan,0.000000,0
1788899885.456213,99.325875,-2.664982,4.209717,-2.985663,-2.665588,4.213570,-2.985663,0.003900,0.000000,-2.665588,4.213570,-2.985663,0.003900,0.000000,-2.665588,4.213570,-2.985663,0.003900,0.000000,nan,nan,nan,nan,nan,0.000000,0
1788899885.507759,99.377421,-2.664982,4.209717,-2.985663,-2.665588,4.213570,-2.985663,0.003900,0.000000,-2.665588,4.213570,-2.985663,0.003900,0.000000,-2.665588,4.213570,-2.985663,0.003900,0.000000,nan,nan,nan,nan,nan,0.000000,0
1788899885.507759,99.377421,-2.664982,4.209717,-2.985663,-2.665588,4.213570,-2.985663,0.003900,0.000000,-2.665588,4.213570,-2.985663,0.003900,0.000000,-2.665588,4.213570,-2.985663,0.003900,0.000000,nan,nan,nan,nan,nan,0.000000,0
1788899885.576171,99.445833,-2.664982,4.209717,-2.985663,-2.665588,4.213570,-2.985663,0.003900,0.000000,-2.665588,4.213570,-2.985663,0.003900,0.000000,-2.665588,4.213570,-2.985663,0.003900,0.000000,nan,nan,nan,nan,nan,0.000000,0
1788899885.576171,99.445833,-2.664982,4.209717,-2.985663,-2.665588,4.213570,-2.985663,0.003900,0.000000,-2.665588,4.213570,-2.985663,0.003900,0.000000,-2.665588,4.213570,-2.985663,0.003900,0.000000,nan,nan,nan,nan,nan,0.000000,0
1788899885.625950,99.495612,-2.664982,4.209717,-2.985663,-2.665588,4.213570,-2.985663,0.003900,0.000000,-2.665588,4.213570,-2.985663,0.003900,0.000000,-2.665588,4.213570,-2.985663,0.003900,0.000000,nan,nan,nan,nan,nan,0.000000,0
1788899885.625950,99.495612,-2.664982,4.209717,-2.985663,-2.665588,4.213570,-2.985663,0.003900,0.000000,-2.665588,4.213570,-2.985663,0.003900,0.000000,-2.665588,4.213570,-2.985663,0.003900,0.000000,nan,nan,nan,nan,nan,0.000000,0
1788899885.676097,99.545759,-2.664982,4.209717,-2.985663,-2.665588,4.213570,-2.985663,0.003900,0.000000,-2.665588,4.213570,-2.985663,0.003900,0.000000,-2.665588,4.213570,-2.985663,0.003900,0.000000,nan,nan,nan,nan,nan,0.000000,0
1788899885.676097,99.545759,-2.664982,4.209717,-2.985663,-2.665588,4.213570,-2.985663,0.003900,0.000000,-2.665588,4.213570,-2.985663,0.003900,0.000000,-2.665588,4.213570,-2.985663,0.003900,0.000000,nan,nan,nan,nan,nan,0.000000,0
1788899885.727719,99.597381,-2.664982,4.209717,-2.985663,-2.665588,4.213570,-2.985663,0.003900,0.000000,-2.665588,4.213570,-2.985663,0.003900,0.000000,-2.665588,4.213570,-2.985663,0.003900,0.000000,nan,nan,nan,nan,nan,0.000000,0
1788899885.727719,99.597381,-2.664982,4.209717,-2.985663,-2.665588,4.213570,-2.985663,0.003900,0.000000,-2.665588,4.213570,-2.985663,0.003900,0.000000,-2.665588,4.213570,-2.985663,0.003900,0.000000,nan,nan,nan,nan,nan,0.000000,0
1788899885.778600,99.648261,-2.664982,4.209717,-2.985663,-2.665588,4.213570,-2.985663,0.003900,0.000000,-2.665588,4.213570,-2.985663,0.003900,0.000000,-2.665588,4.213570,-2.985663,0.003900,0.000000,nan,nan,nan,nan,nan,0.000000,0
1788899885.778600,99.648261,-2.664982,4.209717,-2.985663,-2.665588,4.213570,-2.985663,0.003900,0.000000,-2.665588,4.213570,-2.985663,0.003900,0.000000,-2.665588,4.213570,-2.985663,0.003900,0.000000,nan,nan,nan,nan,nan,0.000000,0
1788899885.829304,99.698966,-2.664982,4.209717,-2.985663,-2.665588,4.213570,-2.985663,0.003900,0.000000,-2.665588,4.213570,-2.985663,0.003900,0.000000,-2.665588,4.213570,-2.985663,0.003900,0.000000,nan,nan,nan,nan,nan,0.000000,0
1788899885.829304,99.698966,-2.664982,4.209717,-2.985663,-2.665588,4.213570,-2.985663,0.003900,0.000000,-2.665588,4.213570,-2.985663,0.003900,0.000000,-2.665588,4.213570,-2.985663,0.003900,0.000000,nan,nan,nan,nan,nan,0.000000,0
1788899885.879165,99.748827,-2.664982,4.209717,-2.985663,-2.665588,4.213570,-2.985663,0.003900,0.000000,-2.665588,4.213570,-2.985663,0.003900,0.000000,-2.665588,4.213570,-2.985663,0.003900,0.000000,nan,nan,nan,nan,nan,0.000000,0
1788899885.879165,99.748827,-2.664982,4.209717,-2.985663,-2.665588,4.213570,-2.985663,0.003900,0.000000,-2.665588,4.213570,-2.985663,0.003900,0.000000,-2.665588,4.213570,-2.985663,0.003900,0.000000,nan,nan,nan,nan,nan,0.000000,0
1788899885.929524,99.799186,-2.664982,4.209717,-2.985663,-2.665588,4.213570,-2.985663,0.003900,0.000000,-2.665588,4.213570,-2.985663,0.003900,0.000000,-2.665588,4.213570,-2.985663,0.003900,0.000000,nan,nan,nan,nan,nan,0.000000,0
1788899885.929524,99.799186,-2.664982,4.209717,-2.985663,-2.665588,4.213570,-2.985663,0.003900,0.000000,-2.665588,4.213570,-2.985663,0.003900,0.000000,-2.665588,4.213570,-2.985663,0.003900,0.000000,nan,nan,nan,nan,nan,0.000000,0
1788899885.979418,99.849079,-2.664982,4.209717,-2.985663,-2.665588,4.213570,-2.985663,0.003900,0.000000,-2.665588,4.213570,-2.985663,0.003900,0.000000,-2.665588,4.213570,-2.985663,0.003900,0.000000,nan,nan,nan,nan,nan,0.000000,0
1788899885.979418,99.849079,-2.664982,4.209717,-2.985663,-2.665588,4.213570,-2.985663,0.003900,0.000000,-2.665588,4.213570,-2.985663,0.003900,0.000000,-2.665588,4.213570,-2.985663,0.003900,0.000000,nan,nan,nan,nan,nan,0.000000,0
1788899886.030415,99.900077,-2.664982,4.209717,-2.985663,-2.665588,4.213570,-2.985663,0.003900,0.000000,-2.665588,4.213570,-2.985663,0.003900,0.000000,-2.665588,4.213570,-2.985663,0.003900,0.000000,nan,nan,nan,nan,nan,0.000000,0
1788899886.030415,99.900077,-2.664982,4.209717,-2.985663,-2.665588,4.213570,-2.985663,0.003900,0.000000,-2.665588,4.213570,-2.985663,0.003900,0.000000,-2.665588,4.213570,-2.985663,0.003900,0.000000,nan,nan,nan,nan,nan,0.000000,0
1788899886.081323,99.950985,-2.664982,4.209717,-2.985663,-2.665588,4.213570,-2.985663,0.003900,0.000000,-2.665588,4.213570,-2.985663,0.003900,0.000000,-2.665588,4.213570,-2.985663,0.003900,0.000000,nan,nan,nan,nan,nan,0.000000,0
1788899886.081323,99.950985,-2.664982,4.209717,-2.985663,-2.665588,4.213570,-2.985663,0.003900,0.000000,-2.665588,4.213570,-2.985663,0.003900,0.000000,-2.665588,4.213570,-2.985663,0.003900,0.000000,nan,nan,nan,nan,nan,0.000000,0
1788899886.131938,100.001599,-2.664982,4.209717,-2.985663,-2.665588,4.213570,-2.985663,0.003900,0.000000,-2.665588,4.213570,-2.985663,0.003900,0.000000,-2.665588,4.213570,-2.985663,0.003900,0.000000,nan,nan,nan,nan,nan,0.000000,0
1788899886.131938,100.001599,-2.664982,4.209717,-2.985663,-2.665588,4.213570,-2.985663,0.003900,0.000000,-2.665588,4.213570,-2.985663,0.003900,0.000000,-2.665588,4.213570,-2.985663,0.003900,0.000000,nan,nan,nan,nan,nan,0.000000,0
1788899886.179503,100.049165,-2.664982,4.209717,-2.985663,-2.665588,4.213570,-2.985663,0.003900,0.000000,-2.665588,4.213570,-2.985663,0.003900,0.000000,-2.665588,4.213570,-2.985663,0.003900,0.000000,nan,nan,nan,nan,nan,0.000000,0
1788899886.179503,100.049165,-2.664982,4.209717,-2.985663,-2.665588,4.213570,-2.985663,0.003900,0.000000,-2.665588,4.213570,-2.985663,0.003900,0.000000,-2.665588,4.213570,-2.985663,0.003900,0.000000,nan,nan,nan,nan,nan,0.000000,0
1788899886.228444,100.098106,-2.664982,4.209717,-2.985663,-2.665588,4.213570,-2.985663,0.003900,0.000000,-2.665588,4.213570,-2.985663,0.003900,0.000000,-2.665588,4.213570,-2.985663,0.003900,0.000000,nan,nan,nan,nan,nan,0.000000,0
1788899886.228444,100.098106,-2.664982,4.209717,-2.985663,-2.665588,4.213570,-2.985663,0.003900,0.000000,-2.665588,4.213570,-2.985663,0.003900,0.000000,-2.665588,4.213570,-2.985663,0.003900,0.000000,nan,nan,nan,nan,nan,0.000000,0
1788899886.278656,100.148318,-2.664982,4.209717,-2.985663,-2.665588,4.213570,-2.985663,0.003900,0.000000,-2.665588,4.213570,-2.985663,0.003900,0.000000,-2.665588,4.213570,-2.985663,0.003900,0.000000,nan,nan,nan,nan,nan,0.000000,0
1788899886.278656,100.148318,-2.664982,4.209717,-2.985663,-2.665588,4.213570,-2.985663,0.003900,0.000000,-2.665588,4.213570,-2.985663,0.003900,0.000000,-2.665588,4.213570,-2.985663,0.003900,0.000000,nan,nan,nan,nan,nan,0.000000,0
1788899886.326660,100.196321,-2.664982,4.209717,-2.985663,-2.665588,4.213570,-2.985663,0.003900,0.000000,-2.665588,4.213570,-2.985663,0.003900,0.000000,-2.665588,4.213570,-2.985663,0.003900,0.000000,nan,nan,nan,nan,nan,0.000000,0
1788899886.326660,100.196321,-2.664982,4.209717,-2.985663,-2.665588,4.213570,-2.985663,0.003900,0.000000,-2.665588,4.213570,-2.985663,0.003900,0.000000,-2.665588,4.213570,-2.985663,0.003900,0.000000,nan,nan,nan,nan,nan,0.000000,0
1788899886.376389,100.246051,-2.664982,4.209717,-2.985663,-2.665588,4.213570,-2.985663,0.003900,0.000000,-2.665588,4.213570,-2.985663,0.003900,0.000000,-2.665588,4.213570,-2.985663,0.003900,0.000000,nan,nan,nan,nan,nan,0.000000,0
1788899886.376389,100.246051,-2.664982,4.209717,-2.985663,-2.665588,4.213570,-2.985663,0.003900,0.000000,-2.665588,4.213570,-2.985663,0.003900,0.000000,-2.665588,4.213570,-2.985663,0.003900,0.000000,nan,nan,nan,nan,nan,0.000000,0
1788899886.426576,100.296238,-2.664982,4.209717,-2.985663,-2.665588,4.213570,-2.985663,0.003900,0.000000,-2.665588,4.213570,-2.985663,0.003900,0.000000,-2.665588,4.213570,-2.985663,0.003900,0.000000,nan,nan,nan,nan,nan,0.000000,0
1788899886.426576,100.296238,-2.664982,4.209717,-2.985663,-2.665588,4.213570,-2.985663,0.003900,0.000000,-2.665588,4.213570,-2.985663,0.003900,0.000000,-2.665588,4.213570,-2.985663,0.003900,0.000000,nan,nan,nan,nan,nan,0.000000,0
1788899886.476871,100.346533,-2.664982,4.209717,-2.985663,-2.665588,4.213570,-2.985663,0.003900,0.000000,-2.665588,4.213570,-2.985663,0.003900,0.000000,-2.665588,4.213570,-2.985663,0.003900,0.000000,nan,nan,nan,nan,nan,0.000000,0
1788899886.476871,100.346533,-2.664982,4.209717,-2.985663,-2.665588,4.213570,-2.985663,0.003900,0.000000,-2.665588,4.213570,-2.985663,0.003900,0.000000,-2.665588,4.213570,-2.985663,0.003900,0.000000,nan,nan,nan,nan,nan,0.000000,0
1788899886.526550,100.396212,-2.664982,4.209717,-2.985663,-2.665588,4.213570,-2.985663,0.003900,0.000000,-2.665588,4.213570,-2.985663,0.003900,0.000000,-2.665588,4.213570,-2.985663,0.003900,0.000000,nan,nan,nan,nan,nan,0.000000,0
1788899886.526550,100.396212,-2.664982,4.209717,-2.985663,-2.665588,4.213570,-2.985663,0.003900,0.000000,-2.665588,4.213570,-2.985663,0.003900,0.000000,-2.665588,4.213570,-2.985663,0.003900,0.000000,nan,nan,nan,nan,nan,0.000000,0
1788899886.576799,100.446461,-2.664982,4.209717,-2.985663,-2.665588,4.213570,-2.985663,0.003900,0.000000,-2.665588,4.213570,-2.985663,0.003900,0.000000,-2.665588,4.213570,-2.985663,0.003900,0.000000,nan,nan,nan,nan,nan,0.000000,0
1788899886.576799,100.446461,-2.664982,4.209717,-2.985663,-2.665588,4.213570,-2.985663,0.003900,0.000000,-2.665588,4.213570,-2.985663,0.003900,0.000000,-2.665588,4.213570,-2.985663,0.003900,0.000000,nan,nan,nan,nan,nan,0.000000,0
1788899886.626686,100.496348,-2.664982,4.209717,-2.985663,-2.665588,4.213570,-2.985663,0.003900,0.000000,-2.665588,4.213570,-2.985663,0.003900,0.000000,-2.665588,4.213570,-2.985663,0.003900,0.000000,nan,nan,nan,nan,nan,0.000000,0
1788899886.626686,100.496348,-2.664982,4.209717,-2.985663,-2.665588,4.213570,-2.985663,0.003900,0.000000,-2.665588,4.213570,-2.985663,0.003900,0.000000,-2.665588,4.213570,-2.985663,0.003900,0.000000,nan,nan,nan,nan,nan,0.000000,0
1788899886.676670,100.546331,-2.664982,4.209717,-2.985663,-2.665588,4.213570,-2.985663,0.003900,0.000000,-2.665588,4.213570,-2.985663,0.003900,0.000000,-2.665588,4.213570,-2.985663,0.003900,0.000000,nan,nan,nan,nan,nan,0.000000,0
1788899886.676670,100.546331,-2.664982,4.209717,-2.985663,-2.665588,4.213570,-2.985663,0.003900,0.000000,-2.665588,4.213570,-2.985663,0.003900,0.000000,-2.665588,4.213570,-2.985663,0.003900,0.000000,nan,nan,nan,nan,nan,0.000000,0
1788899886.726605,100.596267,-2.664982,4.209717,-2.985663,-2.665588,4.213570,-2.985663,0.003900,0.000000,-2.665588,4.213570,-2.985663,0.003900,0.000000,-2.665588,4.213570,-2.985663,0.003900,0.000000,nan,nan,nan,nan,nan,0.000000,0
1788899886.726605,100.596267,-2.664982,4.209717,-2.985663,-2.665588,4.213570,-2.985663,0.003900,0.000000,-2.665588,4.213570,-2.985663,0.003900,0.000000,-2.665588,4.213570,-2.985663,0.003900,0.000000,nan,nan,nan,nan,nan,0.000000,0
1788899886.776588,100.646250,-2.664982,4.209717,-2.985663,-2.665588,4.213570,-2.985663,0.003900,0.000000,-2.665588,4.213570,-2.985663,0.003900,0.000000,-2.665588,4.213570,-2.985663,0.003900,0.000000,nan,nan,nan,nan,nan,0.000000,0
1788899886.776588,100.646250,-2.664982,4.209717,-2.985663,-2.665588,4.213570,-2.985663,0.003900,0.000000,-2.665588,4.213570,-2.985663,0.003900,0.000000,-2.665588,4.213570,-2.985663,0.003900,0.000000,nan,nan,nan,nan,nan,0.000000,0
1788899886.826473,100.696135,-2.664967,4.209618,-2.985663,-2.665588,4.213570,-2.985663,0.004000,0.000000,-2.665588,4.213570,-2.985663,0.004000,0.000000,-2.665588,4.213570,-2.985663,0.004000,0.000000,nan,nan,nan,nan,nan,0.002005,0
1788899886.826473,100.696135,-2.664967,4.209618,-2.985663,-2.665588,4.213570,-2.985663,0.004000,0.000000,-2.665588,4.213570,-2.985663,0.004000,0.000000,-2.665588,4.213570,-2.985663,0.004000,0.000000,nan,nan,nan,nan,nan,0.002005,0
1788899886.876726,100.746387,-2.664967,4.209618,-2.985663,-2.665588,4.213570,-2.985663,0.004000,0.000000,-2.665588,4.213570,-2.985663,0.004000,0.000000,-2.665588,4.213570,-2.985663,0.004000,0.000000,nan,nan,nan,nan,nan,0.000000,0
1788899886.876726,100.746387,-2.664967,4.209618,-2.985663,-2.665588,4.213570,-2.985663,0.004000,0.000000,-2.665588,4.213570,-2.985663,0.004000,0.000000,-2.665588,4.213570,-2.985663,0.004000,0.000000,nan,nan,nan,nan,nan,0.000000,0
1788899886.926332,100.795994,-2.664967,4.209618,-2.985663,-2.665588,4.213570,-2.985663,0.004000,0.000000,-2.665588,4.213570,-2.985663,0.004000,0.000000,-2.665588,4.213570,-2.985663,0.004000,0.000000,nan,nan,nan,nan,nan,0.000000,0
1788899886.926332,100.795994,-2.664967,4.209618,-2.985663,-2.665588,4.213570,-2.985663,0.004000,0.000000,-2.665588,4.213570,-2.985663,0.004000,0.000000,-2.665588,4.213570,-2.985663,0.004000,0.000000,nan,nan,nan,nan,nan,0.000000,0
1788899886.975916,100.845578,-2.664967,4.209618,-2.985663,-2.665588,4.213570,-2.985663,0.004000,0.000000,-2.665588,4.213570,-2.985663,0.004000,0.000000,-2.665588,4.213570,-2.985663,0.004000,0.000000,nan,nan,nan,nan,nan,0.000000,0
1788899886.975916,100.845578,-2.664967,4.209618,-2.985663,-2.665588,4.213570,-2.985663,0.004000,0.000000,-2.665588,4.213570,-2.985663,0.004000,0.000000,-2.665588,4.213570,-2.985663,0.004000,0.000000,nan,nan,nan,nan,nan,0.000000,0
1788899887.026154,100.895816,-2.664967,4.209618,-2.985663,-2.665588,4.213570,-2.985663,0.004000,0.000000,-2.665588,4.213570,-2.985663,0.004000,0.000000,-2.665588,4.213570,-2.985663,0.004000,0.000000,nan,nan,nan,nan,nan,0.000000,0
1788899887.026154,100.895816,-2.664967,4.209618,-2.985663,-2.665588,4.213570,-2.985663,0.004000,0.000000,-2.665588,4.213570,-2.985663,0.004000,0.000000,-2.665588,4.213570,-2.985663,0.004000,0.000000,nan,nan,nan,nan,nan,0.000000,0
1788899887.076230,100.945892,-2.664967,4.209618,-2.985663,-2.665588,4.213570,-2.985663,0.004000,0.000000,-2.665588,4.213570,-2.985663,0.004000,0.000000,-2.665588,4.213570,-2.985663,0.004000,0.000000,nan,nan,nan,nan,nan,0.000000,0
1788899887.076230,100.945892,-2.664967,4.209618,-2.985663,-2.665588,4.213570,-2.985663,0.004000,0.000000,-2.665588,4.213570,-2.985663,0.004000,0.000000,-2.665588,4.213570,-2.985663,0.004000,0.000000,nan,nan,nan,nan,nan,0.000000,0
1788899887.126818,100.996480,-2.664967,4.209618,-2.985663,-2.665588,4.213570,-2.985663,0.004000,0.000000,-2.665588,4.213570,-2.985663,0.004000,0.000000,-2.665588,4.213570,-2.985663,0.004000,0.000000,nan,nan,nan,nan,nan,0.000000,0
1788899887.126818,100.996480,-2.664967,4.209618,-2.985663,-2.665588,4.213570,-2.985663,0.004000,0.000000,-2.665588,4.213570,-2.985663,0.004000,0.000000,-2.665588,4.213570,-2.985663,0.004000,0.000000,nan,nan,nan,nan,nan,0.000000,0
1788899887.176471,101.046133,-2.664967,4.209618,-2.985663,-2.665588,4.213570,-2.985663,0.004000,0.000000,-2.665588,4.213570,-2.985663,0.004000,0.000000,-2.665588,4.213570,-2.985663,0.004000,0.000000,nan,nan,nan,nan,nan,0.000000,0
1788899887.176471,101.046133,-2.664967,4.209618,-2.985663,-2.665588,4.213570,-2.985663,0.004000,0.000000,-2.665588,4.213570,-2.985663,0.004000,0.000000,-2.665588,4.213570,-2.985663,0.004000,0.000000,nan,nan,nan,nan,nan,0.000000,0
1788899887.225988,101.095650,-2.664967,4.209618,-2.985663,-2.665588,4.213570,-2.985663,0.004000,0.000000,-2.665588,4.213570,-2.985663,0.004000,0.000000,-2.665588,4.213570,-2.985663,0.004000,0.000000,nan,nan,nan,nan,nan,0.000000,0
1788899887.225988,101.095650,-2.664967,4.209618,-2.985663,-2.665588,4.213570,-2.985663,0.004000,0.000000,-2.665588,4.213570,-2.985663,0.004000,0.000000,-2.665588,4.213570,-2.985663,0.004000,0.000000,nan,nan,nan,nan,nan,0.000000,0
1788899887.276719,101.146380,-2.664967,4.209618,-2.985663,-2.665588,4.213570,-2.985663,0.004000,0.000000,-2.665588,4.213570,-2.985663,0.004000,0.000000,-2.665588,4.213570,-2.985663,0.004000,0.000000,nan,nan,nan,nan,nan,0.000000,0
1788899887.276719,101.146380,-2.664967,4.209618,-2.985663,-2.665588,4.213570,-2.985663,0.004000,0.000000,-2.665588,4.213570,-2.985663,0.004000,0.000000,-2.665588,4.213570,-2.985663,0.004000,0.000000,nan,nan,nan,nan,nan,0.000000,0
1788899887.326598,101.196260,-2.664967,4.209618,-2.985663,-2.665588,4.213570,-2.985663,0.004000,0.000000,-2.665588,4.213570,-2.985663,0.004000,0.000000,-2.665588,4.213570,-2.985663,0.004000,0.000000,nan,nan,nan,nan,nan,0.000000,0
1788899887.326598,101.196260,-2.664967,4.209618,-2.985663,-2.665588,4.213570,-2.985663,0.004000,0.000000,-2.665588,4.213570,-2.985663,0.004000,0.000000,-2.665588,4.213570,-2.985663,0.004000,0.000000,nan,nan,nan,nan,nan,0.000000,0
1788899887.376176,101.245838,-2.664967,4.209618,-2.985663,-2.665588,4.213570,-2.985663,0.004000,0.000000,-2.665588,4.213570,-2.985663,0.004000,0.000000,-2.665588,4.213570,-2.985663,0.004000,0.000000,nan,nan,nan,nan,nan,0.000000,0
1788899887.376176,101.245838,-2.664967,4.209618,-2.985663,-2.665588,4.213570,-2.985663,0.004000,0.000000,-2.665588,4.213570,-2.985663,0.004000,0.000000,-2.665588,4.213570,-2.985663,0.004000,0.000000,nan,nan,nan,nan,nan,0.000000,0
1788899887.426832,101.296494,-2.664967,4.209618,-2.985663,-2.665588,4.213570,-2.985663,0.004000,0.000000,-2.665588,4.213570,-2.985663,0.004000,0.000000,-2.665588,4.213570,-2.985663,0.004000,0.000000,nan,nan,nan,nan,nan,0.000000,0
1788899887.426832,101.296494,-2.664967,4.209618,-2.985663,-2.665588,4.213570,-2.985663,0.004000,0.000000,-2.665588,4.213570,-2.985663,0.004000,0.000000,-2.665588,4.213570,-2.985663,0.004000,0.000000,nan,nan,nan,nan,nan,0.000000,0
1788899887.476597,101.346258,-2.664967,4.209618,-2.985663,-2.665588,4.213570,-2.985663,0.004000,0.000000,-2.665588,4.213570,-2.985663,0.004000,0.000000,-2.665588,4.213570,-2.985663,0.004000,0.000000,nan,nan,nan,nan,nan,0.000000,0
1788899887.476597,101.346258,-2.664967,4.209618,-2.985663,-2.665588,4.213570,-2.985663,0.004000,0.000000,-2.665588,4.213570,-2.985663,0.004000,0.000000,-2.665588,4.213570,-2.985663,0.004000,0.000000,nan,nan,nan,nan,nan,0.000000,0
1788899887.526536,101.396197,-2.664967,4.209618,-2.985663,-2.665588,4.213570,-2.985663,0.004000,0.000000,-2.665588,4.213570,-2.985663,0.004000,0.000000,-2.665588,4.213570,-2.985663,0.004000,0.000000,nan,nan,nan,nan,nan,0.000000,0
1788899887.526536,101.396197,-2.664967,4.209618,-2.985663,-2.665588,4.213570,-2.985663,0.004000,0.000000,-2.665588,4.213570,-2.985663,0.004000,0.000000,-2.665588,4.213570,-2.985663,0.004000,0.000000,nan,nan,nan,nan,nan,0.000000,0
1788899887.576032,101.445694,-2.664967,4.209618,-2.985663,-2.665588,4.213570,-2.985663,0.004000,0.000000,-2.665588,4.213570,-2.985663,0.004000,0.000000,-2.665588,4.213570,-2.985663,0.004000,0.000000,nan,nan,nan,nan,nan,0.000000,0
1788899887.576032,101.445694,-2.664967,4.209618,-2.985663,-2.665588,4.213570,-2.985663,0.004000,0.000000,-2.665588,4.213570,-2.985663,0.004000,0.000000,-2.665588,4.213570,-2.985663,0.004000,0.000000,nan,nan,nan,nan,nan,0.000000,0
1788899887.627095,101.496757,-2.664967,4.209618,-2.985663,-2.665588,4.213570,-2.985663,0.004000,0.000000,-2.665588,4.213570,-2.985663,0.004000,0.000000,-2.665588,4.213570,-2.985663,0.004000,0.000000,nan,nan,nan,nan,nan,0.000000,0
1788899887.627095,101.496757,-2.664967,4.209618,-2.985663,-2.665588,4.213570,-2.985663,0.004000,0.000000,-2.665588,4.213570,-2.985663,0.004000,0.000000,-2.665588,4.213570,-2.985663,0.004000,0.000000,nan,nan,nan,nan,nan,0.000000,0
1788899887.676825,101.546487,-2.664967,4.209618,-2.985663,-2.665588,4.213570,-2.985663,0.004000,0.000000,-2.665588,4.213570,-2.985663,0.004000,0.000000,-2.665588,4.213570,-2.985663,0.004000,0.000000,nan,nan,nan,nan,nan,0.000000,0
1788899887.676825,101.546487,-2.664967,4.209618,-2.985663,-2.665588,4.213570,-2.985663,0.004000,0.000000,-2.665588,4.213570,-2.985663,0.004000,0.000000,-2.665588,4.213570,-2.985663,0.004000,0.000000,nan,nan,nan,nan,nan,0.000000,0
1788899887.726027,101.595689,-2.664967,4.209618,-2.985663,-2.665588,4.213570,-2.985663,0.004000,0.000000,-2.665588,4.213570,-2.985663,0.004000,0.000000,-2.665588,4.213570,-2.985663,0.004000,0.000000,nan,nan,nan,nan,nan,0.000000,0
1788899887.726027,101.595689,-2.664967,4.209618,-2.985663,-2.665588,4.213570,-2.985663,0.004000,0.000000,-2.665588,4.213570,-2.985663,0.004000,0.000000,-2.665588,4.213570,-2.985663,0.004000,0.000000,nan,nan,nan,nan,nan,0.000000,0
1788899887.776416,101.646078,-2.664967,4.209618,-2.985663,-2.665588,4.213570,-2.985663,0.004000,0.000000,-2.665588,4.213570,-2.985663,0.004000,0.000000,-2.665588,4.213570,-2.985663,0.004000,0.000000,nan,nan,nan,nan,nan,0.000000,0
1788899887.776416,101.646078,-2.664967,4.209618,-2.985663,-2.665588,4.213570,-2.985663,0.004000,0.000000,-2.665588,4.213570,-2.985663,0.004000,0.000000,-2.665588,4.213570,-2.985663,0.004000,0.000000,nan,nan,nan,nan,nan,0.000000,0
1788899887.826164,101.695826,-2.664967,4.209618,-2.985663,-2.665588,4.213570,-2.985663,0.004000,0.000000,-2.665588,4.213570,-2.985663,0.004000,0.000000,-2.665588,4.213570,-2.985663,0.004000,0.000000,nan,nan,nan,nan,nan,0.000000,0
1788899887.826164,101.695826,-2.664967,4.209618,-2.985663,-2.665588,4.213570,-2.985663,0.004000,0.000000,-2.665588,4.213570,-2.985663,0.004000,0.000000,-2.665588,4.213570,-2.985663,0.004000,0.000000,nan,nan,nan,nan,nan,0.000000,0
1788899887.876210,101.745872,-2.664967,4.209618,-2.985663,-2.665588,4.213570,-2.985663,0.004000,0.000000,-2.665588,4.213570,-2.985663,0.004000,0.000000,-2.665588,4.213570,-2.985663,0.004000,0.000000,nan,nan,nan,nan,nan,0.000000,0
1788899887.876210,101.745872,-2.664967,4.209618,-2.985663,-2.665588,4.213570,-2.985663,0.004000,0.000000,-2.665588,4.213570,-2.985663,0.004000,0.000000,-2.665588,4.213570,-2.985663,0.004000,0.000000,nan,nan,nan,nan,nan,0.000000,0
1788899887.926835,101.796497,-2.664967,4.209618,-2.985663,-2.665588,4.213570,-2.985663,0.004000,0.000000,-2.665588,4.213570,-2.985663,0.004000,0.000000,-2.665588,4.213570,-2.985663,0.004000,0.000000,nan,nan,nan,nan,nan,0.000000,0
1788899887.926835,101.796497,-2.664967,4.209618,-2.985663,-2.665588,4.213570,-2.985663,0.004000,0.000000,-2.665588,4.213570,-2.985663,0.004000,0.000000,-2.665588,4.213570,-2.985663,0.004000,0.000000,nan,nan,nan,nan,nan,0.000000,0
1788899887.976785,101.846447,-2.664967,4.209618,-2.985663,-2.665588,4.213570,-2.985663,0.004000,0.000000,-2.665588,4.213570,-2.985663,0.004000,0.000000,-2.665588,4.213570,-2.985663,0.004000,0.000000,nan,nan,nan,nan,nan,0.000000,0
1788899887.976785,101.846447,-2.664967,4.209618,-2.985663,-2.665588,4.213570,-2.985663,0.004000,0.000000,-2.665588,4.213570,-2.985663,0.004000,0.000000,-2.665588,4.213570,-2.985663,0.004000,0.000000,nan,nan,nan,nan,nan,0.000000,0
1788899888.026521,101.896183,-2.664967,4.209618,-2.985663,-2.665588,4.213570,-2.985663,0.004000,0.000000,-2.665588,4.213570,-2.985663,0.004000,0.000000,-2.665588,4.213570,-2.985663,0.004000,0.000000,nan,nan,nan,nan,nan,0.000000,0
1788899888.026521,101.896183,-2.664967,4.209618,-2.985663,-2.665588,4.213570,-2.985663,0.004000,0.000000,-2.665588,4.213570,-2.985663,0.004000,0.000000,-2.665588,4.213570,-2.985663,0.004000,0.000000,nan,nan,nan,nan,nan,0.000000,0
1788899888.076442,101.946104,-2.664967,4.209618,-2.985663,-2.665588,4.213570,-2.985663,0.004000,0.000000,-2.665588,4.213570,-2.985663,0.004000,0.000000,-2.665588,4.213570,-2.985663,0.004000,0.000000,nan,nan,nan,nan,nan,0.000000,0
1788899888.076442,101.946104,-2.664967,4.209618,-2.985663,-2.665588,4.213570,-2.985663,0.004000,0.000000,-2.665588,4.213570,-2.985663,0.004000,0.000000,-2.665588,4.213570,-2.985663,0.004000,0.000000,nan,nan,nan,nan,nan,0.000000,0
1788899888.126512,101.996173,-2.664967,4.209618,-2.985663,-2.665588,4.213570,-2.985663,0.004000,0.000000,-2.665588,4.213570,-2.985663,0.004000,0.000000,-2.665588,4.213570,-2.985663,0.004000,0.000000,nan,nan,nan,nan,nan,0.000000,0
1788899888.126512,101.996173,-2.664967,4.209618,-2.985663,-2.665588,4.213570,-2.985663,0.004000,0.000000,-2.665588,4.213570,-2.985663,0.004000,0.000000,-2.665588,4.213570,-2.985663,0.004000,0.000000,nan,nan,nan,nan,nan,0.000000,0
1788899888.176032,102.045694,-2.664967,4.209618,-2.985663,-2.665588,4.213570,-2.985663,0.004000,0.000000,-2.665588,4.213570,-2.985663,0.004000,0.000000,-2.665588,4.213570,-2.985663,0.004000,0.000000,nan,nan,nan,nan,nan,0.000000,0
1788899888.176032,102.045694,-2.664967,4.209618,-2.985663,-2.665588,4.213570,-2.985663,0.004000,0.000000,-2.665588,4.213570,-2.985663,0.004000,0.000000,-2.665588,4.213570,-2.985663,0.004000,0.000000,nan,nan,nan,nan,nan,0.000000,0
1788899888.226487,102.096148,-2.664967,4.209618,-2.985663,-2.665588,4.213570,-2.985663,0.004000,0.000000,-2.665588,4.213570,-2.985663,0.004000,0.000000,-2.665588,4.213570,-2.985663,0.004000,0.000000,nan,nan,nan,nan,nan,0.000000,0
1788899888.226487,102.096148,-2.664967,4.209618,-2.985663,-2.665588,4.213570,-2.985663,0.004000,0.000000,-2.665588,4.213570,-2.985663,0.004000,0.000000,-2.665588,4.213570,-2.985663,0.004000,0.000000,nan,nan,nan,nan,nan,0.000000,0
1788899888.276813,102.146475,-2.664967,4.209618,-2.985663,-2.665588,4.213570,-2.985663,0.004000,0.000000,-2.665588,4.213570,-2.985663,0.004000,0.000000,-2.665588,4.213570,-2.985663,0.004000,0.000000,nan,nan,nan,nan,nan,0.000000,0
1788899888.276813,102.146475,-2.664967,4.209618,-2.985663,-2.665588,4.213570,-2.985663,0.004000,0.000000,-2.665588,4.213570,-2.985663,0.004000,0.000000,-2.665588,4.213570,-2.985663,0.004000,0.000000,nan,nan,nan,nan,nan,0.000000,0
1788899888.326509,102.196171,-2.664967,4.209618,-2.985663,-2.665588,4.213570,-2.985663,0.004000,0.000000,-2.665588,4.213570,-2.985663,0.004000,0.000000,-2.665588,4.213570,-2.985663,0.004000,0.000000,nan,nan,nan,nan,nan,0.000000,0
1788899888.326509,102.196171,-2.664967,4.209618,-2.985663,-2.665588,4.213570,-2.985663,0.004000,0.000000,-2.665588,4.213570,-2.985663,0.004000,0.000000,-2.665588,4.213570,-2.985663,0.004000,0.000000,nan,nan,nan,nan,nan,0.000000,0
1788899888.376764,102.246425,-2.664967,4.209618,-2.985663,-2.665588,4.213570,-2.985663,0.004000,0.000000,-2.665588,4.213570,-2.985663,0.004000,0.000000,-2.665588,4.213570,-2.985663,0.004000,0.000000,nan,nan,nan,nan,nan,0.000000,0
1788899888.376764,102.246425,-2.664967,4.209618,-2.985663,-2.665588,4.213570,-2.985663,0.004000,0.000000,-2.665588,4.213570,-2.985663,0.004000,0.000000,-2.665588,4.213570,-2.985663,0.004000,0.000000,nan,nan,nan,nan,nan,0.000000,0
1788899888.426726,102.296388,-2.664967,4.209618,-2.985663,-2.665588,4.213570,-2.985663,0.004000,0.000000,-2.665588,4.213570,-2.985663,0.004000,0.000000,-2.665588,4.213570,-2.985663,0.004000,0.000000,nan,nan,nan,nan,nan,0.000000,0
1788899888.426726,102.296388,-2.664967,4.209618,-2.985663,-2.665588,4.213570,-2.985663,0.004000,0.000000,-2.665588,4.213570,-2.985663,0.004000,0.000000,-2.665588,4.213570,-2.985663,0.004000,0.000000,nan,nan,nan,nan,nan,0.000000,0
1788899888.476546,102.346208,-2.664967,4.209618,-2.985663,-2.665588,4.213570,-2.985663,0.004000,0.000000,-2.665588,4.213570,-2.985663,0.004000,0.000000,-2.665588,4.213570,-2.985663,0.004000,0.000000,nan,nan,nan,nan,nan,0.000000,0
1788899888.476546,102.346208,-2.664967,4.209618,-2.985663,-2.665588,4.213570,-2.985663,0.004000,0.000000,-2.665588,4.213570,-2.985663,0.004000,0.000000,-2.665588,4.213570,-2.985663,0.004000,0.000000,nan,nan,nan,nan,nan,0.000000,0
1788899888.526441,102.396103,-2.664967,4.209618,-2.985663,-2.665588,4.213570,-2.985663,0.004000,0.000000,-2.665588,4.213570,-2.985663,0.004000,0.000000,-2.665588,4.213570,-2.985663,0.004000,0.000000,nan,nan,nan,nan,nan,0.000000,0
1788899888.526441,102.396103,-2.664967,4.209618,-2.985663,-2.665588,4.213570,-2.985663,0.004000,0.000000,-2.665588,4.213570,-2.985663,0.004000,0.000000,-2.665588,4.213570,-2.985663,0.004000,0.000000,nan,nan,nan,nan,nan,0.000000,0
1788899888.577233,102.446895,-2.664967,4.209618,-2.985663,-2.665588,4.213570,-2.985663,0.004000,0.000000,-2.665588,4.213570,-2.985663,0.004000,0.000000,-2.665588,4.213570,-2.985663,0.004000,0.000000,nan,nan,nan,nan,nan,0.000000,0
1788899888.577233,102.446895,-2.664967,4.209618,-2.985663,-2.665588,4.213570,-2.985663,0.004000,0.000000,-2.665588,4.213570,-2.985663,0.004000,0.000000,-2.665588,4.213570,-2.985663,0.004000,0.000000,nan,nan,nan,nan,nan,0.000000,0
1788899888.626662,102.496324,-2.664967,4.209618,-2.985663,-2.665588,4.213570,-2.985663,0.004000,0.000000,-2.665588,4.213570,-2.985663,0.004000,0.000000,-2.665588,4.213570,-2.985663,0.004000,0.000000,nan,nan,nan,nan,nan,0.000000,0
1788899888.626662,102.496324,-2.664967,4.209618,-2.985663,-2.665588,4.213570,-2.985663,0.004000,0.000000,-2.665588,4.213570,-2.985663,0.004000,0.000000,-2.665588,4.213570,-2.985663,0.004000,0.000000,nan,nan,nan,nan,nan,0.000000,0
1788899888.676136,102.545798,-2.664967,4.209618,-2.985663,-2.665588,4.213570,-2.985663,0.004000,0.000000,-2.665588,4.213570,-2.985663,0.004000,0.000000,-2.665588,4.213570,-2.985663,0.004000,0.000000,nan,nan,nan,nan,nan,0.000000,0
1788899888.676136,102.545798,-2.664967,4.209618,-2.985663,-2.665588,4.213570,-2.985663,0.004000,0.000000,-2.665588,4.213570,-2.985663,0.004000,0.000000,-2.665588,4.213570,-2.985663,0.004000,0.000000,nan,nan,nan,nan,nan,0.000000,0
1788899888.726131,102.595793,-2.664967,4.209618,-2.985663,-2.665588,4.213570,-2.985663,0.004000,0.000000,-2.665588,4.213570,-2.985663,0.004000,0.000000,-2.665588,4.213570,-2.985663,0.004000,0.000000,nan,nan,nan,nan,nan,0.000000,0
1788899888.726131,102.595793,-2.664967,4.209618,-2.985663,-2.665588,4.213570,-2.985663,0.004000,0.000000,-2.665588,4.213570,-2.985663,0.004000,0.000000,-2.665588,4.213570,-2.985663,0.004000,0.000000,nan,nan,nan,nan,nan,0.000000,0
1788899888.776634,102.646295,-2.664967,4.209618,-2.985663,-2.665588,4.213570,-2.985663,0.004000,0.000000,-2.665588,4.213570,-2.985663,0.004000,0.000000,-2.665588,4.213570,-2.985663,0.004000,0.000000,nan,nan,nan,nan,nan,0.000000,0
1788899888.776634,102.646295,-2.664967,4.209618,-2.985663,-2.665588,4.213570,-2.985663,0.004000,0.000000,-2.665588,4.213570,-2.985663,0.004000,0.000000,-2.665588,4.213570,-2.985663,0.004000,0.000000,nan,nan,nan,nan,nan,0.000000,0
1788899888.826319,102.695981,-2.664967,4.209618,-2.985663,-2.665588,4.213570,-2.985663,0.004000,0.000000,-2.665588,4.213570,-2.985663,0.004000,0.000000,-2.665588,4.213570,-2.985663,0.004000,0.000000,nan,nan,nan,nan,nan,0.000000,0
1788899888.826319,102.695981,-2.664967,4.209618,-2.985663,-2.665588,4.213570,-2.985663,0.004000,0.000000,-2.665588,4.213570,-2.985663,0.004000,0.000000,-2.665588,4.213570,-2.985663,0.004000,0.000000,nan,nan,nan,nan,nan,0.000000,0
1788899888.876429,102.746091,-2.664967,4.209618,-2.985663,-2.665588,4.213570,-2.985663,0.004000,0.000000,-2.665588,4.213570,-2.985663,0.004000,0.000000,-2.665588,4.213570,-2.985663,0.004000,0.000000,nan,nan,nan,nan,nan,0.000000,0
1788899888.876429,102.746091,-2.664967,4.209618,-2.985663,-2.665588,4.213570,-2.985663,0.004000,0.000000,-2.665588,4.213570,-2.985663,0.004000,0.000000,-2.665588,4.213570,-2.985663,0.004000,0.000000,nan,nan,nan,nan,nan,0.000000,0
1788899888.926114,102.795775,-2.664967,4.209618,-2.985663,-2.665588,4.213570,-2.985663,0.004000,0.000000,-2.665588,4.213570,-2.985663,0.004000,0.000000,-2.665588,4.213570,-2.985663,0.004000,0.000000,nan,nan,nan,nan,nan,0.000000,0
1788899888.926114,102.795775,-2.664967,4.209618,-2.985663,-2.665588,4.213570,-2.985663,0.004000,0.000000,-2.665588,4.213570,-2.985663,0.004000,0.000000,-2.665588,4.213570,-2.985663,0.004000,0.000000,nan,nan,nan,nan,nan,0.000000,0
1788899888.976424,102.846086,-2.664967,4.209618,-2.985663,-2.665588,4.213570,-2.985663,0.004000,0.000000,-2.665588,4.213570,-2.985663,0.004000,0.000000,-2.665588,4.213570,-2.985663,0.004000,0.000000,nan,nan,nan,nan,nan,0.000000,0
1788899888.976424,102.846086,-2.664967,4.209618,-2.985663,-2.665588,4.213570,-2.985663,0.004000,0.000000,-2.665588,4.213570,-2.985663,0.004000,0.000000,-2.665588,4.213570,-2.985663,0.004000,0.000000,nan,nan,nan,nan,nan,0.000000,0
1788899889.026355,102.896017,-2.664967,4.209618,-2.985663,-2.665588,4.213570,-2.985663,0.004000,0.000000,-2.665588,4.213570,-2.985663,0.004000,0.000000,-2.665588,4.213570,-2.985663,0.004000,0.000000,nan,nan,nan,nan,nan,0.000000,0
1788899889.026355,102.896017,-2.664967,4.209618,-2.985663,-2.665588,4.213570,-2.985663,0.004000,0.000000,-2.665588,4.213570,-2.985663,0.004000,0.000000,-2.665588,4.213570,-2.985663,0.004000,0.000000,nan,nan,nan,nan,nan,0.000000,0
1788899889.076649,102.946311,-2.664967,4.209618,-2.985663,-2.665588,4.213570,-2.985663,0.004000,0.000000,-2.665588,4.213570,-2.985663,0.004000,0.000000,-2.665588,4.213570,-2.985663,0.004000,0.000000,nan,nan,nan,nan,nan,0.000000,0
1788899889.076649,102.946311,-2.664967,4.209618,-2.985663,-2.665588,4.213570,-2.985663,0.004000,0.000000,-2.665588,4.213570,-2.985663,0.004000,0.000000,-2.665588,4.213570,-2.985663,0.004000,0.000000,nan,nan,nan,nan,nan,0.000000,0
1788899889.126937,102.996599,-2.664967,4.209618,-2.985663,-2.665588,4.213570,-2.985663,0.004000,0.000000,-2.665588,4.213570,-2.985663,0.004000,0.000000,-2.665588,4.213570,-2.985663,0.004000,0.000000,nan,nan,nan,nan,nan,0.000000,0
1788899889.126937,102.996599,-2.664967,4.209618,-2.985663,-2.665588,4.213570,-2.985663,0.004000,0.000000,-2.665588,4.213570,-2.985663,0.004000,0.000000,-2.665588,4.213570,-2.985663,0.004000,0.000000,nan,nan,nan,nan,nan,0.000000,0
1788899889.179318,103.048980,-2.664951,4.209519,-2.985663,-2.665588,4.213570,-2.985663,0.004100,0.000000,-2.665588,4.213570,-2.985663,0.004100,0.000000,-2.665588,4.213570,-2.985663,0.004100,0.000000,nan,nan,nan,nan,nan,0.001909,0
1788899889.179318,103.048980,-2.664951,4.209519,-2.985663,-2.665588,4.213570,-2.985663,0.004100,0.000000,-2.665588,4.213570,-2.985663,0.004100,0.000000,-2.665588,4.213570,-2.985663,0.004100,0.000000,nan,nan,nan,nan,nan,0.001909,0
1788899889.228713,103.098375,-2.664951,4.209519,-2.985663,-2.665588,4.213570,-2.985663,0.004100,0.000000,-2.665588,4.213570,-2.985663,0.004100,0.000000,-2.665588,4.213570,-2.985663,0.004100,0.000000,nan,nan,nan,nan,nan,0.000000,0
1788899889.228713,103.098375,-2.664951,4.209519,-2.985663,-2.665588,4.213570,-2.985663,0.004100,0.000000,-2.665588,4.213570,-2.985663,0.004100,0.000000,-2.665588,4.213570,-2.985663,0.004100,0.000000,nan,nan,nan,nan,nan,0.000000,0
1788899889.278117,103.147779,-2.664951,4.209519,-2.985663,-2.665588,4.213570,-2.985663,0.004100,0.000000,-2.665588,4.213570,-2.985663,0.004100,0.000000,-2.665588,4.213570,-2.985663,0.004100,0.000000,nan,nan,nan,nan,nan,0.000000,0
1788899889.278117,103.147779,-2.664951,4.209519,-2.985663,-2.665588,4.213570,-2.985663,0.004100,0.000000,-2.665588,4.213570,-2.985663,0.004100,0.000000,-2.665588,4.213570,-2.985663,0.004100,0.000000,nan,nan,nan,nan,nan,0.000000,0
1788899889.327674,103.197335,-2.664951,4.209519,-2.985663,-2.665588,4.213570,-2.985663,0.004100,0.000000,-2.665588,4.213570,-2.985663,0.004100,0.000000,-2.665588,4.213570,-2.985663,0.004100,0.000000,nan,nan,nan,nan,nan,0.000000,0
1788899889.327674,103.197335,-2.664951,4.209519,-2.985663,-2.665588,4.213570,-2.985663,0.004100,0.000000,-2.665588,4.213570,-2.985663,0.004100,0.000000,-2.665588,4.213570,-2.985663,0.004100,0.000000,nan,nan,nan,nan,nan,0.000000,0
1788899889.376678,103.246340,-2.664951,4.209519,-2.985663,-2.665588,4.213570,-2.985663,0.004100,0.000000,-2.665588,4.213570,-2.985663,0.004100,0.000000,-2.665588,4.213570,-2.985663,0.004100,0.000000,nan,nan,nan,nan,nan,0.000000,0
1788899889.376678,103.246340,-2.664951,4.209519,-2.985663,-2.665588,4.213570,-2.985663,0.004100,0.000000,-2.665588,4.213570,-2.985663,0.004100,0.000000,-2.665588,4.213570,-2.985663,0.004100,0.000000,nan,nan,nan,nan,nan,0.000000,0
1788899889.426342,103.296004,-2.664951,4.209519,-2.985663,-2.665588,4.213570,-2.985663,0.004100,0.000000,-2.665588,4.213570,-2.985663,0.004100,0.000000,-2.665588,4.213570,-2.985663,0.004100,0.000000,nan,nan,nan,nan,nan,0.000000,0
1788899889.426342,103.296004,-2.664951,4.209519,-2.985663,-2.665588,4.213570,-2.985663,0.004100,0.000000,-2.665588,4.213570,-2.985663,0.004100,0.000000,-2.665588,4.213570,-2.985663,0.004100,0.000000,nan,nan,nan,nan,nan,0.000000,0
1788899889.477014,103.346676,-2.664951,4.209519,-2.985663,-2.665588,4.213570,-2.985663,0.004100,0.000000,-2.665588,4.213570,-2.985663,0.004100,0.000000,-2.665588,4.213570,-2.985663,0.004100,0.000000,nan,nan,nan,nan,nan,0.000000,0
1788899889.477014,103.346676,-2.664951,4.209519,-2.985663,-2.665588,4.213570,-2.985663,0.004100,0.000000,-2.665588,4.213570,-2.985663,0.004100,0.000000,-2.665588,4.213570,-2.985663,0.004100,0.000000,nan,nan,nan,nan,nan,0.000000,0
1788899889.526055,103.395716,-2.664951,4.209519,-2.985663,-2.665588,4.213570,-2.985663,0.004100,0.000000,-2.665588,4.213570,-2.985663,0.004100,0.000000,-2.665588,4.213570,-2.985663,0.004100,0.000000,nan,nan,nan,nan,nan,0.000000,0
1788899889.526055,103.395716,-2.664951,4.209519,-2.985663,-2.665588,4.213570,-2.985663,0.004100,0.000000,-2.665588,4.213570,-2.985663,0.004100,0.000000,-2.665588,4.213570,-2.985663,0.004100,0.000000,nan,nan,nan,nan,nan,0.000000,0
1788899889.576564,103.446226,-2.664951,4.209519,-2.985663,-2.665588,4.213570,-2.985663,0.004100,0.000000,-2.665588,4.213570,-2.985663,0.004100,0.000000,-2.665588,4.213570,-2.985663,0.004100,0.000000,nan,nan,nan,nan,nan,0.000000,0
1788899889.576564,103.446226,-2.664951,4.209519,-2.985663,-2.665588,4.213570,-2.985663,0.004100,0.000000,-2.665588,4.213570,-2.985663,0.004100,0.000000,-2.665588,4.213570,-2.985663,0.004100,0.000000,nan,nan,nan,nan,nan,0.000000,0
1788899889.626839,103.496501,-2.664951,4.209519,-2.985663,-2.665588,4.213570,-2.985663,0.004100,0.000000,-2.665588,4.213570,-2.985663,0.004100,0.000000,-2.665588,4.213570,-2.985663,0.004100,0.000000,nan,nan,nan,nan,nan,0.000000,0
1788899889.626839,103.496501,-2.664951,4.209519,-2.985663,-2.665588,4.213570,-2.985663,0.004100,0.000000,-2.665588,4.213570,-2.985663,0.004100,0.000000,-2.665588,4.213570,-2.985663,0.004100,0.000000,nan,nan,nan,nan,nan,0.000000,0
1788899889.676306,103.545968,-2.664951,4.209519,-2.985663,-2.665588,4.213570,-2.985663,0.004100,0.000000,-2.665588,4.213570,-2.985663,0.004100,0.000000,-2.665588,4.213570,-2.985663,0.004100,0.000000,nan,nan,nan,nan,nan,0.000000,0
1788899889.676306,103.545968,-2.664951,4.209519,-2.985663,-2.665588,4.213570,-2.985663,0.004100,0.000000,-2.665588,4.213570,-2.985663,0.004100,0.000000,-2.665588,4.213570,-2.985663,0.004100,0.000000,nan,nan,nan,nan,nan,0.000000,0
1788899889.726897,103.596559,-2.664951,4.209519,-2.985663,-2.665588,4.213570,-2.985663,0.004100,0.000000,-2.665588,4.213570,-2.985663,0.004100,0.000000,-2.665588,4.213570,-2.985663,0.004100,0.000000,nan,nan,nan,nan,nan,0.000000,0
1788899889.726897,103.596559,-2.664951,4.209519,-2.985663,-2.665588,4.213570,-2.985663,0.004100,0.000000,-2.665588,4.213570,-2.985663,0.004100,0.000000,-2.665588,4.213570,-2.985663,0.004100,0.000000,nan,nan,nan,nan,nan,0.000000,0
1788899889.776146,103.645808,-2.664951,4.209519,-2.985663,-2.665588,4.213570,-2.985663,0.004100,0.000000,-2.665588,4.213570,-2.985663,0.004100,0.000000,-2.665588,4.213570,-2.985663,0.004100,0.000000,nan,nan,nan,nan,nan,0.000000,0
1788899889.776146,103.645808,-2.664951,4.209519,-2.985663,-2.665588,4.213570,-2.985663,0.004100,0.000000,-2.665588,4.213570,-2.985663,0.004100,0.000000,-2.665588,4.213570,-2.985663,0.004100,0.000000,nan,nan,nan,nan,nan,0.000000,0
1788899889.826438,103.696100,-2.664951,4.209519,-2.985663,-2.665588,4.213570,-2.985663,0.004100,0.000000,-2.665588,4.213570,-2.985663,0.004100,0.000000,-2.665588,4.213570,-2.985663,0.004100,0.000000,nan,nan,nan,nan,nan,0.000000,0
1788899889.826438,103.696100,-2.664951,4.209519,-2.985663,-2.665588,4.213570,-2.985663,0.004100,0.000000,-2.665588,4.213570,-2.985663,0.004100,0.000000,-2.665588,4.213570,-2.985663,0.004100,0.000000,nan,nan,nan,nan,nan,0.000000,0
1788899889.876246,103.745908,-2.664951,4.209519,-2.985663,-2.665588,4.213570,-2.985663,0.004100,0.000000,-2.665588,4.213570,-2.985663,0.004100,0.000000,-2.665588,4.213570,-2.985663,0.004100,0.000000,nan,nan,nan,nan,nan,0.000000,0
1788899889.876246,103.745908,-2.664951,4.209519,-2.985663,-2.665588,4.213570,-2.985663,0.004100,0.000000,-2.665588,4.213570,-2.985663,0.004100,0.000000,-2.665588,4.213570,-2.985663,0.004100,0.000000,nan,nan,nan,nan,nan,0.000000,0
1788899889.926195,103.795857,-2.664951,4.209519,-2.985663,-2.665588,4.213570,-2.985663,0.004100,0.000000,-2.665588,4.213570,-2.985663,0.004100,0.000000,-2.665588,4.213570,-2.985663,0.004100,0.000000,nan,nan,nan,nan,nan,0.000000,0
1788899889.926195,103.795857,-2.664951,4.209519,-2.985663,-2.665588,4.213570,-2.985663,0.004100,0.000000,-2.665588,4.213570,-2.985663,0.004100,0.000000,-2.665588,4.213570,-2.985663,0.004100,0.000000,nan,nan,nan,nan,nan,0.000000,0
1788899889.976371,103.846032,-2.664951,4.209519,-2.985663,-2.665588,4.213570,-2.985663,0.004100,0.000000,-2.665588,4.213570,-2.985663,0.004100,0.000000,-2.665588,4.213570,-2.985663,0.004100,0.000000,nan,nan,nan,nan,nan,0.000000,0
1788899889.976371,103.846032,-2.664951,4.209519,-2.985663,-2.665588,4.213570,-2.985663,0.004100,0.000000,-2.665588,4.213570,-2.985663,0.004100,0.000000,-2.665588,4.213570,-2.985663,0.004100,0.000000,nan,nan,nan,nan,nan,0.000000,0
1788899890.026704,103.896366,-2.664951,4.209519,-2.985663,-2.665588,4.213570,-2.985663,0.004100,0.000000,-2.665588,4.213570,-2.985663,0.004100,0.000000,-2.665588,4.213570,-2.985663,0.004100,0.000000,nan,nan,nan,nan,nan,0.000000,0
1788899890.026704,103.896366,-2.664951,4.209519,-2.985663,-2.665588,4.213570,-2.985663,0.004100,0.000000,-2.665588,4.213570,-2.985663,0.004100,0.000000,-2.665588,4.213570,-2.985663,0.004100,0.000000,nan,nan,nan,nan,nan,0.000000,0
1788899890.076168,103.945830,-2.664951,4.209519,-2.985663,-2.665588,4.213570,-2.985663,0.004100,0.000000,-2.665588,4.213570,-2.985663,0.004100,0.000000,-2.665588,4.213570,-2.985663,0.004100,0.000000,nan,nan,nan,nan,nan,0.000000,0
1788899890.076168,103.945830,-2.664951,4.209519,-2.985663,-2.665588,4.213570,-2.985663,0.004100,0.000000,-2.665588,4.213570,-2.985663,0.004100,0.000000,-2.665588,4.213570,-2.985663,0.004100,0.000000,nan,nan,nan,nan,nan,0.000000,0
1788899890.126082,103.995744,-2.664951,4.209519,-2.985663,-2.665588,4.213570,-2.985663,0.004100,0.000000,-2.665588,4.213570,-2.985663,0.004100,0.000000,-2.665588,4.213570,-2.985663,0.004100,0.000000,nan,nan,nan,nan,nan,0.000000,0
1788899890.126082,103.995744,-2.664951,4.209519,-2.985663,-2.665588,4.213570,-2.985663,0.004100,0.000000,-2.665588,4.213570,-2.985663,0.004100,0.000000,-2.665588,4.213570,-2.985663,0.004100,0.000000,nan,nan,nan,nan,nan,0.000000,0
1788899890.176509,104.046171,-2.664951,4.209519,-2.985663,-2.665588,4.213570,-2.985663,0.004100,0.000000,-2.665588,4.213570,-2.985663,0.004100,0.000000,-2.665588,4.213570,-2.985663,0.004100,0.000000,nan,nan,nan,nan,nan,0.000000,0
1788899890.176509,104.046171,-2.664951,4.209519,-2.985663,-2.665588,4.213570,-2.985663,0.004100,0.000000,-2.665588,4.213570,-2.985663,0.004100,0.000000,-2.665588,4.213570,-2.985663,0.004100,0.000000,nan,nan,nan,nan,nan,0.000000,0
1788899890.226515,104.096177,-2.664951,4.209519,-2.985663,-2.665588,4.213570,-2.985663,0.004100,0.000000,-2.665588,4.213570,-2.985663,0.004100,0.000000,-2.665588,4.213570,-2.985663,0.004100,0.000000,nan,nan,nan,nan,nan,0.000000,0
1788899890.226515,104.096177,-2.664951,4.209519,-2.985663,-2.665588,4.213570,-2.985663,0.004100,0.000000,-2.665588,4.213570,-2.985663,0.004100,0.000000,-2.665588,4.213570,-2.985663,0.004100,0.000000,nan,nan,nan,nan,nan,0.000000,0
1788899890.276343,104.146005,-2.664951,4.209519,-2.985663,-2.665588,4.213570,-2.985663,0.004100,0.000000,-2.665588,4.213570,-2.985663,0.004100,0.000000,-2.665588,4.213570,-2.985663,0.004100,0.000000,nan,nan,nan,nan,nan,0.000000,0
1788899890.276343,104.146005,-2.664951,4.209519,-2.985663,-2.665588,4.213570,-2.985663,0.004100,0.000000,-2.665588,4.213570,-2.985663,0.004100,0.000000,-2.665588,4.213570,-2.985663,0.004100,0.000000,nan,nan,nan,nan,nan,0.000000,0
1788899890.326646,104.196307,-2.664951,4.209519,-2.985663,-2.665588,4.213570,-2.985663,0.004100,0.000000,-2.665588,4.213570,-2.985663,0.004100,0.000000,-2.665588,4.213570,-2.985663,0.004100,0.000000,nan,nan,nan,nan,nan,0.000000,0
1788899890.326646,104.196307,-2.664951,4.209519,-2.985663,-2.665588,4.213570,-2.985663,0.004100,0.000000,-2.665588,4.213570,-2.985663,0.004100,0.000000,-2.665588,4.213570,-2.985663,0.004100,0.000000,nan,nan,nan,nan,nan,0.000000,0
1788899890.376830,104.246492,-2.664951,4.209519,-2.985663,-2.665588,4.213570,-2.985663,0.004100,0.000000,-2.665588,4.213570,-2.985663,0.004100,0.000000,-2.665588,4.213570,-2.985663,0.004100,0.000000,nan,nan,nan,nan,nan,0.000000,0
1788899890.376830,104.246492,-2.664951,4.209519,-2.985663,-2.665588,4.213570,-2.985663,0.004100,0.000000,-2.665588,4.213570,-2.985663,0.004100,0.000000,-2.665588,4.213570,-2.985663,0.004100,0.000000,nan,nan,nan,nan,nan,0.000000,0
1788899890.426680,104.296342,-2.664951,4.209519,-2.985663,-2.665588,4.213570,-2.985663,0.004100,0.000000,-2.665588,4.213570,-2.985663,0.004100,0.000000,-2.665588,4.213570,-2.985663,0.004100,0.000000,nan,nan,nan,nan,nan,0.000000,0
1788899890.426680,104.296342,-2.664951,4.209519,-2.985663,-2.665588,4.213570,-2.985663,0.004100,0.000000,-2.665588,4.213570,-2.985663,0.004100,0.000000,-2.665588,4.213570,-2.985663,0.004100,0.000000,nan,nan,nan,nan,nan,0.000000,0
1788899890.476569,104.346231,-2.664951,4.209519,-2.985663,-2.665588,4.213570,-2.985663,0.004100,0.000000,-2.665588,4.213570,-2.985663,0.004100,0.000000,-2.665588,4.213570,-2.985663,0.004100,0.000000,nan,nan,nan,nan,nan,0.000000,0
1788899890.476569,104.346231,-2.664951,4.209519,-2.985663,-2.665588,4.213570,-2.985663,0.004100,0.000000,-2.665588,4.213570,-2.985663,0.004100,0.000000,-2.665588,4.213570,-2.985663,0.004100,0.000000,nan,nan,nan,nan,nan,0.000000,0
1788899890.526383,104.396045,-2.664951,4.209519,-2.985663,-2.665588,4.213570,-2.985663,0.004100,0.000000,-2.665588,4.213570,-2.985663,0.004100,0.000000,-2.665588,4.213570,-2.985663,0.004100,0.000000,nan,nan,nan,nan,nan,0.000000,0
1788899890.526383,104.396045,-2.664951,4.209519,-2.985663,-2.665588,4.213570,-2.985663,0.004100,0.000000,-2.665588,4.213570,-2.985663,0.004100,0.000000,-2.665588,4.213570,-2.985663,0.004100,0.000000,nan,nan,nan,nan,nan,0.000000,0
1788899890.575936,104.445598,-2.664951,4.209519,-2.985663,-2.665588,4.213570,-2.985663,0.004100,0.000000,-2.665588,4.213570,-2.985663,0.004100,0.000000,-2.665588,4.213570,-2.985663,0.004100,0.000000,nan,nan,nan,nan,nan,0.000000,0
1788899890.575936,104.445598,-2.664951,4.209519,-2.985663,-2.665588,4.213570,-2.985663,0.004100,0.000000,-2.665588,4.213570,-2.985663,0.004100,0.000000,-2.665588,4.213570,-2.985663,0.004100,0.000000,nan,nan,nan,nan,nan,0.000000,0
1788899890.627419,104.497080,-2.664951,4.209519,-2.985663,-2.665588,4.213570,-2.985663,0.004100,0.000000,-2.665588,4.213570,-2.985663,0.004100,0.000000,-2.665588,4.213570,-2.985663,0.004100,0.000000,nan,nan,nan,nan,nan,0.000000,0
1788899890.627419,104.497080,-2.664951,4.209519,-2.985663,-2.665588,4.213570,-2.985663,0.004100,0.000000,-2.665588,4.213570,-2.985663,0.004100,0.000000,-2.665588,4.213570,-2.985663,0.004100,0.000000,nan,nan,nan,nan,nan,0.000000,0
1788899890.676322,104.545984,-2.664951,4.209519,-2.985663,-2.665588,4.213570,-2.985663,0.004100,0.000000,-2.665588,4.213570,-2.985663,0.004100,0.000000,-2.665588,4.213570,-2.985663,0.004100,0.000000,nan,nan,nan,nan,nan,0.000000,0
1788899890.676322,104.545984,-2.664951,4.209519,-2.985663,-2.665588,4.213570,-2.985663,0.004100,0.000000,-2.665588,4.213570,-2.985663,0.004100,0.000000,-2.665588,4.213570,-2.985663,0.004100,0.000000,nan,nan,nan,nan,nan,0.000000,0
1788899890.726316,104.595978,-2.664951,4.209519,-2.985663,-2.665588,4.213570,-2.985663,0.004100,0.000000,-2.665588,4.213570,-2.985663,0.004100,0.000000,-2.665588,4.213570,-2.985663,0.004100,0.000000,nan,nan,nan,nan,nan,0.000000,0
1788899890.726316,104.595978,-2.664951,4.209519,-2.985663,-2.665588,4.213570,-2.985663,0.004100,0.000000,-2.665588,4.213570,-2.985663,0.004100,0.000000,-2.665588,4.213570,-2.985663,0.004100,0.000000,nan,nan,nan,nan,nan,0.000000,0
1788899890.777276,104.646938,-2.664951,4.209519,-2.985663,-2.665588,4.213570,-2.985663,0.004100,0.000000,-2.665588,4.213570,-2.985663,0.004100,0.000000,-2.665588,4.213570,-2.985663,0.004100,0.000000,nan,nan,nan,nan,nan,0.000000,0
1788899890.777276,104.646938,-2.664951,4.209519,-2.985663,-2.665588,4.213570,-2.985663,0.004100,0.000000,-2.665588,4.213570,-2.985663,0.004100,0.000000,-2.665588,4.213570,-2.985663,0.004100,0.000000,nan,nan,nan,nan,nan,0.000000,0
1788899890.826668,104.696330,-2.664951,4.209519,-2.985663,-2.665588,4.213570,-2.985663,0.004100,0.000000,-2.665588,4.213570,-2.985663,0.004100,0.000000,-2.665588,4.213570,-2.985663,0.004100,0.000000,nan,nan,nan,nan,nan,0.000000,0
1788899890.826668,104.696330,-2.664951,4.209519,-2.985663,-2.665588,4.213570,-2.985663,0.004100,0.000000,-2.665588,4.213570,-2.985663,0.004100,0.000000,-2.665588,4.213570,-2.985663,0.004100,0.000000,nan,nan,nan,nan,nan,0.000000,0
1788899890.876766,104.746428,-2.664951,4.209519,-2.985663,-2.665588,4.213570,-2.985663,0.004100,0.000000,-2.665588,4.213570,-2.985663,0.004100,0.000000,-2.665588,4.213570,-2.985663,0.004100,0.000000,nan,nan,nan,nan,nan,0.000000,0
1788899890.876766,104.746428,-2.664951,4.209519,-2.985663,-2.665588,4.213570,-2.985663,0.004100,0.000000,-2.665588,4.213570,-2.985663,0.004100,0.000000,-2.665588,4.213570,-2.985663,0.004100,0.000000,nan,nan,nan,nan,nan,0.000000,0
1788899890.926377,104.796039,-2.664951,4.209519,-2.985663,-2.665588,4.213570,-2.985663,0.004100,0.000000,-2.665588,4.213570,-2.985663,0.004100,0.000000,-2.665588,4.213570,-2.985663,0.004100,0.000000,nan,nan,nan,nan,nan,0.000000,0
1788899890.926377,104.796039,-2.664951,4.209519,-2.985663,-2.665588,4.213570,-2.985663,0.004100,0.000000,-2.665588,4.213570,-2.985663,0.004100,0.000000,-2.665588,4.213570,-2.985663,0.004100,0.000000,nan,nan,nan,nan,nan,0.000000,0
1788899890.976522,104.846184,-2.664951,4.209519,-2.985663,-2.665588,4.213570,-2.985663,0.004100,0.000000,-2.665588,4.213570,-2.985663,0.004100,0.000000,-2.665588,4.213570,-2.985663,0.004100,0.000000,nan,nan,nan,nan,nan,0.000000,0
1788899890.976522,104.846184,-2.664951,4.209519,-2.985663,-2.665588,4.213570,-2.985663,0.004100,0.000000,-2.665588,4.213570,-2.985663,0.004100,0.000000,-2.665588,4.213570,-2.985663,0.004100,0.000000,nan,nan,nan,nan,nan,0.000000,0
1788899891.026694,104.896356,-2.664951,4.209519,-2.985663,-2.665588,4.213570,-2.985663,0.004100,0.000000,-2.665588,4.213570,-2.985663,0.004100,0.000000,-2.665588,4.213570,-2.985663,0.004100,0.000000,nan,nan,nan,nan,nan,0.000000,0
1788899891.026694,104.896356,-2.664951,4.209519,-2.985663,-2.665588,4.213570,-2.985663,0.004100,0.000000,-2.665588,4.213570,-2.985663,0.004100,0.000000,-2.665588,4.213570,-2.985663,0.004100,0.000000,nan,nan,nan,nan,nan,0.000000,0
1788899891.076957,104.946619,-2.664951,4.209519,-2.985663,-2.665588,4.213570,-2.985663,0.004100,0.000000,-2.665588,4.213570,-2.985663,0.004100,0.000000,-2.665588,4.213570,-2.985663,0.004100,0.000000,nan,nan,nan,nan,nan,0.000000,0
1788899891.076957,104.946619,-2.664951,4.209519,-2.985663,-2.665588,4.213570,-2.985663,0.004100,0.000000,-2.665588,4.213570,-2.985663,0.004100,0.000000,-2.665588,4.213570,-2.985663,0.004100,0.000000,nan,nan,nan,nan,nan,0.000000,0
1788899891.126546,104.996208,-2.664951,4.209519,-2.985663,-2.665588,4.213570,-2.985663,0.004100,0.000000,-2.665588,4.213570,-2.985663,0.004100,0.000000,-2.665588,4.213570,-2.985663,0.004100,0.000000,nan,nan,nan,nan,nan,0.000000,0
1788899891.126546,104.996208,-2.664951,4.209519,-2.985663,-2.665588,4.213570,-2.985663,0.004100,0.000000,-2.665588,4.213570,-2.985663,0.004100,0.000000,-2.665588,4.213570,-2.985663,0.004100,0.000000,nan,nan,nan,nan,nan,0.000000,0
1788899891.176095,105.045757,-2.664951,4.209519,-2.985663,-2.665588,4.213570,-2.985663,0.004100,0.000000,-2.665588,4.213570,-2.985663,0.004100,0.000000,-2.665588,4.213570,-2.985663,0.004100,0.000000,nan,nan,nan,nan,nan,0.000000,0
1788899891.176095,105.045757,-2.664951,4.209519,-2.985663,-2.665588,4.213570,-2.985663,0.004100,0.000000,-2.665588,4.213570,-2.985663,0.004100,0.000000,-2.665588,4.213570,-2.985663,0.004100,0.000000,nan,nan,nan,nan,nan,0.000000,0
1788899891.226852,105.096514,-2.664951,4.209519,-2.985663,-2.665588,4.213570,-2.985663,0.004100,0.000000,-2.665588,4.213570,-2.985663,0.004100,0.000000,-2.665588,4.213570,-2.985663,0.004100,0.000000,nan,nan,nan,nan,nan,0.000000,0
1788899891.226852,105.096514,-2.664951,4.209519,-2.985663,-2.665588,4.213570,-2.985663,0.004100,0.000000,-2.665588,4.213570,-2.985663,0.004100,0.000000,-2.665588,4.213570,-2.985663,0.004100,0.000000,nan,nan,nan,nan,nan,0.000000,0
1788899891.276572,105.146234,-2.664951,4.209519,-2.985663,-2.665588,4.213570,-2.985663,0.004100,0.000000,-2.665588,4.213570,-2.985663,0.004100,0.000000,-2.665588,4.213570,-2.985663,0.004100,0.000000,nan,nan,nan,nan,nan,0.000000,0
1788899891.276572,105.146234,-2.664951,4.209519,-2.985663,-2.665588,4.213570,-2.985663,0.004100,0.000000,-2.665588,4.213570,-2.985663,0.004100,0.000000,-2.665588,4.213570,-2.985663,0.004100,0.000000,nan,nan,nan,nan,nan,0.000000,0
1788899891.326693,105.196355,-2.664951,4.209519,-2.985663,-2.665588,4.213570,-2.985663,0.004100,0.000000,-2.665588,4.213570,-2.985663,0.004100,0.000000,-2.665588,4.213570,-2.985663,0.004100,0.000000,nan,nan,nan,nan,nan,0.000000,0
1788899891.326693,105.196355,-2.664951,4.209519,-2.985663,-2.665588,4.213570,-2.985663,0.004100,0.000000,-2.665588,4.213570,-2.985663,0.004100,0.000000,-2.665588,4.213570,-2.985663,0.004100,0.000000,nan,nan,nan,nan,nan,0.000000,0
1788899891.376286,105.245948,-2.664951,4.209519,-2.985663,-2.665588,4.213570,-2.985663,0.004100,0.000000,-2.665588,4.213570,-2.985663,0.004100,0.000000,-2.665588,4.213570,-2.985663,0.004100,0.000000,nan,nan,nan,nan,nan,0.000000,0
1788899891.376286,105.245948,-2.664951,4.209519,-2.985663,-2.665588,4.213570,-2.985663,0.004100,0.000000,-2.665588,4.213570,-2.985663,0.004100,0.000000,-2.665588,4.213570,-2.985663,0.004100,0.000000,nan,nan,nan,nan,nan,0.000000,0
1788899891.426564,105.296226,-2.664936,4.209421,-2.985663,-2.665588,4.213570,-2.985663,0.004200,0.000000,-2.665588,4.213570,-2.985663,0.004200,0.000000,-2.665588,4.213570,-2.985663,0.004200,0.000000,nan,nan,nan,nan,nan,0.001989,0
1788899891.426564,105.296226,-2.664936,4.209421,-2.985663,-2.665588,4.213570,-2.985663,0.004200,0.000000,-2.665588,4.213570,-2.985663,0.004200,0.000000,-2.665588,4.213570,-2.985663,0.004200,0.000000,nan,nan,nan,nan,nan,0.001989,0
1788899891.476310,105.345972,-2.664936,4.209421,-2.985663,-2.665588,4.213570,-2.985663,0.004200,0.000000,-2.665588,4.213570,-2.985663,0.004200,0.000000,-2.665588,4.213570,-2.985663,0.004200,0.000000,nan,nan,nan,nan,nan,0.000000,0
1788899891.476310,105.345972,-2.664936,4.209421,-2.985663,-2.665588,4.213570,-2.985663,0.004200,0.000000,-2.665588,4.213570,-2.985663,0.004200,0.000000,-2.665588,4.213570,-2.985663,0.004200,0.000000,nan,nan,nan,nan,nan,0.000000,0
1788899891.526477,105.396139,-2.664936,4.209421,-2.985663,-2.665588,4.213570,-2.985663,0.004200,0.000000,-2.665588,4.213570,-2.985663,0.004200,0.000000,-2.665588,4.213570,-2.985663,0.004200,0.000000,nan,nan,nan,nan,nan,0.000000,0
1788899891.526477,105.396139,-2.664936,4.209421,-2.985663,-2.665588,4.213570,-2.985663,0.004200,0.000000,-2.665588,4.213570,-2.985663,0.004200,0.000000,-2.665588,4.213570,-2.985663,0.004200,0.000000,nan,nan,nan,nan,nan,0.000000,0
1788899891.576831,105.446492,-2.664936,4.209421,-2.985663,-2.665588,4.213570,-2.985663,0.004200,0.000000,-2.665588,4.213570,-2.985663,0.004200,0.000000,-2.665588,4.213570,-2.985663,0.004200,0.000000,nan,nan,nan,nan,nan,0.000000,0
1788899891.576831,105.446492,-2.664936,4.209421,-2.985663,-2.665588,4.213570,-2.985663,0.004200,0.000000,-2.665588,4.213570,-2.985663,0.004200,0.000000,-2.665588,4.213570,-2.985663,0.004200,0.000000,nan,nan,nan,nan,nan,0.000000,0
1788899891.626207,105.495868,-2.664936,4.209421,-2.985663,-2.665588,4.213570,-2.985663,0.004200,0.000000,-2.665588,4.213570,-2.985663,0.004200,0.000000,-2.665588,4.213570,-2.985663,0.004200,0.000000,nan,nan,nan,nan,nan,0.000000,0
1788899891.626207,105.495868,-2.664936,4.209421,-2.985663,-2.665588,4.213570,-2.985663,0.004200,0.000000,-2.665588,4.213570,-2.985663,0.004200,0.000000,-2.665588,4.213570,-2.985663,0.004200,0.000000,nan,nan,nan,nan,nan,0.000000,0
1788899891.676825,105.546487,-2.664936,4.209421,-2.985663,-2.665588,4.213570,-2.985663,0.004200,0.000000,-2.665588,4.213570,-2.985663,0.004200,0.000000,-2.665588,4.213570,-2.985663,0.004200,0.000000,nan,nan,nan,nan,nan,0.000000,0
1788899891.676825,105.546487,-2.664936,4.209421,-2.985663,-2.665588,4.213570,-2.985663,0.004200,0.000000,-2.665588,4.213570,-2.985663,0.004200,0.000000,-2.665588,4.213570,-2.985663,0.004200,0.000000,nan,nan,nan,nan,nan,0.000000,0
1788899891.726469,105.596130,-2.664936,4.209421,-2.985663,-2.665588,4.213570,-2.985663,0.004200,0.000000,-2.665588,4.213570,-2.985663,0.004200,0.000000,-2.665588,4.213570,-2.985663,0.004200,0.000000,nan,nan,nan,nan,nan,0.000000,0
1788899891.726469,105.596130,-2.664936,4.209421,-2.985663,-2.665588,4.213570,-2.985663,0.004200,0.000000,-2.665588,4.213570,-2.985663,0.004200,0.000000,-2.665588,4.213570,-2.985663,0.004200,0.000000,nan,nan,nan,nan,nan,0.000000,0
1788899891.776245,105.645907,-2.664936,4.209421,-2.985663,-2.665588,4.213570,-2.985663,0.004200,0.000000,-2.665588,4.213570,-2.985663,0.004200,0.000000,-2.665588,4.213570,-2.985663,0.004200,0.000000,nan,nan,nan,nan,nan,0.000000,0
1788899891.776245,105.645907,-2.664936,4.209421,-2.985663,-2.665588,4.213570,-2.985663,0.004200,0.000000,-2.665588,4.213570,-2.985663,0.004200,0.000000,-2.665588,4.213570,-2.985663,0.004200,0.000000,nan,nan,nan,nan,nan,0.000000,0
1788899891.826202,105.695864,-2.664936,4.209421,-2.985663,-2.665588,4.213570,-2.985663,0.004200,0.000000,-2.665588,4.213570,-2.985663,0.004200,0.000000,-2.665588,4.213570,-2.985663,0.004200,0.000000,nan,nan,nan,nan,nan,0.000000,0
1788899891.826202,105.695864,-2.664936,4.209421,-2.985663,-2.665588,4.213570,-2.985663,0.004200,0.000000,-2.665588,4.213570,-2.985663,0.004200,0.000000,-2.665588,4.213570,-2.985663,0.004200,0.000000,nan,nan,nan,nan,nan,0.000000,0
1788899891.876725,105.746387,-2.664936,4.209421,-2.985663,-2.665588,4.213570,-2.985663,0.004200,0.000000,-2.665588,4.213570,-2.985663,0.004200,0.000000,-2.665588,4.213570,-2.985663,0.004200,0.000000,nan,nan,nan,nan,nan,0.000000,0
1788899891.876725,105.746387,-2.664936,4.209421,-2.985663,-2.665588,4.213570,-2.985663,0.004200,0.000000,-2.665588,4.213570,-2.985663,0.004200,0.000000,-2.665588,4.213570,-2.985663,0.004200,0.000000,nan,nan,nan,nan,nan,0.000000,0
1788899891.926496,105.796158,-2.664936,4.209421,-2.985663,-2.665588,4.213570,-2.985663,0.004200,0.000000,-2.665588,4.213570,-2.985663,0.004200,0.000000,-2.665588,4.213570,-2.985663,0.004200,0.000000,nan,nan,nan,nan,nan,0.000000,0
1788899891.926496,105.796158,-2.664936,4.209421,-2.985663,-2.665588,4.213570,-2.985663,0.004200,0.000000,-2.665588,4.213570,-2.985663,0.004200,0.000000,-2.665588,4.213570,-2.985663,0.004200,0.000000,nan,nan,nan,nan,nan,0.000000,0
1788899891.976369,105.846031,-2.664936,4.209421,-2.985663,-2.665588,4.213570,-2.985663,0.004200,0.000000,-2.665588,4.213570,-2.985663,0.004200,0.000000,-2.665588,4.213570,-2.985663,0.004200,0.000000,nan,nan,nan,nan,nan,0.000000,0
1788899891.976369,105.846031,-2.664936,4.209421,-2.985663,-2.665588,4.213570,-2.985663,0.004200,0.000000,-2.665588,4.213570,-2.985663,0.004200,0.000000,-2.665588,4.213570,-2.985663,0.004200,0.000000,nan,nan,nan,nan,nan,0.000000,0
1788899892.026314,105.895976,-2.664936,4.209421,-2.985663,-2.665588,4.213570,-2.985663,0.004200,0.000000,-2.665588,4.213570,-2.985663,0.004200,0.000000,-2.665588,4.213570,-2.985663,0.004200,0.000000,nan,nan,nan,nan,nan,0.000000,0
1788899892.026314,105.895976,-2.664936,4.209421,-2.985663,-2.665588,4.213570,-2.985663,0.004200,0.000000,-2.665588,4.213570,-2.985663,0.004200,0.000000,-2.665588,4.213570,-2.985663,0.004200,0.000000,nan,nan,nan,nan,nan,0.000000,0
1788899892.076741,105.946403,-2.664936,4.209421,-2.985663,-2.665588,4.213570,-2.985663,0.004200,0.000000,-2.665588,4.213570,-2.985663,0.004200,0.000000,-2.665588,4.213570,-2.985663,0.004200,0.000000,nan,nan,nan,nan,nan,0.000000,0
1788899892.076741,105.946403,-2.664936,4.209421,-2.985663,-2.665588,4.213570,-2.985663,0.004200,0.000000,-2.665588,4.213570,-2.985663,0.004200,0.000000,-2.665588,4.213570,-2.985663,0.004200,0.000000,nan,nan,nan,nan,nan,0.000000,0
1788899892.126584,105.996246,-2.664936,4.209421,-2.985663,-2.665588,4.213570,-2.985663,0.004200,0.000000,-2.665588,4.213570,-2.985663,0.004200,0.000000,-2.665588,4.213570,-2.985663,0.004200,0.000000,nan,nan,nan,nan,nan,0.000000,0
1788899892.126584,105.996246,-2.664936,4.209421,-2.985663,-2.665588,4.213570,-2.985663,0.004200,0.000000,-2.665588,4.213570,-2.985663,0.004200,0.000000,-2.665588,4.213570,-2.985663,0.004200,0.000000,nan,nan,nan,nan,nan,0.000000,0
1788899892.176314,106.045976,-2.664936,4.209421,-2.985663,-2.665588,4.213570,-2.985663,0.004200,0.000000,-2.665588,4.213570,-2.985663,0.004200,0.000000,-2.665588,4.213570,-2.985663,0.004200,0.000000,nan,nan,nan,nan,nan,0.000000,0
1788899892.176314,106.045976,-2.664936,4.209421,-2.985663,-2.665588,4.213570,-2.985663,0.004200,0.000000,-2.665588,4.213570,-2.985663,0.004200,0.000000,-2.665588,4.213570,-2.985663,0.004200,0.000000,nan,nan,nan,nan,nan,0.000000,0
1788899892.226415,106.096077,-2.664936,4.209421,-2.985663,-2.665588,4.213570,-2.985663,0.004200,0.000000,-2.665588,4.213570,-2.985663,0.004200,0.000000,-2.665588,4.213570,-2.985663,0.004200,0.000000,nan,nan,nan,nan,nan,0.000000,0
1788899892.226415,106.096077,-2.664936,4.209421,-2.985663,-2.665588,4.213570,-2.985663,0.004200,0.000000,-2.665588,4.213570,-2.985663,0.004200,0.000000,-2.665588,4.213570,-2.985663,0.004200,0.000000,nan,nan,nan,nan,nan,0.000000,0
1788899892.276764,106.146425,-2.664936,4.209421,-2.985663,-2.665588,4.213570,-2.985663,0.004200,0.000000,-2.665588,4.213570,-2.985663,0.004200,0.000000,-2.665588,4.213570,-2.985663,0.004200,0.000000,nan,nan,nan,nan,nan,0.000000,0
1788899892.276764,106.146425,-2.664936,4.209421,-2.985663,-2.665588,4.213570,-2.985663,0.004200,0.000000,-2.665588,4.213570,-2.985663,0.004200,0.000000,-2.665588,4.213570,-2.985663,0.004200,0.000000,nan,nan,nan,nan,nan,0.000000,0
1788899892.326831,106.196493,-2.664936,4.209421,-2.985663,-2.665588,4.213570,-2.985663,0.004200,0.000000,-2.665588,4.213570,-2.985663,0.004200,0.000000,-2.665588,4.213570,-2.985663,0.004200,0.000000,nan,nan,nan,nan,nan,0.000000,0
1788899892.326831,106.196493,-2.664936,4.209421,-2.985663,-2.665588,4.213570,-2.985663,0.004200,0.000000,-2.665588,4.213570,-2.985663,0.004200,0.000000,-2.665588,4.213570,-2.985663,0.004200,0.000000,nan,nan,nan,nan,nan,0.000000,0
1788899892.376901,106.246563,-2.664936,4.209421,-2.985663,-2.665588,4.213570,-2.985663,0.004200,0.000000,-2.665588,4.213570,-2.985663,0.004200,0.000000,-2.665588,4.213570,-2.985663,0.004200,0.000000,nan,nan,nan,nan,nan,0.000000,0
1788899892.376901,106.246563,-2.664936,4.209421,-2.985663,-2.665588,4.213570,-2.985663,0.004200,0.000000,-2.665588,4.213570,-2.985663,0.004200,0.000000,-2.665588,4.213570,-2.985663,0.004200,0.000000,nan,nan,nan,nan,nan,0.000000,0
1788899892.426618,106.296280,-2.664936,4.209421,-2.985663,-2.665588,4.213570,-2.985663,0.004200,0.000000,-2.665588,4.213570,-2.985663,0.004200,0.000000,-2.665588,4.213570,-2.985663,0.004200,0.000000,nan,nan,nan,nan,nan,0.000000,0
1788899892.426618,106.296280,-2.664936,4.209421,-2.985663,-2.665588,4.213570,-2.985663,0.004200,0.000000,-2.665588,4.213570,-2.985663,0.004200,0.000000,-2.665588,4.213570,-2.985663,0.004200,0.000000,nan,nan,nan,nan,nan,0.000000,0
1788899892.476313,106.345974,-2.664936,4.209421,-2.985663,-2.665588,4.213570,-2.985663,0.004200,0.000000,-2.665588,4.213570,-2.985663,0.004200,0.000000,-2.665588,4.213570,-2.985663,0.004200,0.000000,nan,nan,nan,nan,nan,0.000000,0
1788899892.476313,106.345974,-2.664936,4.209421,-2.985663,-2.665588,4.213570,-2.985663,0.004200,0.000000,-2.665588,4.213570,-2.985663,0.004200,0.000000,-2.665588,4.213570,-2.985663,0.004200,0.000000,nan,nan,nan,nan,nan,0.000000,0
1788899892.526074,106.395736,-2.664936,4.209421,-2.985663,-2.665588,4.213570,-2.985663,0.004200,0.000000,-2.665588,4.213570,-2.985663,0.004200,0.000000,-2.665588,4.213570,-2.985663,0.004200,0.000000,nan,nan,nan,nan,nan,0.000000,0
1788899892.526074,106.395736,-2.664936,4.209421,-2.985663,-2.665588,4.213570,-2.985663,0.004200,0.000000,-2.665588,4.213570,-2.985663,0.004200,0.000000,-2.665588,4.213570,-2.985663,0.004200,0.000000,nan,nan,nan,nan,nan,0.000000,0
1788899892.576048,106.445710,-2.664936,4.209421,-2.985663,-2.665588,4.213570,-2.985663,0.004200,0.000000,-2.665588,4.213570,-2.985663,0.004200,0.000000,-2.665588,4.213570,-2.985663,0.004200,0.000000,nan,nan,nan,nan,nan,0.000000,0
1788899892.576048,106.445710,-2.664936,4.209421,-2.985663,-2.665588,4.213570,-2.985663,0.004200,0.000000,-2.665588,4.213570,-2.985663,0.004200,0.000000,-2.665588,4.213570,-2.985663,0.004200,0.000000,nan,nan,nan,nan,nan,0.000000,0
1788899892.626777,106.496439,-2.664936,4.209421,-2.985663,-2.665588,4.213570,-2.985663,0.004200,0.000000,-2.665588,4.213570,-2.985663,0.004200,0.000000,-2.665588,4.213570,-2.985663,0.004200,0.000000,nan,nan,nan,nan,nan,0.000000,0
1788899892.626777,106.496439,-2.664936,4.209421,-2.985663,-2.665588,4.213570,-2.985663,0.004200,0.000000,-2.665588,4.213570,-2.985663,0.004200,0.000000,-2.665588,4.213570,-2.985663,0.004200,0.000000,nan,nan,nan,nan,nan,0.000000,0
1788899892.676652,106.546314,-2.664936,4.209421,-2.985663,-2.665588,4.213570,-2.985663,0.004200,0.000000,-2.665588,4.213570,-2.985663,0.004200,0.000000,-2.665588,4.213570,-2.985663,0.004200,0.000000,nan,nan,nan,nan,nan,0.000000,0
1788899892.676652,106.546314,-2.664936,4.209421,-2.985663,-2.665588,4.213570,-2.985663,0.004200,0.000000,-2.665588,4.213570,-2.985663,0.004200,0.000000,-2.665588,4.213570,-2.985663,0.004200,0.000000,nan,nan,nan,nan,nan,0.000000,0
1788899892.726293,106.595955,-2.664936,4.209421,-2.985663,-2.665588,4.213570,-2.985663,0.004200,0.000000,-2.665588,4.213570,-2.985663,0.004200,0.000000,-2.665588,4.213570,-2.985663,0.004200,0.000000,nan,nan,nan,nan,nan,0.000000,0
1788899892.726293,106.595955,-2.664936,4.209421,-2.985663,-2.665588,4.213570,-2.985663,0.004200,0.000000,-2.665588,4.213570,-2.985663,0.004200,0.000000,-2.665588,4.213570,-2.985663,0.004200,0.000000,nan,nan,nan,nan,nan,0.000000,0
1788899892.776049,106.645710,-2.664936,4.209421,-2.985663,-2.665588,4.213570,-2.985663,0.004200,0.000000,-2.665588,4.213570,-2.985663,0.004200,0.000000,-2.665588,4.213570,-2.985663,0.004200,0.000000,nan,nan,nan,nan,nan,0.000000,0
1788899892.776049,106.645710,-2.664936,4.209421,-2.985663,-2.665588,4.213570,-2.985663,0.004200,0.000000,-2.665588,4.213570,-2.985663,0.004200,0.000000,-2.665588,4.213570,-2.985663,0.004200,0.000000,nan,nan,nan,nan,nan,0.000000,0
1788899892.826616,106.696278,-2.664936,4.209421,-2.985663,-2.665588,4.213570,-2.985663,0.004200,0.000000,-2.665588,4.213570,-2.985663,0.004200,0.000000,-2.665588,4.213570,-2.985663,0.004200,0.000000,nan,nan,nan,nan,nan,0.000000,0
1788899892.826616,106.696278,-2.664936,4.209421,-2.985663,-2.665588,4.213570,-2.985663,0.004200,0.000000,-2.665588,4.213570,-2.985663,0.004200,0.000000,-2.665588,4.213570,-2.985663,0.004200,0.000000,nan,nan,nan,nan,nan,0.000000,0
1788899892.876829,106.746490,-2.664936,4.209421,-2.985663,-2.665588,4.213570,-2.985663,0.004200,0.000000,-2.665588,4.213570,-2.985663,0.004200,0.000000,-2.665588,4.213570,-2.985663,0.004200,0.000000,nan,nan,nan,nan,nan,0.000000,0
1788899892.876829,106.746490,-2.664936,4.209421,-2.985663,-2.665588,4.213570,-2.985663,0.004200,0.000000,-2.665588,4.213570,-2.985663,0.004200,0.000000,-2.665588,4.213570,-2.985663,0.004200,0.000000,nan,nan,nan,nan,nan,0.000000,0
1788899892.925899,106.795561,-2.664936,4.209421,-2.985663,-2.665588,4.213570,-2.985663,0.004200,0.000000,-2.665588,4.213570,-2.985663,0.004200,0.000000,-2.665588,4.213570,-2.985663,0.004200,0.000000,nan,nan,nan,nan,nan,0.000000,0
1788899892.925899,106.795561,-2.664936,4.209421,-2.985663,-2.665588,4.213570,-2.985663,0.004200,0.000000,-2.665588,4.213570,-2.985663,0.004200,0.000000,-2.665588,4.213570,-2.985663,0.004200,0.000000,nan,nan,nan,nan,nan,0.000000,0
1788899892.976503,106.846165,-2.664936,4.209421,-2.985663,-2.665588,4.213570,-2.985663,0.004200,0.000000,-2.665588,4.213570,-2.985663,0.004200,0.000000,-2.665588,4.213570,-2.985663,0.004200,0.000000,nan,nan,nan,nan,nan,0.000000,0
1788899892.976503,106.846165,-2.664936,4.209421,-2.985663,-2.665588,4.213570,-2.985663,0.004200,0.000000,-2.665588,4.213570,-2.985663,0.004200,0.000000,-2.665588,4.213570,-2.985663,0.004200,0.000000,nan,nan,nan,nan,nan,0.000000,0
1788899893.026926,106.896588,-2.664936,4.209421,-2.985663,-2.665588,4.213570,-2.985663,0.004200,0.000000,-2.665588,4.213570,-2.985663,0.004200,0.000000,-2.665588,4.213570,-2.985663,0.004200,0.000000,nan,nan,nan,nan,nan,0.000000,0
1788899893.026926,106.896588,-2.664936,4.209421,-2.985663,-2.665588,4.213570,-2.985663,0.004200,0.000000,-2.665588,4.213570,-2.985663,0.004200,0.000000,-2.665588,4.213570,-2.985663,0.004200,0.000000,nan,nan,nan,nan,nan,0.000000,0
1788899893.076780,106.946441,-2.664936,4.209421,-2.985663,-2.665588,4.213570,-2.985663,0.004200,0.000000,-2.665588,4.213570,-2.985663,0.004200,0.000000,-2.665588,4.213570,-2.985663,0.004200,0.000000,nan,nan,nan,nan,nan,0.000000,0
1788899893.076780,106.946441,-2.664936,4.209421,-2.985663,-2.665588,4.213570,-2.985663,0.004200,0.000000,-2.665588,4.213570,-2.985663,0.004200,0.000000,-2.665588,4.213570,-2.985663,0.004200,0.000000,nan,nan,nan,nan,nan,0.000000,0
1788899893.126601,106.996263,-2.664936,4.209421,-2.985663,-2.665588,4.213570,-2.985663,0.004200,0.000000,-2.665588,4.213570,-2.985663,0.004200,0.000000,-2.665588,4.213570,-2.985663,0.004200,0.000000,nan,nan,nan,nan,nan,0.000000,0
1788899893.126601,106.996263,-2.664936,4.209421,-2.985663,-2.665588,4.213570,-2.985663,0.004200,0.000000,-2.665588,4.213570,-2.985663,0.004200,0.000000,-2.665588,4.213570,-2.985663,0.004200,0.000000,nan,nan,nan,nan,nan,0.000000,0
1788899893.176681,107.046343,-2.664936,4.209421,-2.985663,-2.665588,4.213570,-2.985663,0.004200,0.000000,-2.665588,4.213570,-2.985663,0.004200,0.000000,-2.665588,4.213570,-2.985663,0.004200,0.000000,nan,nan,nan,nan,nan,0.000000,0
1788899893.176681,107.046343,-2.664936,4.209421,-2.985663,-2.665588,4.213570,-2.985663,0.004200,0.000000,-2.665588,4.213570,-2.985663,0.004200,0.000000,-2.665588,4.213570,-2.985663,0.004200,0.000000,nan,nan,nan,nan,nan,0.000000,0
1788899893.226752,107.096414,-2.664936,4.209421,-2.985663,-2.665588,4.213570,-2.985663,0.004200,0.000000,-2.665588,4.213570,-2.985663,0.004200,0.000000,-2.665588,4.213570,-2.985663,0.004200,0.000000,nan,nan,nan,nan,nan,0.000000,0
1788899893.226752,107.096414,-2.664936,4.209421,-2.985663,-2.665588,4.213570,-2.985663,0.004200,0.000000,-2.665588,4.213570,-2.985663,0.004200,0.000000,-2.665588,4.213570,-2.985663,0.004200,0.000000,nan,nan,nan,nan,nan,0.000000,0
1788899893.276114,107.145776,-2.664936,4.209421,-2.985663,-2.665588,4.213570,-2.985663,0.004200,0.000000,-2.665588,4.213570,-2.985663,0.004200,0.000000,-2.665588,4.213570,-2.985663,0.004200,0.000000,nan,nan,nan,nan,nan,0.000000,0
1788899893.276114,107.145776,-2.664936,4.209421,-2.985663,-2.665588,4.213570,-2.985663,0.004200,0.000000,-2.665588,4.213570,-2.985663,0.004200,0.000000,-2.665588,4.213570,-2.985663,0.004200,0.000000,nan,nan,nan,nan,nan,0.000000,0
1788899893.326943,107.196604,-2.664936,4.209421,-2.985663,-2.665588,4.213570,-2.985663,0.004200,0.000000,-2.665588,4.213570,-2.985663,0.004200,0.000000,-2.665588,4.213570,-2.985663,0.004200,0.000000,nan,nan,nan,nan,nan,0.000000,0
1788899893.326943,107.196604,-2.664936,4.209421,-2.985663,-2.665588,4.213570,-2.985663,0.004200,0.000000,-2.665588,4.213570,-2.985663,0.004200,0.000000,-2.665588,4.213570,-2.985663,0.004200,0.000000,nan,nan,nan,nan,nan,0.000000,0
1788899893.376738,107.246400,-2.664936,4.209421,-2.985663,-2.665588,4.213570,-2.985663,0.004200,0.000000,-2.665588,4.213570,-2.985663,0.004200,0.000000,-2.665588,4.213570,-2.985663,0.004200,0.000000,nan,nan,nan,nan,nan,0.000000,0
1788899893.376738,107.246400,-2.664936,4.209421,-2.985663,-2.665588,4.213570,-2.985663,0.004200,0.000000,-2.665588,4.213570,-2.985663,0.004200,0.000000,-2.665588,4.213570,-2.985663,0.004200,0.000000,nan,nan,nan,nan,nan,0.000000,0
1788899893.426015,107.295677,-2.664936,4.209421,-2.985663,-2.665588,4.213570,-2.985663,0.004200,0.000000,-2.665588,4.213570,-2.985663,0.004200,0.000000,-2.665588,4.213570,-2.985663,0.004200,0.000000,nan,nan,nan,nan,nan,0.000000,0
1788899893.426015,107.295677,-2.664936,4.209421,-2.985663,-2.665588,4.213570,-2.985663,0.004200,0.000000,-2.665588,4.213570,-2.985663,0.004200,0.000000,-2.665588,4.213570,-2.985663,0.004200,0.000000,nan,nan,nan,nan,nan,0.000000,0
1788899893.476913,107.346575,-2.664936,4.209421,-2.985663,-2.665588,4.213570,-2.985663,0.004200,0.000000,-2.665588,4.213570,-2.985663,0.004200,0.000000,-2.665588,4.213570,-2.985663,0.004200,0.000000,nan,nan,nan,nan,nan,0.000000,0
1788899893.476913,107.346575,-2.664936,4.209421,-2.985663,-2.665588,4.213570,-2.985663,0.004200,0.000000,-2.665588,4.213570,-2.985663,0.004200,0.000000,-2.665588,4.213570,-2.985663,0.004200,0.000000,nan,nan,nan,nan,nan,0.000000,0
1788899893.526569,107.396231,-2.664936,4.209421,-2.985663,-2.665588,4.213570,-2.985663,0.004200,0.000000,-2.665588,4.213570,-2.985663,0.004200,0.000000,-2.665588,4.213570,-2.985663,0.004200,0.000000,nan,nan,nan,nan,nan,0.000000,0
1788899893.526569,107.396231,-2.664936,4.209421,-2.985663,-2.665588,4.213570,-2.985663,0.004200,0.000000,-2.665588,4.213570,-2.985663,0.004200,0.000000,-2.665588,4.213570,-2.985663,0.004200,0.000000,nan,nan,nan,nan,nan,0.000000,0
1788899893.576341,107.446003,-2.664936,4.209421,-2.985663,-2.665588,4.213570,-2.985663,0.004200,0.000000,-2.665588,4.213570,-2.985663,0.004200,0.000000,-2.665588,4.213570,-2.985663,0.004200,0.000000,nan,nan,nan,nan,nan,0.000000,0
1788899893.576341,107.446003,-2.664936,4.209421,-2.985663,-2.665588,4.213570,-2.985663,0.004200,0.000000,-2.665588,4.213570,-2.985663,0.004200,0.000000,-2.665588,4.213570,-2.985663,0.004200,0.000000,nan,nan,nan,nan,nan,0.000000,0
1788899893.626016,107.495677,-2.664936,4.209421,-2.985663,-2.665588,4.213570,-2.985663,0.004200,0.000000,-2.665588,4.213570,-2.985663,0.004200,0.000000,-2.665588,4.213570,-2.985663,0.004200,0.000000,nan,nan,nan,nan,nan,0.000000,0
1788899893.626016,107.495677,-2.664936,4.209421,-2.985663,-2.665588,4.213570,-2.985663,0.004200,0.000000,-2.665588,4.213570,-2.985663,0.004200,0.000000,-2.665588,4.213570,-2.985663,0.004200,0.000000,nan,nan,nan,nan,nan,0.000000,0
1788899893.676589,107.546251,-2.664936,4.209421,-2.985663,-2.665588,4.213570,-2.985663,0.004200,0.000000,-2.665588,4.213570,-2.985663,0.004200,0.000000,-2.665588,4.213570,-2.985663,0.004200,0.000000,nan,nan,nan,nan,nan,0.000000,0
1788899893.676589,107.546251,-2.664936,4.209421,-2.985663,-2.665588,4.213570,-2.985663,0.004200,0.000000,-2.665588,4.213570,-2.985663,0.004200,0.000000,-2.665588,4.213570,-2.985663,0.004200,0.000000,nan,nan,nan,nan,nan,0.000000,0
1788899893.726247,107.595908,-2.664936,4.209421,-2.985663,-2.665588,4.213570,-2.985663,0.004200,0.000000,-2.665588,4.213570,-2.985663,0.004200,0.000000,-2.665588,4.213570,-2.985663,0.004200,0.000000,nan,nan,nan,nan,nan,0.000000,0
1788899893.726247,107.595908,-2.664936,4.209421,-2.985663,-2.665588,4.213570,-2.985663,0.004200,0.000000,-2.665588,4.213570,-2.985663,0.004200,0.000000,-2.665588,4.213570,-2.985663,0.004200,0.000000,nan,nan,nan,nan,nan,0.000000,0
1788899893.776515,107.646176,-2.664936,4.209421,-2.985663,-2.665588,4.213570,-2.985663,0.004200,0.000000,-2.665588,4.213570,-2.985663,0.004200,0.000000,-2.665588,4.213570,-2.985663,0.004200,0.000000,nan,nan,nan,nan,nan,0.000000,0
1788899893.776515,107.646176,-2.664936,4.209421,-2.985663,-2.665588,4.213570,-2.985663,0.004200,0.000000,-2.665588,4.213570,-2.985663,0.004200,0.000000,-2.665588,4.213570,-2.985663,0.004200,0.000000,nan,nan,nan,nan,nan,0.000000,0
1788899893.826089,107.695751,-2.664936,4.209421,-2.985663,-2.665588,4.213570,-2.985663,0.004200,0.000000,-2.665588,4.213570,-2.985663,0.004200,0.000000,-2.665588,4.213570,-2.985663,0.004200,0.000000,nan,nan,nan,nan,nan,0.000000,0
1788899893.826089,107.695751,-2.664936,4.209421,-2.985663,-2.665588,4.213570,-2.985663,0.004200,0.000000,-2.665588,4.213570,-2.985663,0.004200,0.000000,-2.665588,4.213570,-2.985663,0.004200,0.000000,nan,nan,nan,nan,nan,0.000000,0
1788899893.876435,107.746097,-2.664936,4.209421,-2.985663,-2.665588,4.213570,-2.985663,0.004200,0.000000,-2.665588,4.213570,-2.985663,0.004200,0.000000,-2.665588,4.213570,-2.985663,0.004200,0.000000,nan,nan,nan,nan,nan,0.000000,0
1788899893.876435,107.746097,-2.664936,4.209421,-2.985663,-2.665588,4.213570,-2.985663,0.004200,0.000000,-2.665588,4.213570,-2.985663,0.004200,0.000000,-2.665588,4.213570,-2.985663,0.004200,0.000000,nan,nan,nan,nan,nan,0.000000,0
1788899893.926589,107.796250,-2.664920,4.209322,-2.985663,-2.665588,4.213570,-2.985663,0.004300,0.000000,-2.665588,4.213570,-2.985663,0.004300,0.000000,-2.665588,4.213570,-2.985663,0.004300,0.000000,nan,nan,nan,nan,nan,0.001994,0
1788899893.926589,107.796250,-2.664920,4.209322,-2.985663,-2.665588,4.213570,-2.985663,0.004300,0.000000,-2.665588,4.213570,-2.985663,0.004300,0.000000,-2.665588,4.213570,-2.985663,0.004300,0.000000,nan,nan,nan,nan,nan,0.001994,0
1788899893.976449,107.846111,-2.664920,4.209322,-2.985663,-2.665588,4.213570,-2.985663,0.004300,0.000000,-2.665588,4.213570,-2.985663,0.004300,0.000000,-2.665588,4.213570,-2.985663,0.004300,0.000000,nan,nan,nan,nan,nan,0.000000,0
1788899893.976449,107.846111,-2.664920,4.209322,-2.985663,-2.665588,4.213570,-2.985663,0.004300,0.000000,-2.665588,4.213570,-2.985663,0.004300,0.000000,-2.665588,4.213570,-2.985663,0.004300,0.000000,nan,nan,nan,nan,nan,0.000000,0
1788899894.026834,107.896496,-2.664920,4.209322,-2.985663,-2.665588,4.213570,-2.985663,0.004300,0.000000,-2.665588,4.213570,-2.985663,0.004300,0.000000,-2.665588,4.213570,-2.985663,0.004300,0.000000,nan,nan,nan,nan,nan,0.000000,0
1788899894.026834,107.896496,-2.664920,4.209322,-2.985663,-2.665588,4.213570,-2.985663,0.004300,0.000000,-2.665588,4.213570,-2.985663,0.004300,0.000000,-2.665588,4.213570,-2.985663,0.004300,0.000000,nan,nan,nan,nan,nan,0.000000,0
1788899894.076397,107.946059,-2.664920,4.209322,-2.985663,-2.665588,4.213570,-2.985663,0.004300,0.000000,-2.665588,4.213570,-2.985663,0.004300,0.000000,-2.665588,4.213570,-2.985663,0.004300,0.000000,nan,nan,nan,nan,nan,0.000000,0
1788899894.076397,107.946059,-2.664920,4.209322,-2.985663,-2.665588,4.213570,-2.985663,0.004300,0.000000,-2.665588,4.213570,-2.985663,0.004300,0.000000,-2.665588,4.213570,-2.985663,0.004300,0.000000,nan,nan,nan,nan,nan,0.000000,0
1788899894.126836,107.996498,-2.664920,4.209322,-2.985663,-2.665588,4.213570,-2.985663,0.004300,0.000000,-2.665588,4.213570,-2.985663,0.004300,0.000000,-2.665588,4.213570,-2.985663,0.004300,0.000000,nan,nan,nan,nan,nan,0.000000,0
1788899894.126836,107.996498,-2.664920,4.209322,-2.985663,-2.665588,4.213570,-2.985663,0.004300,0.000000,-2.665588,4.213570,-2.985663,0.004300,0.000000,-2.665588,4.213570,-2.985663,0.004300,0.000000,nan,nan,nan,nan,nan,0.000000,0
1788899894.176567,108.046229,-2.664920,4.209322,-2.985663,-2.665588,4.213570,-2.985663,0.004300,0.000000,-2.665588,4.213570,-2.985663,0.004300,0.000000,-2.665588,4.213570,-2.985663,0.004300,0.000000,nan,nan,nan,nan,nan,0.000000,0
1788899894.176567,108.046229,-2.664920,4.209322,-2.985663,-2.665588,4.213570,-2.985663,0.004300,0.000000,-2.665588,4.213570,-2.985663,0.004300,0.000000,-2.665588,4.213570,-2.985663,0.004300,0.000000,nan,nan,nan,nan,nan,0.000000,0
1788899894.226694,108.096356,-2.664920,4.209322,-2.985663,-2.665588,4.213570,-2.985663,0.004300,0.000000,-2.665588,4.213570,-2.985663,0.004300,0.000000,-2.665588,4.213570,-2.985663,0.004300,0.000000,nan,nan,nan,nan,nan,0.000000,0
1788899894.226694,108.096356,-2.664920,4.209322,-2.985663,-2.665588,4.213570,-2.985663,0.004300,0.000000,-2.665588,4.213570,-2.985663,0.004300,0.000000,-2.665588,4.213570,-2.985663,0.004300,0.000000,nan,nan,nan,nan,nan,0.000000,0
1788899894.276614,108.146276,-2.664920,4.209322,-2.985663,-2.665588,4.213570,-2.985663,0.004300,0.000000,-2.665588,4.213570,-2.985663,0.004300,0.000000,-2.665588,4.213570,-2.985663,0.004300,0.000000,nan,nan,nan,nan,nan,0.000000,0
1788899894.276614,108.146276,-2.664920,4.209322,-2.985663,-2.665588,4.213570,-2.985663,0.004300,0.000000,-2.665588,4.213570,-2.985663,0.004300,0.000000,-2.665588,4.213570,-2.985663,0.004300,0.000000,nan,nan,nan,nan,nan,0.000000,0
1788899894.327046,108.196708,-2.664920,4.209322,-2.985663,-2.665588,4.213570,-2.985663,0.004300,0.000000,-2.665588,4.213570,-2.985663,0.004300,0.000000,-2.665588,4.213570,-2.985663,0.004300,0.000000,nan,nan,nan,nan,nan,0.000000,0
1788899894.327046,108.196708,-2.664920,4.209322,-2.985663,-2.665588,4.213570,-2.985663,0.004300,0.000000,-2.665588,4.213570,-2.985663,0.004300,0.000000,-2.665588,4.213570,-2.985663,0.004300,0.000000,nan,nan,nan,nan,nan,0.000000,0
1788899894.376424,108.246085,-2.664920,4.209322,-2.985663,-2.665588,4.213570,-2.985663,0.004300,0.000000,-2.665588,4.213570,-2.985663,0.004300,0.000000,-2.665588,4.213570,-2.985663,0.004300,0.000000,nan,nan,nan,nan,nan,0.000000,0
1788899894.376424,108.246085,-2.664920,4.209322,-2.985663,-2.665588,4.213570,-2.985663,0.004300,0.000000,-2.665588,4.213570,-2.985663,0.004300,0.000000,-2.665588,4.213570,-2.985663,0.004300,0.000000,nan,nan,nan,nan,nan,0.000000,0
1788899894.426017,108.295679,-2.664920,4.209322,-2.985663,-2.665588,4.213570,-2.985663,0.004300,0.000000,-2.665588,4.213570,-2.985663,0.004300,0.000000,-2.665588,4.213570,-2.985663,0.004300,0.000000,nan,nan,nan,nan,nan,0.000000,0
1788899894.426017,108.295679,-2.664920,4.209322,-2.985663,-2.665588,4.213570,-2.985663,0.004300,0.000000,-2.665588,4.213570,-2.985663,0.004300,0.000000,-2.665588,4.213570,-2.985663,0.004300,0.000000,nan,nan,nan,nan,nan,0.000000,0
1788899894.476069,108.345731,-2.664920,4.209322,-2.985663,-2.665588,4.213570,-2.985663,0.004300,0.000000,-2.665588,4.213570,-2.985663,0.004300,0.000000,-2.665588,4.213570,-2.985663,0.004300,0.000000,nan,nan,nan,nan,nan,0.000000,0
1788899894.476069,108.345731,-2.664920,4.209322,-2.985663,-2.665588,4.213570,-2.985663,0.004300,0.000000,-2.665588,4.213570,-2.985663,0.004300,0.000000,-2.665588,4.213570,-2.985663,0.004300,0.000000,nan,nan,nan,nan,nan,0.000000,0
1788899894.526461,108.396122,-2.664920,4.209322,-2.985663,-2.665588,4.213570,-2.985663,0.004300,0.000000,-2.665588,4.213570,-2.985663,0.004300,0.000000,-2.665588,4.213570,-2.985663,0.004300,0.000000,nan,nan,nan,nan,nan,0.000000,0
1788899894.526461,108.396122,-2.664920,4.209322,-2.985663,-2.665588,4.213570,-2.985663,0.004300,0.000000,-2.665588,4.213570,-2.985663,0.004300,0.000000,-2.665588,4.213570,-2.985663,0.004300,0.000000,nan,nan,nan,nan,nan,0.000000,0
1788899894.576251,108.445913,-2.664920,4.209322,-2.985663,-2.665588,4.213570,-2.985663,0.004300,0.000000,-2.665588,4.213570,-2.985663,0.004300,0.000000,-2.665588,4.213570,-2.985663,0.004300,0.000000,nan,nan,nan,nan,nan,0.000000,0
1788899894.576251,108.445913,-2.664920,4.209322,-2.985663,-2.665588,4.213570,-2.985663,0.004300,0.000000,-2.665588,4.213570,-2.985663,0.004300,0.000000,-2.665588,4.213570,-2.985663,0.004300,0.000000,nan,nan,nan,nan,nan,0.000000,0
1788899894.626194,108.495856,-2.664920,4.209322,-2.985663,-2.665588,4.213570,-2.985663,0.004300,0.000000,-2.665588,4.213570,-2.985663,0.004300,0.000000,-2.665588,4.213570,-2.985663,0.004300,0.000000,nan,nan,nan,nan,nan,0.000000,0
1788899894.626194,108.495856,-2.664920,4.209322,-2.985663,-2.665588,4.213570,-2.985663,0.004300,0.000000,-2.665588,4.213570,-2.985663,0.004300,0.000000,-2.665588,4.213570,-2.985663,0.004300,0.000000,nan,nan,nan,nan,nan,0.000000,0
1788899894.676840,108.546502,-2.664920,4.209322,-2.985663,-2.665588,4.213570,-2.985663,0.004300,0.000000,-2.665588,4.213570,-2.985663,0.004300,0.000000,-2.665588,4.213570,-2.985663,0.004300,0.000000,nan,nan,nan,nan,nan,0.000000,0
1788899894.676840,108.546502,-2.664920,4.209322,-2.985663,-2.665588,4.213570,-2.985663,0.004300,0.000000,-2.665588,4.213570,-2.985663,0.004300,0.000000,-2.665588,4.213570,-2.985663,0.004300,0.000000,nan,nan,nan,nan,nan,0.000000,0
1788899894.726562,108.596223,-2.664920,4.209322,-2.985663,-2.665588,4.213570,-2.985663,0.004300,0.000000,-2.665588,4.213570,-2.985663,0.004300,0.000000,-2.665588,4.213570,-2.985663,0.004300,0.000000,nan,nan,nan,nan,nan,0.000000,0
1788899894.726562,108.596223,-2.664920,4.209322,-2.985663,-2.665588,4.213570,-2.985663,0.004300,0.000000,-2.665588,4.213570,-2.985663,0.004300,0.000000,-2.665588,4.213570,-2.985663,0.004300,0.000000,nan,nan,nan,nan,nan,0.000000,0
1788899894.776185,108.645847,-2.664920,4.209322,-2.985663,-2.665588,4.213570,-2.985663,0.004300,0.000000,-2.665588,4.213570,-2.985663,0.004300,0.000000,-2.665588,4.213570,-2.985663,0.004300,0.000000,nan,nan,nan,nan,nan,0.000000,0
1788899894.776185,108.645847,-2.664920,4.209322,-2.985663,-2.665588,4.213570,-2.985663,0.004300,0.000000,-2.665588,4.213570,-2.985663,0.004300,0.000000,-2.665588,4.213570,-2.985663,0.004300,0.000000,nan,nan,nan,nan,nan,0.000000,0
1788899894.826842,108.696503,-2.664920,4.209322,-2.985663,-2.665588,4.213570,-2.985663,0.004300,0.000000,-2.665588,4.213570,-2.985663,0.004300,0.000000,-2.665588,4.213570,-2.985663,0.004300,0.000000,nan,nan,nan,nan,nan,0.000000,0
1788899894.826842,108.696503,-2.664920,4.209322,-2.985663,-2.665588,4.213570,-2.985663,0.004300,0.000000,-2.665588,4.213570,-2.985663,0.004300,0.000000,-2.665588,4.213570,-2.985663,0.004300,0.000000,nan,nan,nan,nan,nan,0.000000,0
1788899894.876147,108.745809,-2.664920,4.209322,-2.985663,-2.665588,4.213570,-2.985663,0.004300,0.000000,-2.665588,4.213570,-2.985663,0.004300,0.000000,-2.665588,4.213570,-2.985663,0.004300,0.000000,nan,nan,nan,nan,nan,0.000000,0
1788899894.876147,108.745809,-2.664920,4.209322,-2.985663,-2.665588,4.213570,-2.985663,0.004300,0.000000,-2.665588,4.213570,-2.985663,0.004300,0.000000,-2.665588,4.213570,-2.985663,0.004300,0.000000,nan,nan,nan,nan,nan,0.000000,0
1788899894.926784,108.796446,-2.664920,4.209322,-2.985663,-2.665588,4.213570,-2.985663,0.004300,0.000000,-2.665588,4.213570,-2.985663,0.004300,0.000000,-2.665588,4.213570,-2.985663,0.004300,0.000000,nan,nan,nan,nan,nan,0.000000,0
1788899894.926784,108.796446,-2.664920,4.209322,-2.985663,-2.665588,4.213570,-2.985663,0.004300,0.000000,-2.665588,4.213570,-2.985663,0.004300,0.000000,-2.665588,4.213570,-2.985663,0.004300,0.000000,nan,nan,nan,nan,nan,0.000000,0
1788899894.976947,108.846609,-2.664920,4.209322,-2.985663,-2.665588,4.213570,-2.985663,0.004300,0.000000,-2.665588,4.213570,-2.985663,0.004300,0.000000,-2.665588,4.213570,-2.985663,0.004300,0.000000,nan,nan,nan,nan,nan,0.000000,0
1788899894.976947,108.846609,-2.664920,4.209322,-2.985663,-2.665588,4.213570,-2.985663,0.004300,0.000000,-2.665588,4.213570,-2.985663,0.004300,0.000000,-2.665588,4.213570,-2.985663,0.004300,0.000000,nan,nan,nan,nan,nan,0.000000,0
1788899895.026090,108.895751,-2.664920,4.209322,-2.985663,-2.665588,4.213570,-2.985663,0.004300,0.000000,-2.665588,4.213570,-2.985663,0.004300,0.000000,-2.665588,4.213570,-2.985663,0.004300,0.000000,nan,nan,nan,nan,nan,0.000000,0
1788899895.026090,108.895751,-2.664920,4.209322,-2.985663,-2.665588,4.213570,-2.985663,0.004300,0.000000,-2.665588,4.213570,-2.985663,0.004300,0.000000,-2.665588,4.213570,-2.985663,0.004300,0.000000,nan,nan,nan,nan,nan,0.000000,0
1788899895.076579,108.946241,-2.664920,4.209322,-2.985663,-2.665588,4.213570,-2.985663,0.004300,0.000000,-2.665588,4.213570,-2.985663,0.004300,0.000000,-2.665588,4.213570,-2.985663,0.004300,0.000000,nan,nan,nan,nan,nan,0.000000,0
1788899895.076579,108.946241,-2.664920,4.209322,-2.985663,-2.665588,4.213570,-2.985663,0.004300,0.000000,-2.665588,4.213570,-2.985663,0.004300,0.000000,-2.665588,4.213570,-2.985663,0.004300,0.000000,nan,nan,nan,nan,nan,0.000000,0
1788899895.126807,108.996469,-2.664920,4.209322,-2.985663,-2.665588,4.213570,-2.985663,0.004300,0.000000,-2.665588,4.213570,-2.985663,0.004300,0.000000,-2.665588,4.213570,-2.985663,0.004300,0.000000,nan,nan,nan,nan,nan,0.000000,0
1788899895.126807,108.996469,-2.664920,4.209322,-2.985663,-2.665588,4.213570,-2.985663,0.004300,0.000000,-2.665588,4.213570,-2.985663,0.004300,0.000000,-2.665588,4.213570,-2.985663,0.004300,0.000000,nan,nan,nan,nan,nan,0.000000,0
1788899895.176052,109.045714,-2.664920,4.209322,-2.985663,-2.665588,4.213570,-2.985663,0.004300,0.000000,-2.665588,4.213570,-2.985663,0.004300,0.000000,-2.665588,4.213570,-2.985663,0.004300,0.000000,nan,nan,nan,nan,nan,0.000000,0
1788899895.176052,109.045714,-2.664920,4.209322,-2.985663,-2.665588,4.213570,-2.985663,0.004300,0.000000,-2.665588,4.213570,-2.985663,0.004300,0.000000,-2.665588,4.213570,-2.985663,0.004300,0.000000,nan,nan,nan,nan,nan,0.000000,0
1788899895.226474,109.096136,-2.664920,4.209322,-2.985663,-2.665588,4.213570,-2.985663,0.004300,0.000000,-2.665588,4.213570,-2.985663,0.004300,0.000000,-2.665588,4.213570,-2.985663,0.004300,0.000000,nan,nan,nan,nan,nan,0.000000,0
1788899895.226474,109.096136,-2.664920,4.209322,-2.985663,-2.665588,4.213570,-2.985663,0.004300,0.000000,-2.665588,4.213570,-2.985663,0.004300,0.000000,-2.665588,4.213570,-2.985663,0.004300,0.000000,nan,nan,nan,nan,nan,0.000000,0
1788899895.277782,109.147444,-2.664920,4.209322,-2.985663,-2.665588,4.213570,-2.985663,0.004300,0.000000,-2.665588,4.213570,-2.985663,0.004300,0.000000,-2.665588,4.213570,-2.985663,0.004300,0.000000,nan,nan,nan,nan,nan,0.000000,0
1788899895.277782,109.147444,-2.664920,4.209322,-2.985663,-2.665588,4.213570,-2.985663,0.004300,0.000000,-2.665588,4.213570,-2.985663,0.004300,0.000000,-2.665588,4.213570,-2.985663,0.004300,0.000000,nan,nan,nan,nan,nan,0.000000,0
1788899895.330319,109.199981,-2.664920,4.209322,-2.985663,-2.665588,4.213570,-2.985663,0.004300,0.000000,-2.665588,4.213570,-2.985663,0.004300,0.000000,-2.665588,4.213570,-2.985663,0.004300,0.000000,nan,nan,nan,nan,nan,0.000000,0
1788899895.330319,109.199981,-2.664920,4.209322,-2.985663,-2.665588,4.213570,-2.985663,0.004300,0.000000,-2.665588,4.213570,-2.985663,0.004300,0.000000,-2.665588,4.213570,-2.985663,0.004300,0.000000,nan,nan,nan,nan,nan,0.000000,0
1788899895.401487,109.271148,-2.664920,4.209322,-2.985663,-2.665588,4.213570,-2.985663,0.004300,0.000000,-2.665588,4.213570,-2.985663,0.004300,0.000000,-2.665588,4.213570,-2.985663,0.004300,0.000000,nan,nan,nan,nan,nan,0.000000,0
1788899895.401487,109.271148,-2.664920,4.209322,-2.985663,-2.665588,4.213570,-2.985663,0.004300,0.000000,-2.665588,4.213570,-2.985663,0.004300,0.000000,-2.665588,4.213570,-2.985663,0.004300,0.000000,nan,nan,nan,nan,nan,0.000000,0
1788899895.451898,109.321559,-2.664920,4.209322,-2.985663,-2.665588,4.213570,-2.985663,0.004300,0.000000,-2.665588,4.213570,-2.985663,0.004300,0.000000,-2.665588,4.213570,-2.985663,0.004300,0.000000,nan,nan,nan,nan,nan,0.000000,0
1788899895.451898,109.321559,-2.664920,4.209322,-2.985663,-2.665588,4.213570,-2.985663,0.004300,0.000000,-2.665588,4.213570,-2.985663,0.004300,0.000000,-2.665588,4.213570,-2.985663,0.004300,0.000000,nan,nan,nan,nan,nan,0.000000,0
1788899895.501273,109.370935,-2.664920,4.209322,-2.985663,-2.665588,4.213570,-2.985663,0.004300,0.000000,-2.665588,4.213570,-2.985663,0.004300,0.000000,-2.665588,4.213570,-2.985663,0.004300,0.000000,nan,nan,nan,nan,nan,0.000000,0
1788899895.501273,109.370935,-2.664920,4.209322,-2.985663,-2.665588,4.213570,-2.985663,0.004300,0.000000,-2.665588,4.213570,-2.985663,0.004300,0.000000,-2.665588,4.213570,-2.985663,0.004300,0.000000,nan,nan,nan,nan,nan,0.000000,0
1788899895.551835,109.421497,-2.664920,4.209322,-2.985663,-2.665588,4.213570,-2.985663,0.004300,0.000000,-2.665588,4.213570,-2.985663,0.004300,0.000000,-2.665588,4.213570,-2.985663,0.004300,0.000000,nan,nan,nan,nan,nan,0.000000,0
1788899895.551835,109.421497,-2.664920,4.209322,-2.985663,-2.665588,4.213570,-2.985663,0.004300,0.000000,-2.665588,4.213570,-2.985663,0.004300,0.000000,-2.665588,4.213570,-2.985663,0.004300,0.000000,nan,nan,nan,nan,nan,0.000000,0
1788899895.603505,109.473166,-2.664920,4.209322,-2.985663,-2.665588,4.213570,-2.985663,0.004300,0.000000,-2.665588,4.213570,-2.985663,0.004300,0.000000,-2.665588,4.213570,-2.985663,0.004300,0.000000,nan,nan,nan,nan,nan,0.000000,0
1788899895.603505,109.473166,-2.664920,4.209322,-2.985663,-2.665588,4.213570,-2.985663,0.004300,0.000000,-2.665588,4.213570,-2.985663,0.004300,0.000000,-2.665588,4.213570,-2.985663,0.004300,0.000000,nan,nan,nan,nan,nan,0.000000,0
1788899895.652115,109.521777,-2.664920,4.209322,-2.985663,-2.665588,4.213570,-2.985663,0.004300,0.000000,-2.665588,4.213570,-2.985663,0.004300,0.000000,-2.665588,4.213570,-2.985663,0.004300,0.000000,nan,nan,nan,nan,nan,0.000000,0
1788899895.652115,109.521777,-2.664920,4.209322,-2.985663,-2.665588,4.213570,-2.985663,0.004300,0.000000,-2.665588,4.213570,-2.985663,0.004300,0.000000,-2.665588,4.213570,-2.985663,0.004300,0.000000,nan,nan,nan,nan,nan,0.000000,0
1788899895.701799,109.571461,-2.664920,4.209322,-2.985663,-2.665588,4.213570,-2.985663,0.004300,0.000000,-2.665588,4.213570,-2.985663,0.004300,0.000000,-2.665588,4.213570,-2.985663,0.004300,0.000000,nan,nan,nan,nan,nan,0.000000,0
1788899895.701799,109.571461,-2.664920,4.209322,-2.985663,-2.665588,4.213570,-2.985663,0.004300,0.000000,-2.665588,4.213570,-2.985663,0.004300,0.000000,-2.665588,4.213570,-2.985663,0.004300,0.000000,nan,nan,nan,nan,nan,0.000000,0
1788899895.751799,109.621460,-2.664920,4.209322,-2.985663,-2.665588,4.213570,-2.985663,0.004300,0.000000,-2.665588,4.213570,-2.985663,0.004300,0.000000,-2.665588,4.213570,-2.985663,0.004300,0.000000,nan,nan,nan,nan,nan,0.000000,0
1788899895.751799,109.621460,-2.664920,4.209322,-2.985663,-2.665588,4.213570,-2.985663,0.004300,0.000000,-2.665588,4.213570,-2.985663,0.004300,0.000000,-2.665588,4.213570,-2.985663,0.004300,0.000000,nan,nan,nan,nan,nan,0.000000,0
1788899895.801370,109.671032,-2.664920,4.209322,-2.985663,-2.665588,4.213570,-2.985663,0.004300,0.000000,-2.665588,4.213570,-2.985663,0.004300,0.000000,-2.665588,4.213570,-2.985663,0.004300,0.000000,nan,nan,nan,nan,nan,0.000000,0
1788899895.801370,109.671032,-2.664920,4.209322,-2.985663,-2.665588,4.213570,-2.985663,0.004300,0.000000,-2.665588,4.213570,-2.985663,0.004300,0.000000,-2.665588,4.213570,-2.985663,0.004300,0.000000,nan,nan,nan,nan,nan,0.000000,0
1788899895.851757,109.721418,-2.664920,4.209322,-2.985663,-2.665588,4.213570,-2.985663,0.004300,0.000000,-2.665588,4.213570,-2.985663,0.004300,0.000000,-2.665588,4.213570,-2.985663,0.004300,0.000000,nan,nan,nan,nan,nan,0.000000,0
1788899895.851757,109.721418,-2.664920,4.209322,-2.985663,-2.665588,4.213570,-2.985663,0.004300,0.000000,-2.665588,4.213570,-2.985663,0.004300,0.000000,-2.665588,4.213570,-2.985663,0.004300,0.000000,nan,nan,nan,nan,nan,0.000000,0
1788899895.902915,109.772577,-2.664920,4.209322,-2.985663,-2.665588,4.213570,-2.985663,0.004300,0.000000,-2.665588,4.213570,-2.985663,0.004300,0.000000,-2.665588,4.213570,-2.985663,0.004300,0.000000,nan,nan,nan,nan,nan,0.000000,0
1788899895.902915,109.772577,-2.664920,4.209322,-2.985663,-2.665588,4.213570,-2.985663,0.004300,0.000000,-2.665588,4.213570,-2.985663,0.004300,0.000000,-2.665588,4.213570,-2.985663,0.004300,0.000000,nan,nan,nan,nan,nan,0.000000,0
1788899895.952623,109.822285,-2.664920,4.209322,-2.985663,-2.665588,4.213570,-2.985663,0.004300,0.000000,-2.665588,4.213570,-2.985663,0.004300,0.000000,-2.665588,4.213570,-2.985663,0.004300,0.000000,nan,nan,nan,nan,nan,0.000000,0
1788899895.952623,109.822285,-2.664920,4.209322,-2.985663,-2.665588,4.213570,-2.985663,0.004300,0.000000,-2.665588,4.213570,-2.985663,0.004300,0.000000,-2.665588,4.213570,-2.985663,0.004300,0.000000,nan,nan,nan,nan,nan,0.000000,0
1788899896.001492,109.871154,-2.664920,4.209322,-2.985663,-2.665588,4.213570,-2.985663,0.004300,0.000000,-2.665588,4.213570,-2.985663,0.004300,0.000000,-2.665588,4.213570,-2.985663,0.004300,0.000000,nan,nan,nan,nan,nan,0.000000,0
1788899896.001492,109.871154,-2.664920,4.209322,-2.985663,-2.665588,4.213570,-2.985663,0.004300,0.000000,-2.665588,4.213570,-2.985663,0.004300,0.000000,-2.665588,4.213570,-2.985663,0.004300,0.000000,nan,nan,nan,nan,nan,0.000000,0
1788899896.051620,109.921282,-2.664920,4.209322,-2.985663,-2.665588,4.213570,-2.985663,0.004300,0.000000,-2.665588,4.213570,-2.985663,0.004300,0.000000,-2.665588,4.213570,-2.985663,0.004300,0.000000,nan,nan,nan,nan,nan,0.000000,0
1788899896.051620,109.921282,-2.664920,4.209322,-2.985663,-2.665588,4.213570,-2.985663,0.004300,0.000000,-2.665588,4.213570,-2.985663,0.004300,0.000000,-2.665588,4.213570,-2.985663,0.004300,0.000000,nan,nan,nan,nan,nan,0.000000,0
1788899896.101025,109.970687,-2.664920,4.209322,-2.985663,-2.665588,4.213570,-2.985663,0.004300,0.000000,-2.665588,4.213570,-2.985663,0.004300,0.000000,-2.665588,4.213570,-2.985663,0.004300,0.000000,nan,nan,nan,nan,nan,0.000000,0
1788899896.101025,109.970687,-2.664920,4.209322,-2.985663,-2.665588,4.213570,-2.985663,0.004300,0.000000,-2.665588,4.213570,-2.985663,0.004300,0.000000,-2.665588,4.213570,-2.985663,0.004300,0.000000,nan,nan,nan,nan,nan,0.000000,0
1788899896.151582,110.021243,-2.664920,4.209322,-2.985663,-2.665588,4.213570,-2.985663,0.004300,0.000000,-2.665588,4.213570,-2.985663,0.004300,0.000000,-2.665588,4.213570,-2.985663,0.004300,0.000000,nan,nan,nan,nan,nan,0.000000,0
1788899896.151582,110.021243,-2.664920,4.209322,-2.985663,-2.665588,4.213570,-2.985663,0.004300,0.000000,-2.665588,4.213570,-2.985663,0.004300,0.000000,-2.665588,4.213570,-2.985663,0.004300,0.000000,nan,nan,nan,nan,nan,0.000000,0
1788899896.201107,110.070769,-2.664920,4.209322,-2.985663,-2.665588,4.213570,-2.985663,0.004300,0.000000,-2.665588,4.213570,-2.985663,0.004300,0.000000,-2.665588,4.213570,-2.985663,0.004300,0.000000,nan,nan,nan,nan,nan,0.000000,0
1788899896.201107,110.070769,-2.664920,4.209322,-2.985663,-2.665588,4.213570,-2.985663,0.004300,0.000000,-2.665588,4.213570,-2.985663,0.004300,0.000000,-2.665588,4.213570,-2.985663,0.004300,0.000000,nan,nan,nan,nan,nan,0.000000,0
1788899896.251910,110.121572,-2.664920,4.209322,-2.985663,-2.665588,4.213570,-2.985663,0.004300,0.000000,-2.665588,4.213570,-2.985663,0.004300,0.000000,-2.665588,4.213570,-2.985663,0.004300,0.000000,nan,nan,nan,nan,nan,0.000000,0
1788899896.251910,110.121572,-2.664920,4.209322,-2.985663,-2.665588,4.213570,-2.985663,0.004300,0.000000,-2.665588,4.213570,-2.985663,0.004300,0.000000,-2.665588,4.213570,-2.985663,0.004300,0.000000,nan,nan,nan,nan,nan,0.000000,0
1788899896.301762,110.171423,-2.664920,4.209322,-2.985663,-2.665588,4.213570,-2.985663,0.004300,0.000000,-2.665588,4.213570,-2.985663,0.004300,0.000000,-2.665588,4.213570,-2.985663,0.004300,0.000000,nan,nan,nan,nan,nan,0.000000,0
1788899896.301762,110.171423,-2.664920,4.209322,-2.985663,-2.665588,4.213570,-2.985663,0.004300,0.000000,-2.665588,4.213570,-2.985663,0.004300,0.000000,-2.665588,4.213570,-2.985663,0.004300,0.000000,nan,nan,nan,nan,nan,0.000000,0
1788899896.352339,110.222000,-2.664920,4.209322,-2.985663,-2.665588,4.213570,-2.985663,0.004300,0.000000,-2.665588,4.213570,-2.985663,0.004300,0.000000,-2.665588,4.213570,-2.985663,0.004300,0.000000,nan,nan,nan,nan,nan,0.000000,0
1788899896.352339,110.222000,-2.664920,4.209322,-2.985663,-2.665588,4.213570,-2.985663,0.004300,0.000000,-2.665588,4.213570,-2.985663,0.004300,0.000000,-2.665588,4.213570,-2.985663,0.004300,0.000000,nan,nan,nan,nan,nan,0.000000,0
1788899896.401703,110.271364,-2.664920,4.209322,-2.985663,-2.665588,4.213570,-2.985663,0.004300,0.000000,-2.665588,4.213570,-2.985663,0.004300,0.000000,-2.665588,4.213570,-2.985663,0.004300,0.000000,nan,nan,nan,nan,nan,0.000000,0
1788899896.401703,110.271364,-2.664920,4.209322,-2.985663,-2.665588,4.213570,-2.985663,0.004300,0.000000,-2.665588,4.213570,-2.985663,0.004300,0.000000,-2.665588,4.213570,-2.985663,0.004300,0.000000,nan,nan,nan,nan,nan,0.000000,0
1788899896.451226,110.320888,-2.664920,4.209322,-2.985663,-2.665588,4.213570,-2.985663,0.004300,0.000000,-2.665588,4.213570,-2.985663,0.004300,0.000000,-2.665588,4.213570,-2.985663,0.004300,0.000000,nan,nan,nan,nan,nan,0.000000,0
1788899896.451226,110.320888,-2.664920,4.209322,-2.985663,-2.665588,4.213570,-2.985663,0.004300,0.000000,-2.665588,4.213570,-2.985663,0.004300,0.000000,-2.665588,4.213570,-2.985663,0.004300,0.000000,nan,nan,nan,nan,nan,0.000000,0
1788899896.502330,110.371991,-2.664920,4.209322,-2.985663,-2.665588,4.213570,-2.985663,0.004300,0.000000,-2.665588,4.213570,-2.985663,0.004300,0.000000,-2.665588,4.213570,-2.985663,0.004300,0.000000,nan,nan,nan,nan,nan,0.000000,0
1788899896.502330,110.371991,-2.664920,4.209322,-2.985663,-2.665588,4.213570,-2.985663,0.004300,0.000000,-2.665588,4.213570,-2.985663,0.004300,0.000000,-2.665588,4.213570,-2.985663,0.004300,0.000000,nan,nan,nan,nan,nan,0.000000,0
1788899896.551422,110.421084,-2.664920,4.209322,-2.985663,-2.665588,4.213570,-2.985663,0.004300,0.000000,-2.665588,4.213570,-2.985663,0.004300,0.000000,-2.665588,4.213570,-2.985663,0.004300,0.000000,nan,nan,nan,nan,nan,0.000000,0
1788899896.551422,110.421084,-2.664920,4.209322,-2.985663,-2.665588,4.213570,-2.985663,0.004300,0.000000,-2.665588,4.213570,-2.985663,0.004300,0.000000,-2.665588,4.213570,-2.985663,0.004300,0.000000,nan,nan,nan,nan,nan,0.000000,0
1788899896.601414,110.471076,-2.664920,4.209322,-2.985663,-2.665588,4.213570,-2.985663,0.004300,0.000000,-2.665588,4.213570,-2.985663,0.004300,0.000000,-2.665588,4.213570,-2.985663,0.004300,0.000000,nan,nan,nan,nan,nan,0.000000,0
1788899896.601414,110.471076,-2.664920,4.209322,-2.985663,-2.665588,4.213570,-2.985663,0.004300,0.000000,-2.665588,4.213570,-2.985663,0.004300,0.000000,-2.665588,4.213570,-2.985663,0.004300,0.000000,nan,nan,nan,nan,nan,0.000000,0
1788899896.651006,110.520667,-2.664920,4.209322,-2.985663,-2.665588,4.213570,-2.985663,0.004300,0.000000,-2.665588,4.213570,-2.985663,0.004300,0.000000,-2.665588,4.213570,-2.985663,0.004300,0.000000,nan,nan,nan,nan,nan,0.000000,0
1788899896.651006,110.520667,-2.664920,4.209322,-2.985663,-2.665588,4.213570,-2.985663,0.004300,0.000000,-2.665588,4.213570,-2.985663,0.004300,0.000000,-2.665588,4.213570,-2.985663,0.004300,0.000000,nan,nan,nan,nan,nan,0.000000,0
1788899896.701486,110.571148,-2.664920,4.209322,-2.985663,-2.665588,4.213570,-2.985663,0.004300,0.000000,-2.665588,4.213570,-2.985663,0.004300,0.000000,-2.665588,4.213570,-2.985663,0.004300,0.000000,nan,nan,nan,nan,nan,0.000000,0
1788899896.701486,110.571148,-2.664920,4.209322,-2.985663,-2.665588,4.213570,-2.985663,0.004300,0.000000,-2.665588,4.213570,-2.985663,0.004300,0.000000,-2.665588,4.213570,-2.985663,0.004300,0.000000,nan,nan,nan,nan,nan,0.000000,0
1788899896.751749,110.621411,-2.664920,4.209322,-2.985663,-2.665588,4.213570,-2.985663,0.004300,0.000000,-2.665588,4.213570,-2.985663,0.004300,0.000000,-2.665588,4.213570,-2.985663,0.004300,0.000000,nan,nan,nan,nan,nan,0.000000,0
1788899896.751749,110.621411,-2.664920,4.209322,-2.985663,-2.665588,4.213570,-2.985663,0.004300,0.000000,-2.665588,4.213570,-2.985663,0.004300,0.000000,-2.665588,4.213570,-2.985663,0.004300,0.000000,nan,nan,nan,nan,nan,0.000000,0
1788899896.801936,110.671598,-2.664920,4.209322,-2.985663,-2.665588,4.213570,-2.985663,0.004300,0.000000,-2.665588,4.213570,-2.985663,0.004300,0.000000,-2.665588,4.213570,-2.985663,0.004300,0.000000,nan,nan,nan,nan,nan,0.000000,0
1788899896.801936,110.671598,-2.664920,4.209322,-2.985663,-2.665588,4.213570,-2.985663,0.004300,0.000000,-2.665588,4.213570,-2.985663,0.004300,0.000000,-2.665588,4.213570,-2.985663,0.004300,0.000000,nan,nan,nan,nan,nan,0.000000,0
1788899896.851594,110.721256,-2.664920,4.209322,-2.985663,-2.665588,4.213570,-2.985663,0.004300,0.000000,-2.665588,4.213570,-2.985663,0.004300,0.000000,-2.665588,4.213570,-2.985663,0.004300,0.000000,nan,nan,nan,nan,nan,0.000000,0
1788899896.851594,110.721256,-2.664920,4.209322,-2.985663,-2.665588,4.213570,-2.985663,0.004300,0.000000,-2.665588,4.213570,-2.985663,0.004300,0.000000,-2.665588,4.213570,-2.985663,0.004300,0.000000,nan,nan,nan,nan,nan,0.000000,0
1788899896.901526,110.771188,-2.664920,4.209322,-2.985663,-2.665588,4.213570,-2.985663,0.004300,0.000000,-2.665588,4.213570,-2.985663,0.004300,0.000000,-2.665588,4.213570,-2.985663,0.004300,0.000000,nan,nan,nan,nan,nan,0.000000,0
1788899896.901526,110.771188,-2.664920,4.209322,-2.985663,-2.665588,4.213570,-2.985663,0.004300,0.000000,-2.665588,4.213570,-2.985663,0.004300,0.000000,-2.665588,4.213570,-2.985663,0.004300,0.000000,nan,nan,nan,nan,nan,0.000000,0
1788899896.950988,110.820650,-2.664920,4.209322,-2.985663,-2.665588,4.213570,-2.985663,0.004300,0.000000,-2.665588,4.213570,-2.985663,0.004300,0.000000,-2.665588,4.213570,-2.985663,0.004300,0.000000,nan,nan,nan,nan,nan,0.000000,0
1788899896.950988,110.820650,-2.664920,4.209322,-2.985663,-2.665588,4.213570,-2.985663,0.004300,0.000000,-2.665588,4.213570,-2.985663,0.004300,0.000000,-2.665588,4.213570,-2.985663,0.004300,0.000000,nan,nan,nan,nan,nan,0.000000,0
1788899897.001709,110.871371,-2.664920,4.209322,-2.985663,-2.665588,4.213570,-2.985663,0.004300,0.000000,-2.665588,4.213570,-2.985663,0.004300,0.000000,-2.665588,4.213570,-2.985663,0.004300,0.000000,nan,nan,nan,nan,nan,0.000000,0
1788899897.001709,110.871371,-2.664920,4.209322,-2.985663,-2.665588,4.213570,-2.985663,0.004300,0.000000,-2.665588,4.213570,-2.985663,0.004300,0.000000,-2.665588,4.213570,-2.985663,0.004300,0.000000,nan,nan,nan,nan,nan,0.000000,0
1788899897.051366,110.921027,-2.664920,4.209322,-2.985663,-2.665588,4.213570,-2.985663,0.004300,0.000000,-2.665588,4.213570,-2.985663,0.004300,0.000000,-2.665588,4.213570,-2.985663,0.004300,0.000000,nan,nan,nan,nan,nan,0.000000,0
1788899897.051366,110.921027,-2.664920,4.209322,-2.985663,-2.665588,4.213570,-2.985663,0.004300,0.000000,-2.665588,4.213570,-2.985663,0.004300,0.000000,-2.665588,4.213570,-2.985663,0.004300,0.000000,nan,nan,nan,nan,nan,0.000000,0
1788899897.101948,110.971610,-2.664920,4.209322,-2.985663,-2.665588,4.213570,-2.985663,0.004300,0.000000,-2.665588,4.213570,-2.985663,0.004300,0.000000,-2.665588,4.213570,-2.985663,0.004300,0.000000,nan,nan,nan,nan,nan,0.000000,0
1788899897.101948,110.971610,-2.664920,4.209322,-2.985663,-2.665588,4.213570,-2.985663,0.004300,0.000000,-2.665588,4.213570,-2.985663,0.004300,0.000000,-2.665588,4.213570,-2.985663,0.004300,0.000000,nan,nan,nan,nan,nan,0.000000,0
1788899897.151931,111.021592,-2.664920,4.209322,-2.985663,-2.665588,4.213570,-2.985663,0.004300,0.000000,-2.665588,4.213570,-2.985663,0.004300,0.000000,-2.665588,4.213570,-2.985663,0.004300,0.000000,nan,nan,nan,nan,nan,0.000000,0
1788899897.151931,111.021592,-2.664920,4.209322,-2.985663,-2.665588,4.213570,-2.985663,0.004300,0.000000,-2.665588,4.213570,-2.985663,0.004300,0.000000,-2.665588,4.213570,-2.985663,0.004300,0.000000,nan,nan,nan,nan,nan,0.000000,0
1788899897.201279,111.070941,-2.664920,4.209322,-2.985663,-2.665588,4.213570,-2.985663,0.004300,0.000000,-2.665588,4.213570,-2.985663,0.004300,0.000000,-2.665588,4.213570,-2.985663,0.004300,0.000000,nan,nan,nan,nan,nan,0.000000,0
1788899897.201279,111.070941,-2.664920,4.209322,-2.985663,-2.665588,4.213570,-2.985663,0.004300,0.000000,-2.665588,4.213570,-2.985663,0.004300,0.000000,-2.665588,4.213570,-2.985663,0.004300,0.000000,nan,nan,nan,nan,nan,0.000000,0
1788899897.251756,111.121418,-2.664920,4.209322,-2.985663,-2.665588,4.213570,-2.985663,0.004300,0.000000,-2.665588,4.213570,-2.985663,0.004300,0.000000,-2.665588,4.213570,-2.985663,0.004300,0.000000,nan,nan,nan,nan,nan,0.000000,0
1788899897.251756,111.121418,-2.664920,4.209322,-2.985663,-2.665588,4.213570,-2.985663,0.004300,0.000000,-2.665588,4.213570,-2.985663,0.004300,0.000000,-2.665588,4.213570,-2.985663,0.004300,0.000000,nan,nan,nan,nan,nan,0.000000,0
1788899897.301436,111.171098,-2.664920,4.209322,-2.985663,-2.665588,4.213570,-2.985663,0.004300,0.000000,-2.665588,4.213570,-2.985663,0.004300,0.000000,-2.665588,4.213570,-2.985663,0.004300,0.000000,nan,nan,nan,nan,nan,0.000000,0
1788899897.301436,111.171098,-2.664920,4.209322,-2.985663,-2.665588,4.213570,-2.985663,0.004300,0.000000,-2.665588,4.213570,-2.985663,0.004300,0.000000,-2.665588,4.213570,-2.985663,0.004300,0.000000,nan,nan,nan,nan,nan,0.000000,0
1788899897.351879,111.221541,-2.664920,4.209322,-2.985663,-2.665588,4.213570,-2.985663,0.004300,0.000000,-2.665588,4.213570,-2.985663,0.004300,0.000000,-2.665588,4.213570,-2.985663,0.004300,0.000000,nan,nan,nan,nan,nan,0.000000,0
1788899897.351879,111.221541,-2.664920,4.209322,-2.985663,-2.665588,4.213570,-2.985663,0.004300,0.000000,-2.665588,4.213570,-2.985663,0.004300,0.000000,-2.665588,4.213570,-2.985663,0.004300,0.000000,nan,nan,nan,nan,nan,0.000000,0
1788899897.401043,111.270705,-2.664920,4.209322,-2.985663,-2.665588,4.213570,-2.985663,0.004300,0.000000,-2.665588,4.213570,-2.985663,0.004300,0.000000,-2.665588,4.213570,-2.985663,0.004300,0.000000,nan,nan,nan,nan,nan,0.000000,0
1788899897.401043,111.270705,-2.664920,4.209322,-2.985663,-2.665588,4.213570,-2.985663,0.004300,0.000000,-2.665588,4.213570,-2.985663,0.004300,0.000000,-2.665588,4.213570,-2.985663,0.004300,0.000000,nan,nan,nan,nan,nan,0.000000,0
1788899897.451516,111.321177,-2.664920,4.209322,-2.985663,-2.665588,4.213570,-2.985663,0.004300,0.000000,-2.665588,4.213570,-2.985663,0.004300,0.000000,-2.665588,4.213570,-2.985663,0.004300,0.000000,nan,nan,nan,nan,nan,0.000000,0
1788899897.451516,111.321177,-2.664920,4.209322,-2.985663,-2.665588,4.213570,-2.985663,0.004300,0.000000,-2.665588,4.213570,-2.985663,0.004300,0.000000,-2.665588,4.213570,-2.985663,0.004300,0.000000,nan,nan,nan,nan,nan,0.000000,0
1788899897.501954,111.371615,-2.664905,4.209223,-2.985663,-2.665588,4.213570,-2.985663,0.004400,0.000000,-2.665588,4.213570,-2.985663,0.004400,0.000000,-2.665588,4.213570,-2.985663,0.004400,0.000000,nan,nan,nan,nan,nan,0.001983,0
1788899897.501954,111.371615,-2.664905,4.209223,-2.985663,-2.665588,4.213570,-2.985663,0.004400,0.000000,-2.665588,4.213570,-2.985663,0.004400,0.000000,-2.665588,4.213570,-2.985663,0.004400,0.000000,nan,nan,nan,nan,nan,0.001983,0
1788899897.551436,111.421098,-2.664905,4.209223,-2.985663,-2.665588,4.213570,-2.985663,0.004400,0.000000,-2.665588,4.213570,-2.985663,0.004400,0.000000,-2.665588,4.213570,-2.985663,0.004400,0.000000,nan,nan,nan,nan,nan,0.000000,0
1788899897.551436,111.421098,-2.664905,4.209223,-2.985663,-2.665588,4.213570,-2.985663,0.004400,0.000000,-2.665588,4.213570,-2.985663,0.004400,0.000000,-2.665588,4.213570,-2.985663,0.004400,0.000000,nan,nan,nan,nan,nan,0.000000,0
1788899897.601656,111.471318,-2.664905,4.209223,-2.985663,-2.665588,4.213570,-2.985663,0.004400,0.000000,-2.665588,4.213570,-2.985663,0.004400,0.000000,-2.665588,4.213570,-2.985663,0.004400,0.000000,nan,nan,nan,nan,nan,0.000000,0
1788899897.601656,111.471318,-2.664905,4.209223,-2.985663,-2.665588,4.213570,-2.985663,0.004400,0.000000,-2.665588,4.213570,-2.985663,0.004400,0.000000,-2.665588,4.213570,-2.985663,0.004400,0.000000,nan,nan,nan,nan,nan,0.000000,0
1788899897.651864,111.521525,-2.664905,4.209223,-2.985663,-2.665588,4.213570,-2.985663,0.004400,0.000000,-2.665588,4.213570,-2.985663,0.004400,0.000000,-2.665588,4.213570,-2.985663,0.004400,0.000000,nan,nan,nan,nan,nan,0.000000,0
1788899897.651864,111.521525,-2.664905,4.209223,-2.985663,-2.665588,4.213570,-2.985663,0.004400,0.000000,-2.665588,4.213570,-2.985663,0.004400,0.000000,-2.665588,4.213570,-2.985663,0.004400,0.000000,nan,nan,nan,nan,nan,0.000000,0
1788899897.702964,111.572626,-2.664905,4.209223,-2.985663,-2.665588,4.213570,-2.985663,0.004400,0.000000,-2.665588,4.213570,-2.985663,0.004400,0.000000,-2.665588,4.213570,-2.985663,0.004400,0.000000,nan,nan,nan,nan,nan,0.000000,0
1788899897.702964,111.572626,-2.664905,4.209223,-2.985663,-2.665588,4.213570,-2.985663,0.004400,0.000000,-2.665588,4.213570,-2.985663,0.004400,0.000000,-2.665588,4.213570,-2.985663,0.004400,0.000000,nan,nan,nan,nan,nan,0.000000,0
1788899897.751459,111.621121,-2.664905,4.209223,-2.985663,-2.665588,4.213570,-2.985663,0.004400,0.000000,-2.665588,4.213570,-2.985663,0.004400,0.000000,-2.665588,4.213570,-2.985663,0.004400,0.000000,nan,nan,nan,nan,nan,0.000000,0
1788899897.751459,111.621121,-2.664905,4.209223,-2.985663,-2.665588,4.213570,-2.985663,0.004400,0.000000,-2.665588,4.213570,-2.985663,0.004400,0.000000,-2.665588,4.213570,-2.985663,0.004400,0.000000,nan,nan,nan,nan,nan,0.000000,0
1788899897.801571,111.671232,-2.664905,4.209223,-2.985663,-2.665588,4.213570,-2.985663,0.004400,0.000000,-2.665588,4.213570,-2.985663,0.004400,0.000000,-2.665588,4.213570,-2.985663,0.004400,0.000000,nan,nan,nan,nan,nan,0.000000,0
1788899897.801571,111.671232,-2.664905,4.209223,-2.985663,-2.665588,4.213570,-2.985663,0.004400,0.000000,-2.665588,4.213570,-2.985663,0.004400,0.000000,-2.665588,4.213570,-2.985663,0.004400,0.000000,nan,nan,nan,nan,nan,0.000000,0
1788899897.851326,111.720988,-2.664905,4.209223,-2.985663,-2.665588,4.213570,-2.985663,0.004400,0.000000,-2.665588,4.213570,-2.985663,0.004400,0.000000,-2.665588,4.213570,-2.985663,0.004400,0.000000,nan,nan,nan,nan,nan,0.000000,0
1788899897.851326,111.720988,-2.664905,4.209223,-2.985663,-2.665588,4.213570,-2.985663,0.004400,0.000000,-2.665588,4.213570,-2.985663,0.004400,0.000000,-2.665588,4.213570,-2.985663,0.004400,0.000000,nan,nan,nan,nan,nan,0.000000,0
1788899897.901108,111.770770,-2.664905,4.209223,-2.985663,-2.665588,4.213570,-2.985663,0.004400,0.000000,-2.665588,4.213570,-2.985663,0.004400,0.000000,-2.665588,4.213570,-2.985663,0.004400,0.000000,nan,nan,nan,nan,nan,0.000000,0
1788899897.901108,111.770770,-2.664905,4.209223,-2.985663,-2.665588,4.213570,-2.985663,0.004400,0.000000,-2.665588,4.213570,-2.985663,0.004400,0.000000,-2.665588,4.213570,-2.985663,0.004400,0.000000,nan,nan,nan,nan,nan,0.000000,0
1788899897.951057,111.820719,-2.664905,4.209223,-2.985663,-2.665588,4.213570,-2.985663,0.004400,0.000000,-2.665588,4.213570,-2.985663,0.004400,0.000000,-2.665588,4.213570,-2.985663,0.004400,0.000000,nan,nan,nan,nan,nan,0.000000,0
1788899897.951057,111.820719,-2.664905,4.209223,-2.985663,-2.665588,4.213570,-2.985663,0.004400,0.000000,-2.665588,4.213570,-2.985663,0.004400,0.000000,-2.665588,4.213570,-2.985663,0.004400,0.000000,nan,nan,nan,nan,nan,0.000000,0
1788899898.001294,111.870956,-2.664905,4.209223,-2.985663,-2.665588,4.213570,-2.985663,0.004400,0.000000,-2.665588,4.213570,-2.985663,0.004400,0.000000,-2.665588,4.213570,-2.985663,0.004400,0.000000,nan,nan,nan,nan,nan,0.000000,0
1788899898.001294,111.870956,-2.664905,4.209223,-2.985663,-2.665588,4.213570,-2.985663,0.004400,0.000000,-2.665588,4.213570,-2.985663,0.004400,0.000000,-2.665588,4.213570,-2.985663,0.004400,0.000000,nan,nan,nan,nan,nan,0.000000,0
1788899898.051674,111.921335,-2.664905,4.209223,-2.985663,-2.665588,4.213570,-2.985663,0.004400,0.000000,-2.665588,4.213570,-2.985663,0.004400,0.000000,-2.665588,4.213570,-2.985663,0.004400,0.000000,nan,nan,nan,nan,nan,0.000000,0
1788899898.051674,111.921335,-2.664905,4.209223,-2.985663,-2.665588,4.213570,-2.985663,0.004400,0.000000,-2.665588,4.213570,-2.985663,0.004400,0.000000,-2.665588,4.213570,-2.985663,0.004400,0.000000,nan,nan,nan,nan,nan,0.000000,0
1788899898.101463,111.971124,-2.664905,4.209223,-2.985663,-2.665588,4.213570,-2.985663,0.004400,0.000000,-2.665588,4.213570,-2.985663,0.004400,0.000000,-2.665588,4.213570,-2.985663,0.004400,0.000000,nan,nan,nan,nan,nan,0.000000,0
1788899898.101463,111.971124,-2.664905,4.209223,-2.985663,-2.665588,4.213570,-2.985663,0.004400,0.000000,-2.665588,4.213570,-2.985663,0.004400,0.000000,-2.665588,4.213570,-2.985663,0.004400,0.000000,nan,nan,nan,nan,nan,0.000000,0
1788899898.151204,112.020866,-2.664905,4.209223,-2.985663,-2.665588,4.213570,-2.985663,0.004400,0.000000,-2.665588,4.213570,-2.985663,0.004400,0.000000,-2.665588,4.213570,-2.985663,0.004400,0.000000,nan,nan,nan,nan,nan,0.000000,0
1788899898.151204,112.020866,-2.664905,4.209223,-2.985663,-2.665588,4.213570,-2.985663,0.004400,0.000000,-2.665588,4.213570,-2.985663,0.004400,0.000000,-2.665588,4.213570,-2.985663,0.004400,0.000000,nan,nan,nan,nan,nan,0.000000,0
1788899898.201654,112.071316,-2.664905,4.209223,-2.985663,-2.665588,4.213570,-2.985663,0.004400,0.000000,-2.665588,4.213570,-2.985663,0.004400,0.000000,-2.665588,4.213570,-2.985663,0.004400,0.000000,nan,nan,nan,nan,nan,0.000000,0
1788899898.201654,112.071316,-2.664905,4.209223,-2.985663,-2.665588,4.213570,-2.985663,0.004400,0.000000,-2.665588,4.213570,-2.985663,0.004400,0.000000,-2.665588,4.213570,-2.985663,0.004400,0.000000,nan,nan,nan,nan,nan,0.000000,0
1788899898.251398,112.121060,-2.664905,4.209223,-2.985663,-2.665588,4.213570,-2.985663,0.004400,0.000000,-2.665588,4.213570,-2.985663,0.004400,0.000000,-2.665588,4.213570,-2.985663,0.004400,0.000000,nan,nan,nan,nan,nan,0.000000,0
1788899898.251398,112.121060,-2.664905,4.209223,-2.985663,-2.665588,4.213570,-2.985663,0.004400,0.000000,-2.665588,4.213570,-2.985663,0.004400,0.000000,-2.665588,4.213570,-2.985663,0.004400,0.000000,nan,nan,nan,nan,nan,0.000000,0
1788899898.301292,112.170954,-2.664905,4.209223,-2.985663,-2.665588,4.213570,-2.985663,0.004400,0.000000,-2.665588,4.213570,-2.985663,0.004400,0.000000,-2.665588,4.213570,-2.985663,0.004400,0.000000,nan,nan,nan,nan,nan,0.000000,0
1788899898.301292,112.170954,-2.664905,4.209223,-2.985663,-2.665588,4.213570,-2.985663,0.004400,0.000000,-2.665588,4.213570,-2.985663,0.004400,0.000000,-2.665588,4.213570,-2.985663,0.004400,0.000000,nan,nan,nan,nan,nan,0.000000,0
1788899898.351244,112.220906,-2.664905,4.209223,-2.985663,-2.665588,4.213570,-2.985663,0.004400,0.000000,-2.665588,4.213570,-2.985663,0.004400,0.000000,-2.665588,4.213570,-2.985663,0.004400,0.000000,nan,nan,nan,nan,nan,0.000000,0
1788899898.351244,112.220906,-2.664905,4.209223,-2.985663,-2.665588,4.213570,-2.985663,0.004400,0.000000,-2.665588,4.213570,-2.985663,0.004400,0.000000,-2.665588,4.213570,-2.985663,0.004400,0.000000,nan,nan,nan,nan,nan,0.000000,0
1788899898.401523,112.271185,-2.664905,4.209223,-2.985663,-2.665588,4.213570,-2.985663,0.004400,0.000000,-2.665588,4.213570,-2.985663,0.004400,0.000000,-2.665588,4.213570,-2.985663,0.004400,0.000000,nan,nan,nan,nan,nan,0.000000,0
1788899898.401523,112.271185,-2.664905,4.209223,-2.985663,-2.665588,4.213570,-2.985663,0.004400,0.000000,-2.665588,4.213570,-2.985663,0.004400,0.000000,-2.665588,4.213570,-2.985663,0.004400,0.000000,nan,nan,nan,nan,nan,0.000000,0
1788899898.451129,112.320791,-2.664905,4.209223,-2.985663,-2.665588,4.213570,-2.985663,0.004400,0.000000,-2.665588,4.213570,-2.985663,0.004400,0.000000,-2.665588,4.213570,-2.985663,0.004400,0.000000,nan,nan,nan,nan,nan,0.000000,0
1788899898.451129,112.320791,-2.664905,4.209223,-2.985663,-2.665588,4.213570,-2.985663,0.004400,0.000000,-2.665588,4.213570,-2.985663,0.004400,0.000000,-2.665588,4.213570,-2.985663,0.004400,0.000000,nan,nan,nan,nan,nan,0.000000,0
1788899898.501696,112.371357,-2.664905,4.209223,-2.985663,-2.665588,4.213570,-2.985663,0.004400,0.000000,-2.665588,4.213570,-2.985663,0.004400,0.000000,-2.665588,4.213570,-2.985663,0.004400,0.000000,nan,nan,nan,nan,nan,0.000000,0
1788899898.501696,112.371357,-2.664905,4.209223,-2.985663,-2.665588,4.213570,-2.985663,0.004400,0.000000,-2.665588,4.213570,-2.985663,0.004400,0.000000,-2.665588,4.213570,-2.985663,0.004400,0.000000,nan,nan,nan,nan,nan,0.000000,0
1788899898.551716,112.421378,-2.664905,4.209223,-2.985663,-2.665588,4.213570,-2.985663,0.004400,0.000000,-2.665588,4.213570,-2.985663,0.004400,0.000000,-2.665588,4.213570,-2.985663,0.004400,0.000000,nan,nan,nan,nan,nan,0.000000,0
1788899898.551716,112.421378,-2.664905,4.209223,-2.985663,-2.665588,4.213570,-2.985663,0.004400,0.000000,-2.665588,4.213570,-2.985663,0.004400,0.000000,-2.665588,4.213570,-2.985663,0.004400,0.000000,nan,nan,nan,nan,nan,0.000000,0
1788899898.601040,112.470702,-2.664905,4.209223,-2.985663,-2.665588,4.213570,-2.985663,0.004400,0.000000,-2.665588,4.213570,-2.985663,0.004400,0.000000,-2.665588,4.213570,-2.985663,0.004400,0.000000,nan,nan,nan,nan,nan,0.000000,0
1788899898.601040,112.470702,-2.664905,4.209223,-2.985663,-2.665588,4.213570,-2.985663,0.004400,0.000000,-2.665588,4.213570,-2.985663,0.004400,0.000000,-2.665588,4.213570,-2.985663,0.004400,0.000000,nan,nan,nan,nan,nan,0.000000,0
1788899898.651981,112.521643,-2.664905,4.209223,-2.985663,-2.665588,4.213570,-2.985663,0.004400,0.000000,-2.665588,4.213570,-2.985663,0.004400,0.000000,-2.665588,4.213570,-2.985663,0.004400,0.000000,nan,nan,nan,nan,nan,0.000000,0
1788899898.651981,112.521643,-2.664905,4.209223,-2.985663,-2.665588,4.213570,-2.985663,0.004400,0.000000,-2.665588,4.213570,-2.985663,0.004400,0.000000,-2.665588,4.213570,-2.985663,0.004400,0.000000,nan,nan,nan,nan,nan,0.000000,0
1788899898.701482,112.571144,-2.664905,4.209223,-2.985663,-2.665588,4.213570,-2.985663,0.004400,0.000000,-2.665588,4.213570,-2.985663,0.004400,0.000000,-2.665588,4.213570,-2.985663,0.004400,0.000000,nan,nan,nan,nan,nan,0.000000,0
1788899898.701482,112.571144,-2.664905,4.209223,-2.985663,-2.665588,4.213570,-2.985663,0.004400,0.000000,-2.665588,4.213570,-2.985663,0.004400,0.000000,-2.665588,4.213570,-2.985663,0.004400,0.000000,nan,nan,nan,nan,nan,0.000000,0
1788899898.751115,112.620777,-2.664905,4.209223,-2.985663,-2.665588,4.213570,-2.985663,0.004400,0.000000,-2.665588,4.213570,-2.985663,0.004400,0.000000,-2.665588,4.213570,-2.985663,0.004400,0.000000,nan,nan,nan,nan,nan,0.000000,0
1788899898.751115,112.620777,-2.664905,4.209223,-2.985663,-2.665588,4.213570,-2.985663,0.004400,0.000000,-2.665588,4.213570,-2.985663,0.004400,0.000000,-2.665588,4.213570,-2.985663,0.004400,0.000000,nan,nan,nan,nan,nan,0.000000,0
1788899898.801644,112.671306,-2.664905,4.209223,-2.985663,-2.665588,4.213570,-2.985663,0.004400,0.000000,-2.665588,4.213570,-2.985663,0.004400,0.000000,-2.665588,4.213570,-2.985663,0.004400,0.000000,nan,nan,nan,nan,nan,0.000000,0
1788899898.801644,112.671306,-2.664905,4.209223,-2.985663,-2.665588,4.213570,-2.985663,0.004400,0.000000,-2.665588,4.213570,-2.985663,0.004400,0.000000,-2.665588,4.213570,-2.985663,0.004400,0.000000,nan,nan,nan,nan,nan,0.000000,0
1788899898.851599,112.721261,-2.664905,4.209223,-2.985663,-2.665588,4.213570,-2.985663,0.004400,0.000000,-2.665588,4.213570,-2.985663,0.004400,0.000000,-2.665588,4.213570,-2.985663,0.004400,0.000000,nan,nan,nan,nan,nan,0.000000,0
1788899898.851599,112.721261,-2.664905,4.209223,-2.985663,-2.665588,4.213570,-2.985663,0.004400,0.000000,-2.665588,4.213570,-2.985663,0.004400,0.000000,-2.665588,4.213570,-2.985663,0.004400,0.000000,nan,nan,nan,nan,nan,0.000000,0
1788899898.901538,112.771199,-2.664905,4.209223,-2.985663,-2.665588,4.213570,-2.985663,0.004400,0.000000,-2.665588,4.213570,-2.985663,0.004400,0.000000,-2.665588,4.213570,-2.985663,0.004400,0.000000,nan,nan,nan,nan,nan,0.000000,0
1788899898.901538,112.771199,-2.664905,4.209223,-2.985663,-2.665588,4.213570,-2.985663,0.004400,0.000000,-2.665588,4.213570,-2.985663,0.004400,0.000000,-2.665588,4.213570,-2.985663,0.004400,0.000000,nan,nan,nan,nan,nan,0.000000,0
1788899898.951576,112.821238,-2.664905,4.209223,-2.985663,-2.665588,4.213570,-2.985663,0.004400,0.000000,-2.665588,4.213570,-2.985663,0.004400,0.000000,-2.665588,4.213570,-2.985663,0.004400,0.000000,nan,nan,nan,nan,nan,0.000000,0
1788899898.951576,112.821238,-2.664905,4.209223,-2.985663,-2.665588,4.213570,-2.985663,0.004400,0.000000,-2.665588,4.213570,-2.985663,0.004400,0.000000,-2.665588,4.213570,-2.985663,0.004400,0.000000,nan,nan,nan,nan,nan,0.000000,0
1788899899.001493,112.871155,-2.664905,4.209223,-2.985663,-2.665588,4.213570,-2.985663,0.004400,0.000000,-2.665588,4.213570,-2.985663,0.004400,0.000000,-2.665588,4.213570,-2.985663,0.004400,0.000000,nan,nan,nan,nan,nan,0.000000,0
1788899899.001493,112.871155,-2.664905,4.209223,-2.985663,-2.665588,4.213570,-2.985663,0.004400,0.000000,-2.665588,4.213570,-2.985663,0.004400,0.000000,-2.665588,4.213570,-2.985663,0.004400,0.000000,nan,nan,nan,nan,nan,0.000000,0
1788899899.051303,112.920964,-2.664905,4.209223,-2.985663,-2.665588,4.213570,-2.985663,0.004400,0.000000,-2.665588,4.213570,-2.985663,0.004400,0.000000,-2.665588,4.213570,-2.985663,0.004400,0.000000,nan,nan,nan,nan,nan,0.000000,0
1788899899.051303,112.920964,-2.664905,4.209223,-2.985663,-2.665588,4.213570,-2.985663,0.004400,0.000000,-2.665588,4.213570,-2.985663,0.004400,0.000000,-2.665588,4.213570,-2.985663,0.004400,0.000000,nan,nan,nan,nan,nan,0.000000,0
1788899899.101497,112.971159,-2.664905,4.209223,-2.985663,-2.665588,4.213570,-2.985663,0.004400,0.000000,-2.665588,4.213570,-2.985663,0.004400,0.000000,-2.665588,4.213570,-2.985663,0.004400,0.000000,nan,nan,nan,nan,nan,0.000000,0
1788899899.101497,112.971159,-2.664905,4.209223,-2.985663,-2.665588,4.213570,-2.985663,0.004400,0.000000,-2.665588,4.213570,-2.985663,0.004400,0.000000,-2.665588,4.213570,-2.985663,0.004400,0.000000,nan,nan,nan,nan,nan,0.000000,0
1788899899.151686,113.021348,-2.664905,4.209223,-2.985663,-2.665588,4.213570,-2.985663,0.004400,0.000000,-2.665588,4.213570,-2.985663,0.004400,0.000000,-2.665588,4.213570,-2.985663,0.004400,0.000000,nan,nan,nan,nan,nan,0.000000,0
1788899899.151686,113.021348,-2.664905,4.209223,-2.985663,-2.665588,4.213570,-2.985663,0.004400,0.000000,-2.665588,4.213570,-2.985663,0.004400,0.000000,-2.665588,4.213570,-2.985663,0.004400,0.000000,nan,nan,nan,nan,nan,0.000000,0
1788899899.201717,113.071379,-2.664905,4.209223,-2.985663,-2.665588,4.213570,-2.985663,0.004400,0.000000,-2.665588,4.213570,-2.985663,0.004400,0.000000,-2.665588,4.213570,-2.985663,0.004400,0.000000,nan,nan,nan,nan,nan,0.000000,0
1788899899.201717,113.071379,-2.664905,4.209223,-2.985663,-2.665588,4.213570,-2.985663,0.004400,0.000000,-2.665588,4.213570,-2.985663,0.004400,0.000000,-2.665588,4.213570,-2.985663,0.004400,0.000000,nan,nan,nan,nan,nan,0.000000,0
1788899899.251482,113.121144,-2.664905,4.209223,-2.985663,-2.665588,4.213570,-2.985663,0.004400,0.000000,-2.665588,4.213570,-2.985663,0.004400,0.000000,-2.665588,4.213570,-2.985663,0.004400,0.000000,nan,nan,nan,nan,nan,0.000000,0
1788899899.251482,113.121144,-2.664905,4.209223,-2.985663,-2.665588,4.213570,-2.985663,0.004400,0.000000,-2.665588,4.213570,-2.985663,0.004400,0.000000,-2.665588,4.213570,-2.985663,0.004400,0.000000,nan,nan,nan,nan,nan,0.000000,0
1788899899.301689,113.171351,-2.664905,4.209223,-2.985663,-2.665588,4.213570,-2.985663,0.004400,0.000000,-2.665588,4.213570,-2.985663,0.004400,0.000000,-2.665588,4.213570,-2.985663,0.004400,0.000000,nan,nan,nan,nan,nan,0.000000,0
1788899899.301689,113.171351,-2.664905,4.209223,-2.985663,-2.665588,4.213570,-2.985663,0.004400,0.000000,-2.665588,4.213570,-2.985663,0.004400,0.000000,-2.665588,4.213570,-2.985663,0.004400,0.000000,nan,nan,nan,nan,nan,0.000000,0
1788899899.351356,113.221017,-2.664905,4.209223,-2.985663,-2.665588,4.213570,-2.985663,0.004400,0.000000,-2.665588,4.213570,-2.985663,0.004400,0.000000,-2.665588,4.213570,-2.985663,0.004400,0.000000,nan,nan,nan,nan,nan,0.000000,0
1788899899.351356,113.221017,-2.664905,4.209223,-2.985663,-2.665588,4.213570,-2.985663,0.004400,0.000000,-2.665588,4.213570,-2.985663,0.004400,0.000000,-2.665588,4.213570,-2.985663,0.004400,0.000000,nan,nan,nan,nan,nan,0.000000,0
1788899899.403654,113.273316,-2.664905,4.209223,-2.985663,-2.665588,4.213570,-2.985663,0.004400,0.000000,-2.665588,4.213570,-2.985663,0.004400,0.000000,-2.665588,4.213570,-2.985663,0.004400,0.000000,nan,nan,nan,nan,nan,0.000000,0
1788899899.403654,113.273316,-2.664905,4.209223,-2.985663,-2.665588,4.213570,-2.985663,0.004400,0.000000,-2.665588,4.213570,-2.985663,0.004400,0.000000,-2.665588,4.213570,-2.985663,0.004400,0.000000,nan,nan,nan,nan,nan,0.000000,0
1788899899.451424,113.321086,-2.664905,4.209223,-2.985663,-2.665588,4.213570,-2.985663,0.004400,0.000000,-2.665588,4.213570,-2.985663,0.004400,0.000000,-2.665588,4.213570,-2.985663,0.004400,0.000000,nan,nan,nan,nan,nan,0.000000,0
1788899899.451424,113.321086,-2.664905,4.209223,-2.985663,-2.665588,4.213570,-2.985663,0.004400,0.000000,-2.665588,4.213570,-2.985663,0.004400,0.000000,-2.665588,4.213570,-2.985663,0.004400,0.000000,nan,nan,nan,nan,nan,0.000000,0
1788899899.501472,113.371134,-2.664905,4.209223,-2.985663,-2.665588,4.213570,-2.985663,0.004400,0.000000,-2.665588,4.213570,-2.985663,0.004400,0.000000,-2.665588,4.213570,-2.985663,0.004400,0.000000,nan,nan,nan,nan,nan,0.000000,0
1788899899.501472,113.371134,-2.664905,4.209223,-2.985663,-2.665588,4.213570,-2.985663,0.004400,0.000000,-2.665588,4.213570,-2.985663,0.004400,0.000000,-2.665588,4.213570,-2.985663,0.004400,0.000000,nan,nan,nan,nan,nan,0.000000,0
1788899899.551925,113.421587,-2.664905,4.209223,-2.985663,-2.665588,4.213570,-2.985663,0.004400,0.000000,-2.665588,4.213570,-2.985663,0.004400,0.000000,-2.665588,4.213570,-2.985663,0.004400,0.000000,nan,nan,nan,nan,nan,0.000000,0
1788899899.551925,113.421587,-2.664905,4.209223,-2.985663,-2.665588,4.213570,-2.985663,0.004400,0.000000,-2.665588,4.213570,-2.985663,0.004400,0.000000,-2.665588,4.213570,-2.985663,0.004400,0.000000,nan,nan,nan,nan,nan,0.000000,0
1788899899.601562,113.471224,-2.664905,4.209223,-2.985663,-2.665588,4.213570,-2.985663,0.004400,0.000000,-2.665588,4.213570,-2.985663,0.004400,0.000000,-2.665588,4.213570,-2.985663,0.004400,0.000000,nan,nan,nan,nan,nan,0.000000,0
1788899899.601562,113.471224,-2.664905,4.209223,-2.985663,-2.665588,4.213570,-2.985663,0.004400,0.000000,-2.665588,4.213570,-2.985663,0.004400,0.000000,-2.665588,4.213570,-2.985663,0.004400,0.000000,nan,nan,nan,nan,nan,0.000000,0
1788899899.651962,113.521624,-2.664905,4.209223,-2.985663,-2.665588,4.213570,-2.985663,0.004400,0.000000,-2.665588,4.213570,-2.985663,0.004400,0.000000,-2.665588,4.213570,-2.985663,0.004400,0.000000,nan,nan,nan,nan,nan,0.000000,0
1788899899.651962,113.521624,-2.664905,4.209223,-2.985663,-2.665588,4.213570,-2.985663,0.004400,0.000000,-2.665588,4.213570,-2.985663,0.004400,0.000000,-2.665588,4.213570,-2.985663,0.004400,0.000000,nan,nan,nan,nan,nan,0.000000,0
1788899899.701809,113.571470,-2.664905,4.209223,-2.985663,-2.665588,4.213570,-2.985663,0.004400,0.000000,-2.665588,4.213570,-2.985663,0.004400,0.000000,-2.665588,4.213570,-2.985663,0.004400,0.000000,nan,nan,nan,nan,nan,0.000000,0
1788899899.701809,113.571470,-2.664905,4.209223,-2.985663,-2.665588,4.213570,-2.985663,0.004400,0.000000,-2.665588,4.213570,-2.985663,0.004400,0.000000,-2.665588,4.213570,-2.985663,0.004400,0.000000,nan,nan,nan,nan,nan,0.000000,0
1788899899.751871,113.621533,-2.664905,4.209223,-2.985663,-2.665588,4.213570,-2.985663,0.004400,0.000000,-2.665588,4.213570,-2.985663,0.004400,0.000000,-2.665588,4.213570,-2.985663,0.004400,0.000000,nan,nan,nan,nan,nan,0.000000,0
1788899899.751871,113.621533,-2.664905,4.209223,-2.985663,-2.665588,4.213570,-2.985663,0.004400,0.000000,-2.665588,4.213570,-2.985663,0.004400,0.000000,-2.665588,4.213570,-2.985663,0.004400,0.000000,nan,nan,nan,nan,nan,0.000000,0
1788899899.801029,113.670691,-2.664905,4.209223,-2.985663,-2.665588,4.213570,-2.985663,0.004400,0.000000,-2.665588,4.213570,-2.985663,0.004400,0.000000,-2.665588,4.213570,-2.985663,0.004400,0.000000,nan,nan,nan,nan,nan,0.000000,0
1788899899.801029,113.670691,-2.664905,4.209223,-2.985663,-2.665588,4.213570,-2.985663,0.004400,0.000000,-2.665588,4.213570,-2.985663,0.004400,0.000000,-2.665588,4.213570,-2.985663,0.004400,0.000000,nan,nan,nan,nan,nan,0.000000,0
1788899899.851007,113.720669,-2.664905,4.209223,-2.985663,-2.665588,4.213570,-2.985663,0.004400,0.000000,-2.665588,4.213570,-2.985663,0.004400,0.000000,-2.665588,4.213570,-2.985663,0.004400,0.000000,nan,nan,nan,nan,nan,0.000000,0
1788899899.851007,113.720669,-2.664905,4.209223,-2.985663,-2.665588,4.213570,-2.985663,0.004400,0.000000,-2.665588,4.213570,-2.985663,0.004400,0.000000,-2.665588,4.213570,-2.985663,0.004400,0.000000,nan,nan,nan,nan,nan,0.000000,0
1788899899.901524,113.771186,-2.664905,4.209223,-2.985663,-2.665588,4.213570,-2.985663,0.004400,0.000000,-2.665588,4.213570,-2.985663,0.004400,0.000000,-2.665588,4.213570,-2.985663,0.004400,0.000000,nan,nan,nan,nan,nan,0.000000,0
1788899899.901524,113.771186,-2.664905,4.209223,-2.985663,-2.665588,4.213570,-2.985663,0.004400,0.000000,-2.665588,4.213570,-2.985663,0.004400,0.000000,-2.665588,4.213570,-2.985663,0.004400,0.000000,nan,nan,nan,nan,nan,0.000000,0
1788899899.951482,113.821144,-2.664889,4.209124,-2.985663,-2.665588,4.213570,-2.985663,0.004500,0.000000,-2.665588,4.213570,-2.985663,0.004500,0.000000,-2.665588,4.213570,-2.985663,0.004500,0.000000,nan,nan,nan,nan,nan,0.002002,0
1788899899.951482,113.821144,-2.664889,4.209124,-2.985663,-2.665588,4.213570,-2.985663,0.004500,0.000000,-2.665588,4.213570,-2.985663,0.004500,0.000000,-2.665588,4.213570,-2.985663,0.004500,0.000000,nan,nan,nan,nan,nan,0.002002,0
1788899900.001540,113.871202,-2.664889,4.209124,-2.985663,-2.665588,4.213570,-2.985663,0.004500,0.000000,-2.665588,4.213570,-2.985663,0.004500,0.000000,-2.665588,4.213570,-2.985663,0.004500,0.000000,nan,nan,nan,nan,nan,0.000000,0
1788899900.001540,113.871202,-2.664889,4.209124,-2.985663,-2.665588,4.213570,-2.985663,0.004500,0.000000,-2.665588,4.213570,-2.985663,0.004500,0.000000,-2.665588,4.213570,-2.985663,0.004500,0.000000,nan,nan,nan,nan,nan,0.000000,0
1788899900.051076,113.920738,-2.664889,4.209124,-2.985663,-2.665588,4.213570,-2.985663,0.004500,0.000000,-2.665588,4.213570,-2.985663,0.004500,0.000000,-2.665588,4.213570,-2.985663,0.004500,0.000000,nan,nan,nan,nan,nan,0.000000,0
1788899900.051076,113.920738,-2.664889,4.209124,-2.985663,-2.665588,4.213570,-2.985663,0.004500,0.000000,-2.665588,4.213570,-2.985663,0.004500,0.000000,-2.665588,4.213570,-2.985663,0.004500,0.000000,nan,nan,nan,nan,nan,0.000000,0
1788899900.101968,113.971630,-2.664889,4.209124,-2.985663,-2.665588,4.213570,-2.985663,0.004500,0.000000,-2.665588,4.213570,-2.985663,0.004500,0.000000,-2.665588,4.213570,-2.985663,0.004500,0.000000,nan,nan,nan,nan,nan,0.000000,0
1788899900.101968,113.971630,-2.664889,4.209124,-2.985663,-2.665588,4.213570,-2.985663,0.004500,0.000000,-2.665588,4.213570,-2.985663,0.004500,0.000000,-2.665588,4.213570,-2.985663,0.004500,0.000000,nan,nan,nan,nan,nan,0.000000,0
1788899900.151277,114.020939,-2.664889,4.209124,-2.985663,-2.665588,4.213570,-2.985663,0.004500,0.000000,-2.665588,4.213570,-2.985663,0.004500,0.000000,-2.665588,4.213570,-2.985663,0.004500,0.000000,nan,nan,nan,nan,nan,0.000000,0
1788899900.151277,114.020939,-2.664889,4.209124,-2.985663,-2.665588,4.213570,-2.985663,0.004500,0.000000,-2.665588,4.213570,-2.985663,0.004500,0.000000,-2.665588,4.213570,-2.985663,0.004500,0.000000,nan,nan,nan,nan,nan,0.000000,0
1788899900.201324,114.070986,-2.664889,4.209124,-2.985663,-2.665588,4.213570,-2.985663,0.004500,0.000000,-2.665588,4.213570,-2.985663,0.004500,0.000000,-2.665588,4.213570,-2.985663,0.004500,0.000000,nan,nan,nan,nan,nan,0.000000,0
1788899900.201324,114.070986,-2.664889,4.209124,-2.985663,-2.665588,4.213570,-2.985663,0.004500,0.000000,-2.665588,4.213570,-2.985663,0.004500,0.000000,-2.665588,4.213570,-2.985663,0.004500,0.000000,nan,nan,nan,nan,nan,0.000000,0
1788899900.251575,114.121237,-2.664889,4.209124,-2.985663,-2.665588,4.213570,-2.985663,0.004500,0.000000,-2.665588,4.213570,-2.985663,0.004500,0.000000,-2.665588,4.213570,-2.985663,0.004500,0.000000,nan,nan,nan,nan,nan,0.000000,0
1788899900.251575,114.121237,-2.664889,4.209124,-2.985663,-2.665588,4.213570,-2.985663,0.004500,0.000000,-2.665588,4.213570,-2.985663,0.004500,0.000000,-2.665588,4.213570,-2.985663,0.004500,0.000000,nan,nan,nan,nan,nan,0.000000,0
1788899900.301349,114.171010,-2.664889,4.209124,-2.985663,-2.665588,4.213570,-2.985663,0.004500,0.000000,-2.665588,4.213570,-2.985663,0.004500,0.000000,-2.665588,4.213570,-2.985663,0.004500,0.000000,nan,nan,nan,nan,nan,0.000000,0
1788899900.301349,114.171010,-2.664889,4.209124,-2.985663,-2.665588,4.213570,-2.985663,0.004500,0.000000,-2.665588,4.213570,-2.985663,0.004500,0.000000,-2.665588,4.213570,-2.985663,0.004500,0.000000,nan,nan,nan,nan,nan,0.000000,0
1788899900.351126,114.220788,-2.664889,4.209124,-2.985663,-2.665588,4.213570,-2.985663,0.004500,0.000000,-2.665588,4.213570,-2.985663,0.004500,0.000000,-2.665588,4.213570,-2.985663,0.004500,0.000000,nan,nan,nan,nan,nan,0.000000,0
1788899900.351126,114.220788,-2.664889,4.209124,-2.985663,-2.665588,4.213570,-2.985663,0.004500,0.000000,-2.665588,4.213570,-2.985663,0.004500,0.000000,-2.665588,4.213570,-2.985663,0.004500,0.000000,nan,nan,nan,nan,nan,0.000000,0
1788899900.401720,114.271382,-2.664889,4.209124,-2.985663,-2.665588,4.213570,-2.985663,0.004500,0.000000,-2.665588,4.213570,-2.985663,0.004500,0.000000,-2.665588,4.213570,-2.985663,0.004500,0.000000,nan,nan,nan,nan,nan,0.000000,0
1788899900.401720,114.271382,-2.664889,4.209124,-2.985663,-2.665588,4.213570,-2.985663,0.004500,0.000000,-2.665588,4.213570,-2.985663,0.004500,0.000000,-2.665588,4.213570,-2.985663,0.004500,0.000000,nan,nan,nan,nan,nan,0.000000,0
1788899900.451698,114.321360,-2.664889,4.209124,-2.985663,-2.665588,4.213570,-2.985663,0.004500,0.000000,-2.665588,4.213570,-2.985663,0.004500,0.000000,-2.665588,4.213570,-2.985663,0.004500,0.000000,nan,nan,nan,nan,nan,0.000000,0
1788899900.451698,114.321360,-2.664889,4.209124,-2.985663,-2.665588,4.213570,-2.985663,0.004500,0.000000,-2.665588,4.213570,-2.985663,0.004500,0.000000,-2.665588,4.213570,-2.985663,0.004500,0.000000,nan,nan,nan,nan,nan,0.000000,0
1788899900.501701,114.371363,-2.664889,4.209124,-2.985663,-2.665588,4.213570,-2.985663,0.004500,0.000000,-2.665588,4.213570,-2.985663,0.004500,0.000000,-2.665588,4.213570,-2.985663,0.004500,0.000000,nan,nan,nan,nan,nan,0.000000,0
1788899900.501701,114.371363,-2.664889,4.209124,-2.985663,-2.665588,4.213570,-2.985663,0.004500,0.000000,-2.665588,4.213570,-2.985663,0.004500,0.000000,-2.665588,4.213570,-2.985663,0.004500,0.000000,nan,nan,nan,nan,nan,0.000000,0
1788899900.551705,114.421367,-2.664889,4.209124,-2.985663,-2.665588,4.213570,-2.985663,0.004500,0.000000,-2.665588,4.213570,-2.985663,0.004500,0.000000,-2.665588,4.213570,-2.985663,0.004500,0.000000,nan,nan,nan,nan,nan,0.000000,0
1788899900.551705,114.421367,-2.664889,4.209124,-2.985663,-2.665588,4.213570,-2.985663,0.004500,0.000000,-2.665588,4.213570,-2.985663,0.004500,0.000000,-2.665588,4.213570,-2.985663,0.004500,0.000000,nan,nan,nan,nan,nan,0.000000,0
1788899900.601672,114.471334,-2.664889,4.209124,-2.985663,-2.665588,4.213570,-2.985663,0.004500,0.000000,-2.665588,4.213570,-2.985663,0.004500,0.000000,-2.665588,4.213570,-2.985663,0.004500,0.000000,nan,nan,nan,nan,nan,0.000000,0
1788899900.601672,114.471334,-2.664889,4.209124,-2.985663,-2.665588,4.213570,-2.985663,0.004500,0.000000,-2.665588,4.213570,-2.985663,0.004500,0.000000,-2.665588,4.213570,-2.985663,0.004500,0.000000,nan,nan,nan,nan,nan,0.000000,0
1788899900.651883,114.521544,-2.664889,4.209124,-2.985663,-2.665588,4.213570,-2.985663,0.004500,0.000000,-2.665588,4.213570,-2.985663,0.004500,0.000000,-2.665588,4.213570,-2.985663,0.004500,0.000000,nan,nan,nan,nan,nan,0.000000,0
1788899900.651883,114.521544,-2.664889,4.209124,-2.985663,-2.665588,4.213570,-2.985663,0.004500,0.000000,-2.665588,4.213570,-2.985663,0.004500,0.000000,-2.665588,4.213570,-2.985663,0.004500,0.000000,nan,nan,nan,nan,nan,0.000000,0
1788899900.702505,114.572166,-2.664889,4.209124,-2.985663,-2.665588,4.213570,-2.985663,0.004500,0.000000,-2.665588,4.213570,-2.985663,0.004500,0.000000,-2.665588,4.213570,-2.985663,0.004500,0.000000,nan,nan,nan,nan,nan,0.000000,0
1788899900.702505,114.572166,-2.664889,4.209124,-2.985663,-2.665588,4.213570,-2.985663,0.004500,0.000000,-2.665588,4.213570,-2.985663,0.004500,0.000000,-2.665588,4.213570,-2.985663,0.004500,0.000000,nan,nan,nan,nan,nan,0.000000,0
1788899900.750948,114.620610,-2.664889,4.209124,-2.985663,-2.665588,4.213570,-2.985663,0.004500,0.000000,-2.665588,4.213570,-2.985663,0.004500,0.000000,-2.665588,4.213570,-2.985663,0.004500,0.000000,nan,nan,nan,nan,nan,0.000000,0
1788899900.750948,114.620610,-2.664889,4.209124,-2.985663,-2.665588,4.213570,-2.985663,0.004500,0.000000,-2.665588,4.213570,-2.985663,0.004500,0.000000,-2.665588,4.213570,-2.985663,0.004500,0.000000,nan,nan,nan,nan,nan,0.000000,0
1788899900.801980,114.671642,-2.664889,4.209124,-2.985663,-2.665588,4.213570,-2.985663,0.004500,0.000000,-2.665588,4.213570,-2.985663,0.004500,0.000000,-2.665588,4.213570,-2.985663,0.004500,0.000000,nan,nan,nan,nan,nan,0.000000,0
1788899900.801980,114.671642,-2.664889,4.209124,-2.985663,-2.665588,4.213570,-2.985663,0.004500,0.000000,-2.665588,4.213570,-2.985663,0.004500,0.000000,-2.665588,4.213570,-2.985663,0.004500,0.000000,nan,nan,nan,nan,nan,0.000000,0
1788899900.876848,114.746510,-2.664889,4.209124,-2.985663,-2.665588,4.213570,-2.985663,0.004500,0.000000,-2.665588,4.213570,-2.985663,0.004500,0.000000,-2.665588,4.213570,-2.985663,0.004500,0.000000,nan,nan,nan,nan,nan,0.000000,0
1788899900.876848,114.746510,-2.664889,4.209124,-2.985663,-2.665588,4.213570,-2.985663,0.004500,0.000000,-2.665588,4.213570,-2.985663,0.004500,0.000000,-2.665588,4.213570,-2.985663,0.004500,0.000000,nan,nan,nan,nan,nan,0.000000,0
1788899900.925982,114.795644,-2.664889,4.209124,-2.985663,-2.665588,4.213570,-2.985663,0.004500,0.000000,-2.665588,4.213570,-2.985663,0.004500,0.000000,-2.665588,4.213570,-2.985663,0.004500,0.000000,nan,nan,nan,nan,nan,0.000000,0
1788899900.925982,114.795644,-2.664889,4.209124,-2.985663,-2.665588,4.213570,-2.985663,0.004500,0.000000,-2.665588,4.213570,-2.985663,0.004500,0.000000,-2.665588,4.213570,-2.985663,0.004500,0.000000,nan,nan,nan,nan,nan,0.000000,0
1788899900.976522,114.846184,-2.664889,4.209124,-2.985663,-2.665588,4.213570,-2.985663,0.004500,0.000000,-2.665588,4.213570,-2.985663,0.004500,0.000000,-2.665588,4.213570,-2.985663,0.004500,0.000000,nan,nan,nan,nan,nan,0.000000,0
1788899900.976522,114.846184,-2.664889,4.209124,-2.985663,-2.665588,4.213570,-2.985663,0.004500,0.000000,-2.665588,4.213570,-2.985663,0.004500,0.000000,-2.665588,4.213570,-2.985663,0.004500,0.000000,nan,nan,nan,nan,nan,0.000000,0
1788899901.026067,114.895729,-2.664889,4.209124,-2.985663,-2.665588,4.213570,-2.985663,0.004500,0.000000,-2.665588,4.213570,-2.985663,0.004500,0.000000,-2.665588,4.213570,-2.985663,0.004500,0.000000,nan,nan,nan,nan,nan,0.000000,0
1788899901.026067,114.895729,-2.664889,4.209124,-2.985663,-2.665588,4.213570,-2.985663,0.004500,0.000000,-2.665588,4.213570,-2.985663,0.004500,0.000000,-2.665588,4.213570,-2.985663,0.004500,0.000000,nan,nan,nan,nan,nan,0.000000,0
1788899901.076608,114.946270,-2.664889,4.209124,-2.985663,-2.665588,4.213570,-2.985663,0.004500,0.000000,-2.665588,4.213570,-2.985663,0.004500,0.000000,-2.665588,4.213570,-2.985663,0.004500,0.000000,nan,nan,nan,nan,nan,0.000000,0
1788899901.076608,114.946270,-2.664889,4.209124,-2.985663,-2.665588,4.213570,-2.985663,0.004500,0.000000,-2.665588,4.213570,-2.985663,0.004500,0.000000,-2.665588,4.213570,-2.985663,0.004500,0.000000,nan,nan,nan,nan,nan,0.000000,0
1788899901.126681,114.996343,-2.664889,4.209124,-2.985663,-2.665588,4.213570,-2.985663,0.004500,0.000000,-2.665588,4.213570,-2.985663,0.004500,0.000000,-2.665588,4.213570,-2.985663,0.004500,0.000000,nan,nan,nan,nan,nan,0.000000,0
1788899901.126681,114.996343,-2.664889,4.209124,-2.985663,-2.665588,4.213570,-2.985663,0.004500,0.000000,-2.665588,4.213570,-2.985663,0.004500,0.000000,-2.665588,4.213570,-2.985663,0.004500,0.000000,nan,nan,nan,nan,nan,0.000000,0
1788899901.176682,115.046343,-2.664889,4.209124,-2.985663,-2.665588,4.213570,-2.985663,0.004500,0.000000,-2.665588,4.213570,-2.985663,0.004500,0.000000,-2.665588,4.213570,-2.985663,0.004500,0.000000,nan,nan,nan,nan,nan,0.000000,0
1788899901.176682,115.046343,-2.664889,4.209124,-2.985663,-2.665588,4.213570,-2.985663,0.004500,0.000000,-2.665588,4.213570,-2.985663,0.004500,0.000000,-2.665588,4.213570,-2.985663,0.004500,0.000000,nan,nan,nan,nan,nan,0.000000,0
1788899901.226980,115.096642,-2.664889,4.209124,-2.985663,-2.665588,4.213570,-2.985663,0.004500,0.000000,-2.665588,4.213570,-2.985663,0.004500,0.000000,-2.665588,4.213570,-2.985663,0.004500,0.000000,nan,nan,nan,nan,nan,0.000000,0
1788899901.226980,115.096642,-2.664889,4.209124,-2.985663,-2.665588,4.213570,-2.985663,0.004500,0.000000,-2.665588,4.213570,-2.985663,0.004500,0.000000,-2.665588,4.213570,-2.985663,0.004500,0.000000,nan,nan,nan,nan,nan,0.000000,0
1788899901.278050,115.147712,-2.664889,4.209124,-2.985663,-2.665588,4.213570,-2.985663,0.004500,0.000000,-2.665588,4.213570,-2.985663,0.004500,0.000000,-2.665588,4.213570,-2.985663,0.004500,0.000000,nan,nan,nan,nan,nan,0.000000,0
1788899901.278050,115.147712,-2.664889,4.209124,-2.985663,-2.665588,4.213570,-2.985663,0.004500,0.000000,-2.665588,4.213570,-2.985663,0.004500,0.000000,-2.665588,4.213570,-2.985663,0.004500,0.000000,nan,nan,nan,nan,nan,0.000000,0
1788899901.328830,115.198492,-2.664889,4.209124,-2.985663,-2.665588,4.213570,-2.985663,0.004500,0.000000,-2.665588,4.213570,-2.985663,0.004500,0.000000,-2.665588,4.213570,-2.985663,0.004500,0.000000,nan,nan,nan,nan,nan,0.000000,0
1788899901.328830,115.198492,-2.664889,4.209124,-2.985663,-2.665588,4.213570,-2.985663,0.004500,0.000000,-2.665588,4.213570,-2.985663,0.004500,0.000000,-2.665588,4.213570,-2.985663,0.004500,0.000000,nan,nan,nan,nan,nan,0.000000,0
1788899901.379875,115.249537,-2.664889,4.209124,-2.985663,-2.665588,4.213570,-2.985663,0.004500,0.000000,-2.665588,4.213570,-2.985663,0.004500,0.000000,-2.665588,4.213570,-2.985663,0.004500,0.000000,nan,nan,nan,nan,nan,0.000000,0
1788899901.379875,115.249537,-2.664889,4.209124,-2.985663,-2.665588,4.213570,-2.985663,0.004500,0.000000,-2.665588,4.213570,-2.985663,0.004500,0.000000,-2.665588,4.213570,-2.985663,0.004500,0.000000,nan,nan,nan,nan,nan,0.000000,0
1788899901.429973,115.299635,-2.664889,4.209124,-2.985663,-2.665588,4.213570,-2.985663,0.004500,0.000000,-2.665588,4.213570,-2.985663,0.004500,0.000000,-2.665588,4.213570,-2.985663,0.004500,0.000000,nan,nan,nan,nan,nan,0.000000,0
1788899901.429973,115.299635,-2.664889,4.209124,-2.985663,-2.665588,4.213570,-2.985663,0.004500,0.000000,-2.665588,4.213570,-2.985663,0.004500,0.000000,-2.665588,4.213570,-2.985663,0.004500,0.000000,nan,nan,nan,nan,nan,0.000000,0
1788899901.479523,115.349185,-2.664889,4.209124,-2.985663,-2.665588,4.213570,-2.985663,0.004500,0.000000,-2.665588,4.213570,-2.985663,0.004500,0.000000,-2.665588,4.213570,-2.985663,0.004500,0.000000,nan,nan,nan,nan,nan,0.000000,0
1788899901.479523,115.349185,-2.664889,4.209124,-2.985663,-2.665588,4.213570,-2.985663,0.004500,0.000000,-2.665588,4.213570,-2.985663,0.004500,0.000000,-2.665588,4.213570,-2.985663,0.004500,0.000000,nan,nan,nan,nan,nan,0.000000,0
1788899901.528416,115.398078,-2.664889,4.209124,-2.985663,-2.665588,4.213570,-2.985663,0.004500,0.000000,-2.665588,4.213570,-2.985663,0.004500,0.000000,-2.665588,4.213570,-2.985663,0.004500,0.000000,nan,nan,nan,nan,nan,0.000000,0
1788899901.528416,115.398078,-2.664889,4.209124,-2.985663,-2.665588,4.213570,-2.985663,0.004500,0.000000,-2.665588,4.213570,-2.985663,0.004500,0.000000,-2.665588,4.213570,-2.985663,0.004500,0.000000,nan,nan,nan,nan,nan,0.000000,0
1788899901.579261,115.448922,-2.664889,4.209124,-2.985663,-2.665588,4.213570,-2.985663,0.004500,0.000000,-2.665588,4.213570,-2.985663,0.004500,0.000000,-2.665588,4.213570,-2.985663,0.004500,0.000000,nan,nan,nan,nan,nan,0.000000,0
1788899901.579261,115.448922,-2.664889,4.209124,-2.985663,-2.665588,4.213570,-2.985663,0.004500,0.000000,-2.665588,4.213570,-2.985663,0.004500,0.000000,-2.665588,4.213570,-2.985663,0.004500,0.000000,nan,nan,nan,nan,nan,0.000000,0
1788899901.630562,115.500224,-2.664889,4.209124,-2.985663,-2.665588,4.213570,-2.985663,0.004500,0.000000,-2.665588,4.213570,-2.985663,0.004500,0.000000,-2.665588,4.213570,-2.985663,0.004500,0.000000,nan,nan,nan,nan,nan,0.000000,0
1788899901.630562,115.500224,-2.664889,4.209124,-2.985663,-2.665588,4.213570,-2.985663,0.004500,0.000000,-2.665588,4.213570,-2.985663,0.004500,0.000000,-2.665588,4.213570,-2.985663,0.004500,0.000000,nan,nan,nan,nan,nan,0.000000,0
1788899901.682305,115.551967,-2.664889,4.209124,-2.985663,-2.665588,4.213570,-2.985663,0.004500,0.000000,-2.665588,4.213570,-2.985663,0.004500,0.000000,-2.665588,4.213570,-2.985663,0.004500,0.000000,nan,nan,nan,nan,nan,0.000000,0
1788899901.682305,115.551967,-2.664889,4.209124,-2.985663,-2.665588,4.213570,-2.985663,0.004500,0.000000,-2.665588,4.213570,-2.985663,0.004500,0.000000,-2.665588,4.213570,-2.985663,0.004500,0.000000,nan,nan,nan,nan,nan,0.000000,0
1788899901.751066,115.620728,-2.664889,4.209124,-2.985663,-2.665588,4.213570,-2.985663,0.004500,0.000000,-2.665588,4.213570,-2.985663,0.004500,0.000000,-2.665588,4.213570,-2.985663,0.004500,0.000000,nan,nan,nan,nan,nan,0.000000,0
1788899901.751066,115.620728,-2.664889,4.209124,-2.985663,-2.665588,4.213570,-2.985663,0.004500,0.000000,-2.665588,4.213570,-2.985663,0.004500,0.000000,-2.665588,4.213570,-2.985663,0.004500,0.000000,nan,nan,nan,nan,nan,0.000000,0
1788899901.801878,115.671540,-2.664889,4.209124,-2.985663,-2.665588,4.213570,-2.985663,0.004500,0.000000,-2.665588,4.213570,-2.985663,0.004500,0.000000,-2.665588,4.213570,-2.985663,0.004500,0.000000,nan,nan,nan,nan,nan,0.000000,0
1788899901.801878,115.671540,-2.664889,4.209124,-2.985663,-2.665588,4.213570,-2.985663,0.004500,0.000000,-2.665588,4.213570,-2.985663,0.004500,0.000000,-2.665588,4.213570,-2.985663,0.004500,0.000000,nan,nan,nan,nan,nan,0.000000,0
1788899901.851351,115.721013,-2.664889,4.209124,-2.985663,-2.665588,4.213570,-2.985663,0.004500,0.000000,-2.665588,4.213570,-2.985663,0.004500,0.000000,-2.665588,4.213570,-2.985663,0.004500,0.000000,nan,nan,nan,nan,nan,0.000000,0
1788899901.851351,115.721013,-2.664889,4.209124,-2.985663,-2.665588,4.213570,-2.985663,0.004500,0.000000,-2.665588,4.213570,-2.985663,0.004500,0.000000,-2.665588,4.213570,-2.985663,0.004500,0.000000,nan,nan,nan,nan,nan,0.000000,0
1788899901.901854,115.771515,-2.664889,4.209124,-2.985663,-2.665588,4.213570,-2.985663,0.004500,0.000000,-2.665588,4.213570,-2.985663,0.004500,0.000000,-2.665588,4.213570,-2.985663,0.004500,0.000000,nan,nan,nan,nan,nan,0.000000,0
1788899901.901854,115.771515,-2.664889,4.209124,-2.985663,-2.665588,4.213570,-2.985663,0.004500,0.000000,-2.665588,4.213570,-2.985663,0.004500,0.000000,-2.665588,4.213570,-2.985663,0.004500,0.000000,nan,nan,nan,nan,nan,0.000000,0
1788899902.001974,115.871636,-2.664889,4.209124,-2.985663,-2.665588,4.213570,-2.985663,0.004500,0.000000,-2.665588,4.213570,-2.985663,0.004500,0.000000,-2.665588,4.213570,-2.985663,0.004500,0.000000,nan,nan,nan,nan,nan,0.000000,0
1788899902.001974,115.871636,-2.664889,4.209124,-2.985663,-2.665588,4.213570,-2.985663,0.004500,0.000000,-2.665588,4.213570,-2.985663,0.004500,0.000000,-2.665588,4.213570,-2.985663,0.004500,0.000000,nan,nan,nan,nan,nan,0.000000,0
1788899902.051683,115.921345,-2.664874,4.209025,-2.985663,-2.665588,4.213570,-2.985663,0.004600,0.000000,-2.665588,4.213570,-2.985663,0.004600,0.000000,-2.665588,4.213570,-2.985663,0.004600,0.000000,nan,nan,nan,nan,nan,0.002012,0
1788899902.051683,115.921345,-2.664874,4.209025,-2.985663,-2.665588,4.213570,-2.985663,0.004600,0.000000,-2.665588,4.213570,-2.985663,0.004600,0.000000,-2.665588,4.213570,-2.985663,0.004600,0.000000,nan,nan,nan,nan,nan,0.002012,0
1788899902.101906,115.971567,-2.664874,4.209025,-2.985663,-2.665588,4.213570,-2.985663,0.004600,0.000000,-2.665588,4.213570,-2.985663,0.004600,0.000000,-2.665588,4.213570,-2.985663,0.004600,0.000000,nan,nan,nan,nan,nan,0.000000,0
1788899902.101906,115.971567,-2.664874,4.209025,-2.985663,-2.665588,4.213570,-2.985663,0.004600,0.000000,-2.665588,4.213570,-2.985663,0.004600,0.000000,-2.665588,4.213570,-2.985663,0.004600,0.000000,nan,nan,nan,nan,nan,0.000000,0
1788899902.151580,116.021242,-2.664874,4.209025,-2.985663,-2.665588,4.213570,-2.985663,0.004600,0.000000,-2.665588,4.213570,-2.985663,0.004600,0.000000,-2.665588,4.213570,-2.985663,0.004600,0.000000,nan,nan,nan,nan,nan,0.000000,0
1788899902.151580,116.021242,-2.664874,4.209025,-2.985663,-2.665588,4.213570,-2.985663,0.004600,0.000000,-2.665588,4.213570,-2.985663,0.004600,0.000000,-2.665588,4.213570,-2.985663,0.004600,0.000000,nan,nan,nan,nan,nan,0.000000,0
1788899902.201346,116.071008,-2.664874,4.209025,-2.985663,-2.665588,4.213570,-2.985663,0.004600,0.000000,-2.665588,4.213570,-2.985663,0.004600,0.000000,-2.665588,4.213570,-2.985663,0.004600,0.000000,nan,nan,nan,nan,nan,0.000000,0
1788899902.201346,116.071008,-2.664874,4.209025,-2.985663,-2.665588,4.213570,-2.985663,0.004600,0.000000,-2.665588,4.213570,-2.985663,0.004600,0.000000,-2.665588,4.213570,-2.985663,0.004600,0.000000,nan,nan,nan,nan,nan,0.000000,0
1788899902.250948,116.120610,-2.664874,4.209025,-2.985663,-2.665588,4.213570,-2.985663,0.004600,0.000000,-2.665588,4.213570,-2.985663,0.004600,0.000000,-2.665588,4.213570,-2.985663,0.004600,0.000000,nan,nan,nan,nan,nan,0.000000,0
1788899902.250948,116.120610,-2.664874,4.209025,-2.985663,-2.665588,4.213570,-2.985663,0.004600,0.000000,-2.665588,4.213570,-2.985663,0.004600,0.000000,-2.665588,4.213570,-2.985663,0.004600,0.000000,nan,nan,nan,nan,nan,0.000000,0
1788899902.301608,116.171270,-2.664874,4.209025,-2.985663,-2.665588,4.213570,-2.985663,0.004600,0.000000,-2.665588,4.213570,-2.985663,0.004600,0.000000,-2.665588,4.213570,-2.985663,0.004600,0.000000,nan,nan,nan,nan,nan,0.000000,0
1788899902.301608,116.171270,-2.664874,4.209025,-2.985663,-2.665588,4.213570,-2.985663,0.004600,0.000000,-2.665588,4.213570,-2.985663,0.004600,0.000000,-2.665588,4.213570,-2.985663,0.004600,0.000000,nan,nan,nan,nan,nan,0.000000,0
1788899902.352369,116.222030,-2.664874,4.209025,-2.985663,-2.665588,4.213570,-2.985663,0.004600,0.000000,-2.665588,4.213570,-2.985663,0.004600,0.000000,-2.665588,4.213570,-2.985663,0.004600,0.000000,nan,nan,nan,nan,nan,0.000000,0
1788899902.352369,116.222030,-2.664874,4.209025,-2.985663,-2.665588,4.213570,-2.985663,0.004600,0.000000,-2.665588,4.213570,-2.985663,0.004600,0.000000,-2.665588,4.213570,-2.985663,0.004600,0.000000,nan,nan,nan,nan,nan,0.000000,0
1788899902.401396,116.271058,-2.664874,4.209025,-2.985663,-2.665588,4.213570,-2.985663,0.004600,0.000000,-2.665588,4.213570,-2.985663,0.004600,0.000000,-2.665588,4.213570,-2.985663,0.004600,0.000000,nan,nan,nan,nan,nan,0.000000,0
1788899902.401396,116.271058,-2.664874,4.209025,-2.985663,-2.665588,4.213570,-2.985663,0.004600,0.000000,-2.665588,4.213570,-2.985663,0.004600,0.000000,-2.665588,4.213570,-2.985663,0.004600,0.000000,nan,nan,nan,nan,nan,0.000000,0
1788899902.451361,116.321023,-2.664874,4.209025,-2.985663,-2.665588,4.213570,-2.985663,0.004600,0.000000,-2.665588,4.213570,-2.985663,0.004600,0.000000,-2.665588,4.213570,-2.985663,0.004600,0.000000,nan,nan,nan,nan,nan,0.000000,0
1788899902.451361,116.321023,-2.664874,4.209025,-2.985663,-2.665588,4.213570,-2.985663,0.004600,0.000000,-2.665588,4.213570,-2.985663,0.004600,0.000000,-2.665588,4.213570,-2.985663,0.004600,0.000000,nan,nan,nan,nan,nan,0.000000,0
1788899902.501839,116.371501,-2.664874,4.209025,-2.985663,-2.665588,4.213570,-2.985663,0.004600,0.000000,-2.665588,4.213570,-2.985663,0.004600,0.000000,-2.665588,4.213570,-2.985663,0.004600,0.000000,nan,nan,nan,nan,nan,0.000000,0
1788899902.501839,116.371501,-2.664874,4.209025,-2.985663,-2.665588,4.213570,-2.985663,0.004600,0.000000,-2.665588,4.213570,-2.985663,0.004600,0.000000,-2.665588,4.213570,-2.985663,0.004600,0.000000,nan,nan,nan,nan,nan,0.000000,0
1788899902.551638,116.421300,-2.664874,4.209025,-2.985663,-2.665588,4.213570,-2.985663,0.004600,0.000000,-2.665588,4.213570,-2.985663,0.004600,0.000000,-2.665588,4.213570,-2.985663,0.004600,0.000000,nan,nan,nan,nan,nan,0.000000,0
1788899902.551638,116.421300,-2.664874,4.209025,-2.985663,-2.665588,4.213570,-2.985663,0.004600,0.000000,-2.665588,4.213570,-2.985663,0.004600,0.000000,-2.665588,4.213570,-2.985663,0.004600,0.000000,nan,nan,nan,nan,nan,0.000000,0
1788899902.601550,116.471212,-2.664874,4.209025,-2.985663,-2.665588,4.213570,-2.985663,0.004600,0.000000,-2.665588,4.213570,-2.985663,0.004600,0.000000,-2.665588,4.213570,-2.985663,0.004600,0.000000,nan,nan,nan,nan,nan,0.000000,0
1788899902.601550,116.471212,-2.664874,4.209025,-2.985663,-2.665588,4.213570,-2.985663,0.004600,0.000000,-2.665588,4.213570,-2.985663,0.004600,0.000000,-2.665588,4.213570,-2.985663,0.004600,0.000000,nan,nan,nan,nan,nan,0.000000,0
1788899902.651017,116.520679,-2.664874,4.209025,-2.985663,-2.665588,4.213570,-2.985663,0.004600,0.000000,-2.665588,4.213570,-2.985663,0.004600,0.000000,-2.665588,4.213570,-2.985663,0.004600,0.000000,nan,nan,nan,nan,nan,0.000000,0
1788899902.651017,116.520679,-2.664874,4.209025,-2.985663,-2.665588,4.213570,-2.985663,0.004600,0.000000,-2.665588,4.213570,-2.985663,0.004600,0.000000,-2.665588,4.213570,-2.985663,0.004600,0.000000,nan,nan,nan,nan,nan,0.000000,0
1788899902.701878,116.571539,-2.664874,4.209025,-2.985663,-2.665588,4.213570,-2.985663,0.004600,0.000000,-2.665588,4.213570,-2.985663,0.004600,0.000000,-2.665588,4.213570,-2.985663,0.004600,0.000000,nan,nan,nan,nan,nan,0.000000,0
1788899902.701878,116.571539,-2.664874,4.209025,-2.985663,-2.665588,4.213570,-2.985663,0.004600,0.000000,-2.665588,4.213570,-2.985663,0.004600,0.000000,-2.665588,4.213570,-2.985663,0.004600,0.000000,nan,nan,nan,nan,nan,0.000000,0
1788899902.752019,116.621681,-2.664874,4.209025,-2.985663,-2.665588,4.213570,-2.985663,0.004600,0.000000,-2.665588,4.213570,-2.985663,0.004600,0.000000,-2.665588,4.213570,-2.985663,0.004600,0.000000,nan,nan,nan,nan,nan,0.000000,0
1788899902.752019,116.621681,-2.664874,4.209025,-2.985663,-2.665588,4.213570,-2.985663,0.004600,0.000000,-2.665588,4.213570,-2.985663,0.004600,0.000000,-2.665588,4.213570,-2.985663,0.004600,0.000000,nan,nan,nan,nan,nan,0.000000,0
1788899902.826571,116.696233,-2.664874,4.209025,-2.985663,-2.665588,4.213570,-2.985663,0.004600,0.000000,-2.665588,4.213570,-2.985663,0.004600,0.000000,-2.665588,4.213570,-2.985663,0.004600,0.000000,nan,nan,nan,nan,nan,0.000000,0
1788899902.826571,116.696233,-2.664874,4.209025,-2.985663,-2.665588,4.213570,-2.985663,0.004600,0.000000,-2.665588,4.213570,-2.985663,0.004600,0.000000,-2.665588,4.213570,-2.985663,0.004600,0.000000,nan,nan,nan,nan,nan,0.000000,0
1788899902.876558,116.746220,-2.664874,4.209025,-2.985663,-2.665588,4.213570,-2.985663,0.004600,0.000000,-2.665588,4.213570,-2.985663,0.004600,0.000000,-2.665588,4.213570,-2.985663,0.004600,0.000000,nan,nan,nan,nan,nan,0.000000,0
1788899902.876558,116.746220,-2.664874,4.209025,-2.985663,-2.665588,4.213570,-2.985663,0.004600,0.000000,-2.665588,4.213570,-2.985663,0.004600,0.000000,-2.665588,4.213570,-2.985663,0.004600,0.000000,nan,nan,nan,nan,nan,0.000000,0
1788899902.926056,116.795718,-2.664874,4.209025,-2.985663,-2.665588,4.213570,-2.985663,0.004600,0.000000,-2.665588,4.213570,-2.985663,0.004600,0.000000,-2.665588,4.213570,-2.985663,0.004600,0.000000,nan,nan,nan,nan,nan,0.000000,0
1788899902.926056,116.795718,-2.664874,4.209025,-2.985663,-2.665588,4.213570,-2.985663,0.004600,0.000000,-2.665588,4.213570,-2.985663,0.004600,0.000000,-2.665588,4.213570,-2.985663,0.004600,0.000000,nan,nan,nan,nan,nan,0.000000,0
1788899902.976065,116.845727,-2.664874,4.209025,-2.985663,-2.665588,4.213570,-2.985663,0.004600,0.000000,-2.665588,4.213570,-2.985663,0.004600,0.000000,-2.665588,4.213570,-2.985663,0.004600,0.000000,nan,nan,nan,nan,nan,0.000000,0
1788899902.976065,116.845727,-2.664874,4.209025,-2.985663,-2.665588,4.213570,-2.985663,0.004600,0.000000,-2.665588,4.213570,-2.985663,0.004600,0.000000,-2.665588,4.213570,-2.985663,0.004600,0.000000,nan,nan,nan,nan,nan,0.000000,0
1788899903.026571,116.896233,-2.664874,4.209025,-2.985663,-2.665588,4.213570,-2.985663,0.004600,0.000000,-2.665588,4.213570,-2.985663,0.004600,0.000000,-2.665588,4.213570,-2.985663,0.004600,0.000000,nan,nan,nan,nan,nan,0.000000,0
1788899903.026571,116.896233,-2.664874,4.209025,-2.985663,-2.665588,4.213570,-2.985663,0.004600,0.000000,-2.665588,4.213570,-2.985663,0.004600,0.000000,-2.665588,4.213570,-2.985663,0.004600,0.000000,nan,nan,nan,nan,nan,0.000000,0
1788899903.076813,116.946475,-2.664874,4.209025,-2.985663,-2.665588,4.213570,-2.985663,0.004600,0.000000,-2.665588,4.213570,-2.985663,0.004600,0.000000,-2.665588,4.213570,-2.985663,0.004600,0.000000,nan,nan,nan,nan,nan,0.000000,0
1788899903.076813,116.946475,-2.664874,4.209025,-2.985663,-2.665588,4.213570,-2.985663,0.004600,0.000000,-2.665588,4.213570,-2.985663,0.004600,0.000000,-2.665588,4.213570,-2.985663,0.004600,0.000000,nan,nan,nan,nan,nan,0.000000,0
1788899903.125894,116.995556,-2.664874,4.209025,-2.985663,-2.665588,4.213570,-2.985663,0.004600,0.000000,-2.665588,4.213570,-2.985663,0.004600,0.000000,-2.665588,4.213570,-2.985663,0.004600,0.000000,nan,nan,nan,nan,nan,0.000000,0
1788899903.125894,116.995556,-2.664874,4.209025,-2.985663,-2.665588,4.213570,-2.985663,0.004600,0.000000,-2.665588,4.213570,-2.985663,0.004600,0.000000,-2.665588,4.213570,-2.985663,0.004600,0.000000,nan,nan,nan,nan,nan,0.000000,0
1788899903.176892,117.046554,-2.664874,4.209025,-2.985663,-2.665588,4.213570,-2.985663,0.004600,0.000000,-2.665588,4.213570,-2.985663,0.004600,0.000000,-2.665588,4.213570,-2.985663,0.004600,0.000000,nan,nan,nan,nan,nan,0.000000,0
1788899903.176892,117.046554,-2.664874,4.209025,-2.985663,-2.665588,4.213570,-2.985663,0.004600,0.000000,-2.665588,4.213570,-2.985663,0.004600,0.000000,-2.665588,4.213570,-2.985663,0.004600,0.000000,nan,nan,nan,nan,nan,0.000000,0
1788899903.226712,117.096374,-2.664874,4.209025,-2.985663,-2.665588,4.213570,-2.985663,0.004600,0.000000,-2.665588,4.213570,-2.985663,0.004600,0.000000,-2.665588,4.213570,-2.985663,0.004600,0.000000,nan,nan,nan,nan,nan,0.000000,0
1788899903.226712,117.096374,-2.664874,4.209025,-2.985663,-2.665588,4.213570,-2.985663,0.004600,0.000000,-2.665588,4.213570,-2.985663,0.004600,0.000000,-2.665588,4.213570,-2.985663,0.004600,0.000000,nan,nan,nan,nan,nan,0.000000,0
1788899903.276795,117.146457,-2.664874,4.209025,-2.985663,-2.665588,4.213570,-2.985663,0.004600,0.000000,-2.665588,4.213570,-2.985663,0.004600,0.000000,-2.665588,4.213570,-2.985663,0.004600,0.000000,nan,nan,nan,nan,nan,0.000000,0
1788899903.276795,117.146457,-2.664874,4.209025,-2.985663,-2.665588,4.213570,-2.985663,0.004600,0.000000,-2.665588,4.213570,-2.985663,0.004600,0.000000,-2.665588,4.213570,-2.985663,0.004600,0.000000,nan,nan,nan,nan,nan,0.000000,0
1788899903.326672,117.196334,-2.664874,4.209025,-2.985663,-2.665588,4.213570,-2.985663,0.004600,0.000000,-2.665588,4.213570,-2.985663,0.004600,0.000000,-2.665588,4.213570,-2.985663,0.004600,0.000000,nan,nan,nan,nan,nan,0.000000,0
1788899903.326672,117.196334,-2.664874,4.209025,-2.985663,-2.665588,4.213570,-2.985663,0.004600,0.000000,-2.665588,4.213570,-2.985663,0.004600,0.000000,-2.665588,4.213570,-2.985663,0.004600,0.000000,nan,nan,nan,nan,nan,0.000000,0
1788899903.376271,117.245933,-2.664874,4.209025,-2.985663,-2.665588,4.213570,-2.985663,0.004600,0.000000,-2.665588,4.213570,-2.985663,0.004600,0.000000,-2.665588,4.213570,-2.985663,0.004600,0.000000,nan,nan,nan,nan,nan,0.000000,0
1788899903.376271,117.245933,-2.664874,4.209025,-2.985663,-2.665588,4.213570,-2.985663,0.004600,0.000000,-2.665588,4.213570,-2.985663,0.004600,0.000000,-2.665588,4.213570,-2.985663,0.004600,0.000000,nan,nan,nan,nan,nan,0.000000,0
1788899903.426894,117.296556,-2.664874,4.209025,-2.985663,-2.665588,4.213570,-2.985663,0.004600,0.000000,-2.665588,4.213570,-2.985663,0.004600,0.000000,-2.665588,4.213570,-2.985663,0.004600,0.000000,nan,nan,nan,nan,nan,0.000000,0
1788899903.426894,117.296556,-2.664874,4.209025,-2.985663,-2.665588,4.213570,-2.985663,0.004600,0.000000,-2.665588,4.213570,-2.985663,0.004600,0.000000,-2.665588,4.213570,-2.985663,0.004600,0.000000,nan,nan,nan,nan,nan,0.000000,0
1788899903.476435,117.346097,-2.664874,4.209025,-2.985663,-2.665588,4.213570,-2.985663,0.004600,0.000000,-2.665588,4.213570,-2.985663,0.004600,0.000000,-2.665588,4.213570,-2.985663,0.004600,0.000000,nan,nan,nan,nan,nan,0.000000,0
1788899903.476435,117.346097,-2.664874,4.209025,-2.985663,-2.665588,4.213570,-2.985663,0.004600,0.000000,-2.665588,4.213570,-2.985663,0.004600,0.000000,-2.665588,4.213570,-2.985663,0.004600,0.000000,nan,nan,nan,nan,nan,0.000000,0
1788899903.526685,117.396347,-2.664874,4.209025,-2.985663,-2.665588,4.213570,-2.985663,0.004600,0.000000,-2.665588,4.213570,-2.985663,0.004600,0.000000,-2.665588,4.213570,-2.985663,0.004600,0.000000,nan,nan,nan,nan,nan,0.000000,0
1788899903.526685,117.396347,-2.664874,4.209025,-2.985663,-2.665588,4.213570,-2.985663,0.004600,0.000000,-2.665588,4.213570,-2.985663,0.004600,0.000000,-2.665588,4.213570,-2.985663,0.004600,0.000000,nan,nan,nan,nan,nan,0.000000,0
1788899903.576602,117.446264,-2.664874,4.209025,-2.985663,-2.665588,4.213570,-2.985663,0.004600,0.000000,-2.665588,4.213570,-2.985663,0.004600,0.000000,-2.665588,4.213570,-2.985663,0.004600,0.000000,nan,nan,nan,nan,nan,0.000000,0
1788899903.576602,117.446264,-2.664874,4.209025,-2.985663,-2.665588,4.213570,-2.985663,0.004600,0.000000,-2.665588,4.213570,-2.985663,0.004600,0.000000,-2.665588,4.213570,-2.985663,0.004600,0.000000,nan,nan,nan,nan,nan,0.000000,0
1788899903.626854,117.496516,-2.664874,4.209025,-2.985663,-2.665588,4.213570,-2.985663,0.004600,0.000000,-2.665588,4.213570,-2.985663,0.004600,0.000000,-2.665588,4.213570,-2.985663,0.004600,0.000000,nan,nan,nan,nan,nan,0.000000,0
1788899903.626854,117.496516,-2.664874,4.209025,-2.985663,-2.665588,4.213570,-2.985663,0.004600,0.000000,-2.665588,4.213570,-2.985663,0.004600,0.000000,-2.665588,4.213570,-2.985663,0.004600,0.000000,nan,nan,nan,nan,nan,0.000000,0
1788899903.676812,117.546474,-2.664874,4.209025,-2.985663,-2.665588,4.213570,-2.985663,0.004600,0.000000,-2.665588,4.213570,-2.985663,0.004600,0.000000,-2.665588,4.213570,-2.985663,0.004600,0.000000,nan,nan,nan,nan,nan,0.000000,0
1788899903.676812,117.546474,-2.664874,4.209025,-2.985663,-2.665588,4.213570,-2.985663,0.004600,0.000000,-2.665588,4.213570,-2.985663,0.004600,0.000000,-2.665588,4.213570,-2.985663,0.004600,0.000000,nan,nan,nan,nan,nan,0.000000,0
1788899903.726857,117.596519,-2.664874,4.209025,-2.985663,-2.665588,4.213570,-2.985663,0.004600,0.000000,-2.665588,4.213570,-2.985663,0.004600,0.000000,-2.665588,4.213570,-2.985663,0.004600,0.000000,nan,nan,nan,nan,nan,0.000000,0
1788899903.726857,117.596519,-2.664874,4.209025,-2.985663,-2.665588,4.213570,-2.985663,0.004600,0.000000,-2.665588,4.213570,-2.985663,0.004600,0.000000,-2.665588,4.213570,-2.985663,0.004600,0.000000,nan,nan,nan,nan,nan,0.000000,0
1788899903.776949,117.646610,-2.664874,4.209025,-2.985663,-2.665588,4.213570,-2.985663,0.004600,0.000000,-2.665588,4.213570,-2.985663,0.004600,0.000000,-2.665588,4.213570,-2.985663,0.004600,0.000000,nan,nan,nan,nan,nan,0.000000,0
1788899903.776949,117.646610,-2.664874,4.209025,-2.985663,-2.665588,4.213570,-2.985663,0.004600,0.000000,-2.665588,4.213570,-2.985663,0.004600,0.000000,-2.665588,4.213570,-2.985663,0.004600,0.000000,nan,nan,nan,nan,nan,0.000000,0
1788899903.826887,117.696548,-2.664874,4.209025,-2.985663,-2.665588,4.213570,-2.985663,0.004600,0.000000,-2.665588,4.213570,-2.985663,0.004600,0.000000,-2.665588,4.213570,-2.985663,0.004600,0.000000,nan,nan,nan,nan,nan,0.000000,0
1788899903.826887,117.696548,-2.664874,4.209025,-2.985663,-2.665588,4.213570,-2.985663,0.004600,0.000000,-2.665588,4.213570,-2.985663,0.004600,0.000000,-2.665588,4.213570,-2.985663,0.004600,0.000000,nan,nan,nan,nan,nan,0.000000,0
1788899903.876663,117.746325,-2.664874,4.209025,-2.985663,-2.665588,4.213570,-2.985663,0.004600,0.000000,-2.665588,4.213570,-2.985663,0.004600,0.000000,-2.665588,4.213570,-2.985663,0.004600,0.000000,nan,nan,nan,nan,nan,0.000000,0
1788899903.876663,117.746325,-2.664874,4.209025,-2.985663,-2.665588,4.213570,-2.985663,0.004600,0.000000,-2.665588,4.213570,-2.985663,0.004600,0.000000,-2.665588,4.213570,-2.985663,0.004600,0.000000,nan,nan,nan,nan,nan,0.000000,0
1788899903.926134,117.795796,-2.664874,4.209025,-2.985663,-2.665588,4.213570,-2.985663,0.004600,0.000000,-2.665588,4.213570,-2.985663,0.004600,0.000000,-2.665588,4.213570,-2.985663,0.004600,0.000000,nan,nan,nan,nan,nan,0.000000,0
1788899903.926134,117.795796,-2.664874,4.209025,-2.985663,-2.665588,4.213570,-2.985663,0.004600,0.000000,-2.665588,4.213570,-2.985663,0.004600,0.000000,-2.665588,4.213570,-2.985663,0.004600,0.000000,nan,nan,nan,nan,nan,0.000000,0
1788899903.976906,117.846568,-2.664874,4.209025,-2.985663,-2.665588,4.213570,-2.985663,0.004600,0.000000,-2.665588,4.213570,-2.985663,0.004600,0.000000,-2.665588,4.213570,-2.985663,0.004600,0.000000,nan,nan,nan,nan,nan,0.000000,0
1788899903.976906,117.846568,-2.664874,4.209025,-2.985663,-2.665588,4.213570,-2.985663,0.004600,0.000000,-2.665588,4.213570,-2.985663,0.004600,0.000000,-2.665588,4.213570,-2.985663,0.004600,0.000000,nan,nan,nan,nan,nan,0.000000,0
1788899904.026010,117.895672,-2.664874,4.209025,-2.985663,-2.665588,4.213570,-2.985663,0.004600,0.000000,-2.665588,4.213570,-2.985663,0.004600,0.000000,-2.665588,4.213570,-2.985663,0.004600,0.000000,nan,nan,nan,nan,nan,0.000000,0
1788899904.026010,117.895672,-2.664874,4.209025,-2.985663,-2.665588,4.213570,-2.985663,0.004600,0.000000,-2.665588,4.213570,-2.985663,0.004600,0.000000,-2.665588,4.213570,-2.985663,0.004600,0.000000,nan,nan,nan,nan,nan,0.000000,0
1788899904.077271,117.946933,-2.664874,4.209025,-2.985663,-2.665588,4.213570,-2.985663,0.004600,0.000000,-2.665588,4.213570,-2.985663,0.004600,0.000000,-2.665588,4.213570,-2.985663,0.004600,0.000000,nan,nan,nan,nan,nan,0.000000,0
1788899904.077271,117.946933,-2.664874,4.209025,-2.985663,-2.665588,4.213570,-2.985663,0.004600,0.000000,-2.665588,4.213570,-2.985663,0.004600,0.000000,-2.665588,4.213570,-2.985663,0.004600,0.000000,nan,nan,nan,nan,nan,0.000000,0
1788899904.131359,118.001020,-2.664874,4.209025,-2.985663,-2.665588,4.213570,-2.985663,0.004600,0.000000,-2.665588,4.213570,-2.985663,0.004600,0.000000,-2.665588,4.213570,-2.985663,0.004600,0.000000,nan,nan,nan,nan,nan,0.000000,0
1788899904.131359,118.001020,-2.664874,4.209025,-2.985663,-2.665588,4.213570,-2.985663,0.004600,0.000000,-2.665588,4.213570,-2.985663,0.004600,0.000000,-2.665588,4.213570,-2.985663,0.004600,0.000000,nan,nan,nan,nan,nan,0.000000,0
1788899904.201623,118.071285,-2.664874,4.209025,-2.985663,-2.665588,4.213570,-2.985663,0.004600,0.000000,-2.665588,4.213570,-2.985663,0.004600,0.000000,-2.665588,4.213570,-2.985663,0.004600,0.000000,nan,nan,nan,nan,nan,0.000000,0
1788899904.201623,118.071285,-2.664874,4.209025,-2.985663,-2.665588,4.213570,-2.985663,0.004600,0.000000,-2.665588,4.213570,-2.985663,0.004600,0.000000,-2.665588,4.213570,-2.985663,0.004600,0.000000,nan,nan,nan,nan,nan,0.000000,0
1788899904.251824,118.121486,-2.664874,4.209025,-2.985663,-2.665588,4.213570,-2.985663,0.004600,0.000000,-2.665588,4.213570,-2.985663,0.004600,0.000000,-2.665588,4.213570,-2.985663,0.004600,0.000000,nan,nan,nan,nan,nan,0.000000,0
1788899904.251824,118.121486,-2.664874,4.209025,-2.985663,-2.665588,4.213570,-2.985663,0.004600,0.000000,-2.665588,4.213570,-2.985663,0.004600,0.000000,-2.665588,4.213570,-2.985663,0.004600,0.000000,nan,nan,nan,nan,nan,0.000000,0
1788899904.301943,118.171605,-2.664874,4.209025,-2.985663,-2.665588,4.213570,-2.985663,0.004600,0.000000,-2.665588,4.213570,-2.985663,0.004600,0.000000,-2.665588,4.213570,-2.985663,0.004600,0.000000,nan,nan,nan,nan,nan,0.000000,0
1788899904.301943,118.171605,-2.664874,4.209025,-2.985663,-2.665588,4.213570,-2.985663,0.004600,0.000000,-2.665588,4.213570,-2.985663,0.004600,0.000000,-2.665588,4.213570,-2.985663,0.004600,0.000000,nan,nan,nan,nan,nan,0.000000,0
1788899904.351260,118.220922,-2.664874,4.209025,-2.985663,-2.665588,4.213570,-2.985663,0.004600,0.000000,-2.665588,4.213570,-2.985663,0.004600,0.000000,-2.665588,4.213570,-2.985663,0.004600,0.000000,nan,nan,nan,nan,nan,0.000000,0
1788899904.351260,118.220922,-2.664874,4.209025,-2.985663,-2.665588,4.213570,-2.985663,0.004600,0.000000,-2.665588,4.213570,-2.985663,0.004600,0.000000,-2.665588,4.213570,-2.985663,0.004600,0.000000,nan,nan,nan,nan,nan,0.000000,0
1788899904.401839,118.271501,-2.664874,4.209025,-2.985663,-2.665588,4.213570,-2.985663,0.004600,0.000000,-2.665588,4.213570,-2.985663,0.004600,0.000000,-2.665588,4.213570,-2.985663,0.004600,0.000000,nan,nan,nan,nan,nan,0.000000,0
1788899904.401839,118.271501,-2.664874,4.209025,-2.985663,-2.665588,4.213570,-2.985663,0.004600,0.000000,-2.665588,4.213570,-2.985663,0.004600,0.000000,-2.665588,4.213570,-2.985663,0.004600,0.000000,nan,nan,nan,nan,nan,0.000000,0
1788899904.451751,118.321413,-2.664874,4.209025,-2.985663,-2.665588,4.213570,-2.985663,0.004600,0.000000,-2.665588,4.213570,-2.985663,0.004600,0.000000,-2.665588,4.213570,-2.985663,0.004600,0.000000,nan,nan,nan,nan,nan,0.000000,0
1788899904.451751,118.321413,-2.664874,4.209025,-2.985663,-2.665588,4.213570,-2.985663,0.004600,0.000000,-2.665588,4.213570,-2.985663,0.004600,0.000000,-2.665588,4.213570,-2.985663,0.004600,0.000000,nan,nan,nan,nan,nan,0.000000,0
1788899904.501362,118.371024,-2.664874,4.209025,-2.985663,-2.665588,4.213570,-2.985663,0.004600,0.000000,-2.665588,4.213570,-2.985663,0.004600,0.000000,-2.665588,4.213570,-2.985663,0.004600,0.000000,nan,nan,nan,nan,nan,0.000000,0
1788899904.501362,118.371024,-2.664874,4.209025,-2.985663,-2.665588,4.213570,-2.985663,0.004600,0.000000,-2.665588,4.213570,-2.985663,0.004600,0.000000,-2.665588,4.213570,-2.985663,0.004600,0.000000,nan,nan,nan,nan,nan,0.000000,0
1788899904.551241,118.420903,-2.664874,4.209025,-2.985663,-2.665588,4.213570,-2.985663,0.004600,0.000000,-2.665588,4.213570,-2.985663,0.004600,0.000000,-2.665588,4.213570,-2.985663,0.004600,0.000000,nan,nan,nan,nan,nan,0.000000,0
1788899904.551241,118.420903,-2.664874,4.209025,-2.985663,-2.665588,4.213570,-2.985663,0.004600,0.000000,-2.665588,4.213570,-2.985663,0.004600,0.000000,-2.665588,4.213570,-2.985663,0.004600,0.000000,nan,nan,nan,nan,nan,0.000000,0
1788899904.601523,118.471185,-2.664874,4.209025,-2.985663,-2.665588,4.213570,-2.985663,0.004600,0.000000,-2.665588,4.213570,-2.985663,0.004600,0.000000,-2.665588,4.213570,-2.985663,0.004600,0.000000,nan,nan,nan,nan,nan,0.000000,0
1788899904.601523,118.471185,-2.664874,4.209025,-2.985663,-2.665588,4.213570,-2.985663,0.004600,0.000000,-2.665588,4.213570,-2.985663,0.004600,0.000000,-2.665588,4.213570,-2.985663,0.004600,0.000000,nan,nan,nan,nan,nan,0.000000,0
1788899904.651025,118.520687,-2.664874,4.209025,-2.985663,-2.665588,4.213570,-2.985663,0.004600,0.000000,-2.665588,4.213570,-2.985663,0.004600,0.000000,-2.665588,4.213570,-2.985663,0.004600,0.000000,nan,nan,nan,nan,nan,0.000000,0
1788899904.651025,118.520687,-2.664874,4.209025,-2.985663,-2.665588,4.213570,-2.985663,0.004600,0.000000,-2.665588,4.213570,-2.985663,0.004600,0.000000,-2.665588,4.213570,-2.985663,0.004600,0.000000,nan,nan,nan,nan,nan,0.000000,0
1788899904.701537,118.571198,-2.664874,4.209025,-2.985663,-2.665588,4.213570,-2.985663,0.004600,0.000000,-2.665588,4.213570,-2.985663,0.004600,0.000000,-2.665588,4.213570,-2.985663,0.004600,0.000000,nan,nan,nan,nan,nan,0.000000,0
1788899904.701537,118.571198,-2.664874,4.209025,-2.985663,-2.665588,4.213570,-2.985663,0.004600,0.000000,-2.665588,4.213570,-2.985663,0.004600,0.000000,-2.665588,4.213570,-2.985663,0.004600,0.000000,nan,nan,nan,nan,nan,0.000000,0
1788899904.751868,118.621529,-2.664858,4.208927,-2.985663,-2.665588,4.213570,-2.985663,0.004700,0.000000,-2.665588,4.213570,-2.985663,0.004700,0.000000,-2.665588,4.213570,-2.985663,0.004700,0.000000,nan,nan,nan,nan,nan,0.001987,0
1788899904.751868,118.621529,-2.664858,4.208927,-2.985663,-2.665588,4.213570,-2.985663,0.004700,0.000000,-2.665588,4.213570,-2.985663,0.004700,0.000000,-2.665588,4.213570,-2.985663,0.004700,0.000000,nan,nan,nan,nan,nan,0.001987,0
1788899904.801919,118.671581,-2.664858,4.208927,-2.985663,-2.665588,4.213570,-2.985663,0.004700,0.000000,-2.665588,4.213570,-2.985663,0.004700,0.000000,-2.665588,4.213570,-2.985663,0.004700,0.000000,nan,nan,nan,nan,nan,0.000000,0
1788899904.801919,118.671581,-2.664858,4.208927,-2.985663,-2.665588,4.213570,-2.985663,0.004700,0.000000,-2.665588,4.213570,-2.985663,0.004700,0.000000,-2.665588,4.213570,-2.985663,0.004700,0.000000,nan,nan,nan,nan,nan,0.000000,0
1788899904.854515,118.724177,-2.664858,4.208927,-2.985663,-2.665588,4.213570,-2.985663,0.004700,0.000000,-2.665588,4.213570,-2.985663,0.004700,0.000000,-2.665588,4.213570,-2.985663,0.004700,0.000000,nan,nan,nan,nan,nan,0.000000,0
1788899904.854515,118.724177,-2.664858,4.208927,-2.985663,-2.665588,4.213570,-2.985663,0.004700,0.000000,-2.665588,4.213570,-2.985663,0.004700,0.000000,-2.665588,4.213570,-2.985663,0.004700,0.000000,nan,nan,nan,nan,nan,0.000000,0
1788899904.903967,118.773629,-2.664858,4.208927,-2.985663,-2.665588,4.213570,-2.985663,0.004700,0.000000,-2.665588,4.213570,-2.985663,0.004700,0.000000,-2.665588,4.213570,-2.985663,0.004700,0.000000,nan,nan,nan,nan,nan,0.000000,0
1788899904.903967,118.773629,-2.664858,4.208927,-2.985663,-2.665588,4.213570,-2.985663,0.004700,0.000000,-2.665588,4.213570,-2.985663,0.004700,0.000000,-2.665588,4.213570,-2.985663,0.004700,0.000000,nan,nan,nan,nan,nan,0.000000,0
1788899904.953144,118.822805,-2.664858,4.208927,-2.985663,-2.665588,4.213570,-2.985663,0.004700,0.000000,-2.665588,4.213570,-2.985663,0.004700,0.000000,-2.665588,4.213570,-2.985663,0.004700,0.000000,nan,nan,nan,nan,nan,0.000000,0
1788899904.953144,118.822805,-2.664858,4.208927,-2.985663,-2.665588,4.213570,-2.985663,0.004700,0.000000,-2.665588,4.213570,-2.985663,0.004700,0.000000,-2.665588,4.213570,-2.985663,0.004700,0.000000,nan,nan,nan,nan,nan,0.000000,0
1788899905.001895,118.871557,-2.664858,4.208927,-2.985663,-2.665588,4.213570,-2.985663,0.004700,0.000000,-2.665588,4.213570,-2.985663,0.004700,0.000000,-2.665588,4.213570,-2.985663,0.004700,0.000000,nan,nan,nan,nan,nan,0.000000,0
1788899905.001895,118.871557,-2.664858,4.208927,-2.985663,-2.665588,4.213570,-2.985663,0.004700,0.000000,-2.665588,4.213570,-2.985663,0.004700,0.000000,-2.665588,4.213570,-2.985663,0.004700,0.000000,nan,nan,nan,nan,nan,0.000000,0
1788899905.050973,118.920635,-2.664858,4.208927,-2.985663,-2.665588,4.213570,-2.985663,0.004700,0.000000,-2.665588,4.213570,-2.985663,0.004700,0.000000,-2.665588,4.213570,-2.985663,0.004700,0.000000,nan,nan,nan,nan,nan,0.000000,0
1788899905.050973,118.920635,-2.664858,4.208927,-2.985663,-2.665588,4.213570,-2.985663,0.004700,0.000000,-2.665588,4.213570,-2.985663,0.004700,0.000000,-2.665588,4.213570,-2.985663,0.004700,0.000000,nan,nan,nan,nan,nan,0.000000,0
1788899905.101671,118.971333,-2.664858,4.208927,-2.985663,-2.665588,4.213570,-2.985663,0.004700,0.000000,-2.665588,4.213570,-2.985663,0.004700,0.000000,-2.665588,4.213570,-2.985663,0.004700,0.000000,nan,nan,nan,nan,nan,0.000000,0
1788899905.101671,118.971333,-2.664858,4.208927,-2.985663,-2.665588,4.213570,-2.985663,0.004700,0.000000,-2.665588,4.213570,-2.985663,0.004700,0.000000,-2.665588,4.213570,-2.985663,0.004700,0.000000,nan,nan,nan,nan,nan,0.000000,0
1788899905.151864,119.021525,-2.664858,4.208927,-2.985663,-2.665588,4.213570,-2.985663,0.004700,0.000000,-2.665588,4.213570,-2.985663,0.004700,0.000000,-2.665588,4.213570,-2.985663,0.004700,0.000000,nan,nan,nan,nan,nan,0.000000,0
1788899905.151864,119.021525,-2.664858,4.208927,-2.985663,-2.665588,4.213570,-2.985663,0.004700,0.000000,-2.665588,4.213570,-2.985663,0.004700,0.000000,-2.665588,4.213570,-2.985663,0.004700,0.000000,nan,nan,nan,nan,nan,0.000000,0
1788899905.200988,119.070650,-2.664858,4.208927,-2.985663,-2.665588,4.213570,-2.985663,0.004700,0.000000,-2.665588,4.213570,-2.985663,0.004700,0.000000,-2.665588,4.213570,-2.985663,0.004700,0.000000,nan,nan,nan,nan,nan,0.000000,0
1788899905.200988,119.070650,-2.664858,4.208927,-2.985663,-2.665588,4.213570,-2.985663,0.004700,0.000000,-2.665588,4.213570,-2.985663,0.004700,0.000000,-2.665588,4.213570,-2.985663,0.004700,0.000000,nan,nan,nan,nan,nan,0.000000,0
1788899905.251595,119.121257,-2.664858,4.208927,-2.985663,-2.665588,4.213570,-2.985663,0.004700,0.000000,-2.665588,4.213570,-2.985663,0.004700,0.000000,-2.665588,4.213570,-2.985663,0.004700,0.000000,nan,nan,nan,nan,nan,0.000000,0
1788899905.251595,119.121257,-2.664858,4.208927,-2.985663,-2.665588,4.213570,-2.985663,0.004700,0.000000,-2.665588,4.213570,-2.985663,0.004700,0.000000,-2.665588,4.213570,-2.985663,0.004700,0.000000,nan,nan,nan,nan,nan,0.000000,0
1788899905.301708,119.171370,-2.664858,4.208927,-2.985663,-2.665588,4.213570,-2.985663,0.004700,0.000000,-2.665588,4.213570,-2.985663,0.004700,0.000000,-2.665588,4.213570,-2.985663,0.004700,0.000000,nan,nan,nan,nan,nan,0.000000,0
1788899905.301708,119.171370,-2.664858,4.208927,-2.985663,-2.665588,4.213570,-2.985663,0.004700,0.000000,-2.665588,4.213570,-2.985663,0.004700,0.000000,-2.665588,4.213570,-2.985663,0.004700,0.000000,nan,nan,nan,nan,nan,0.000000,0
1788899905.351335,119.220997,-2.664858,4.208927,-2.985663,-2.665588,4.213570,-2.985663,0.004700,0.000000,-2.665588,4.213570,-2.985663,0.004700,0.000000,-2.665588,4.213570,-2.985663,0.004700,0.000000,nan,nan,nan,nan,nan,0.000000,0
1788899905.351335,119.220997,-2.664858,4.208927,-2.985663,-2.665588,4.213570,-2.985663,0.004700,0.000000,-2.665588,4.213570,-2.985663,0.004700,0.000000,-2.665588,4.213570,-2.985663,0.004700,0.000000,nan,nan,nan,nan,nan,0.000000,0
1788899905.401390,119.271052,-2.664858,4.208927,-2.985663,-2.665588,4.213570,-2.985663,0.004700,0.000000,-2.665588,4.213570,-2.985663,0.004700,0.000000,-2.665588,4.213570,-2.985663,0.004700,0.000000,nan,nan,nan,nan,nan,0.000000,0
1788899905.401390,119.271052,-2.664858,4.208927,-2.985663,-2.665588,4.213570,-2.985663,0.004700,0.000000,-2.665588,4.213570,-2.985663,0.004700,0.000000,-2.665588,4.213570,-2.985663,0.004700,0.000000,nan,nan,nan,nan,nan,0.000000,0
1788899905.451904,119.321566,-2.664858,4.208927,-2.985663,-2.665588,4.213570,-2.985663,0.004700,0.000000,-2.665588,4.213570,-2.985663,0.004700,0.000000,-2.665588,4.213570,-2.985663,0.004700,0.000000,nan,nan,nan,nan,nan,0.000000,0
1788899905.451904,119.321566,-2.664858,4.208927,-2.985663,-2.665588,4.213570,-2.985663,0.004700,0.000000,-2.665588,4.213570,-2.985663,0.004700,0.000000,-2.665588,4.213570,-2.985663,0.004700,0.000000,nan,nan,nan,nan,nan,0.000000,0
1788899905.501715,119.371377,-2.664858,4.208927,-2.985663,-2.665588,4.213570,-2.985663,0.004700,0.000000,-2.665588,4.213570,-2.985663,0.004700,0.000000,-2.665588,4.213570,-2.985663,0.004700,0.000000,nan,nan,nan,nan,nan,0.000000,0
1788899905.501715,119.371377,-2.664858,4.208927,-2.985663,-2.665588,4.213570,-2.985663,0.004700,0.000000,-2.665588,4.213570,-2.985663,0.004700,0.000000,-2.665588,4.213570,-2.985663,0.004700,0.000000,nan,nan,nan,nan,nan,0.000000,0
1788899905.551716,119.421378,-2.664858,4.208927,-2.985663,-2.665588,4.213570,-2.985663,0.004700,0.000000,-2.665588,4.213570,-2.985663,0.004700,0.000000,-2.665588,4.213570,-2.985663,0.004700,0.000000,nan,nan,nan,nan,nan,0.000000,0
1788899905.551716,119.421378,-2.664858,4.208927,-2.985663,-2.665588,4.213570,-2.985663,0.004700,0.000000,-2.665588,4.213570,-2.985663,0.004700,0.000000,-2.665588,4.213570,-2.985663,0.004700,0.000000,nan,nan,nan,nan,nan,0.000000,0
1788899905.601944,119.471606,-2.664858,4.208927,-2.985663,-2.665588,4.213570,-2.985663,0.004700,0.000000,-2.665588,4.213570,-2.985663,0.004700,0.000000,-2.665588,4.213570,-2.985663,0.004700,0.000000,nan,nan,nan,nan,nan,0.000000,0
1788899905.601944,119.471606,-2.664858,4.208927,-2.985663,-2.665588,4.213570,-2.985663,0.004700,0.000000,-2.665588,4.213570,-2.985663,0.004700,0.000000,-2.665588,4.213570,-2.985663,0.004700,0.000000,nan,nan,nan,nan,nan,0.000000,0
1788899905.651002,119.520663,-2.664858,4.208927,-2.985663,-2.665588,4.213570,-2.985663,0.004700,0.000000,-2.665588,4.213570,-2.985663,0.004700,0.000000,-2.665588,4.213570,-2.985663,0.004700,0.000000,nan,nan,nan,nan,nan,0.000000,0
1788899905.651002,119.520663,-2.664858,4.208927,-2.985663,-2.665588,4.213570,-2.985663,0.004700,0.000000,-2.665588,4.213570,-2.985663,0.004700,0.000000,-2.665588,4.213570,-2.985663,0.004700,0.000000,nan,nan,nan,nan,nan,0.000000,0
1788899905.701292,119.570954,-2.664858,4.208927,-2.985663,-2.665588,4.213570,-2.985663,0.004700,0.000000,-2.665588,4.213570,-2.985663,0.004700,0.000000,-2.665588,4.213570,-2.985663,0.004700,0.000000,nan,nan,nan,nan,nan,0.000000,0
1788899905.701292,119.570954,-2.664858,4.208927,-2.985663,-2.665588,4.213570,-2.985663,0.004700,0.000000,-2.665588,4.213570,-2.985663,0.004700,0.000000,-2.665588,4.213570,-2.985663,0.004700,0.000000,nan,nan,nan,nan,nan,0.000000,0
1788899905.753090,119.622751,-2.664858,4.208927,-2.985663,-2.665588,4.213570,-2.985663,0.004700,0.000000,-2.665588,4.213570,-2.985663,0.004700,0.000000,-2.665588,4.213570,-2.985663,0.004700,0.000000,nan,nan,nan,nan,nan,0.000000,0
1788899905.753090,119.622751,-2.664858,4.208927,-2.985663,-2.665588,4.213570,-2.985663,0.004700,0.000000,-2.665588,4.213570,-2.985663,0.004700,0.000000,-2.665588,4.213570,-2.985663,0.004700,0.000000,nan,nan,nan,nan,nan,0.000000,0
1788899905.802615,119.672277,-2.664858,4.208927,-2.985663,-2.665588,4.213570,-2.985663,0.004700,0.000000,-2.665588,4.213570,-2.985663,0.004700,0.000000,-2.665588,4.213570,-2.985663,0.004700,0.000000,nan,nan,nan,nan,nan,0.000000,0
1788899905.802615,119.672277,-2.664858,4.208927,-2.985663,-2.665588,4.213570,-2.985663,0.004700,0.000000,-2.665588,4.213570,-2.985663,0.004700,0.000000,-2.665588,4.213570,-2.985663,0.004700,0.000000,nan,nan,nan,nan,nan,0.000000,0
1788899905.853232,119.722894,-2.664858,4.208927,-2.985663,-2.665588,4.213570,-2.985663,0.004700,0.000000,-2.665588,4.213570,-2.985663,0.004700,0.000000,-2.665588,4.213570,-2.985663,0.004700,0.000000,nan,nan,nan,nan,nan,0.000000,0
1788899905.853232,119.722894,-2.664858,4.208927,-2.985663,-2.665588,4.213570,-2.985663,0.004700,0.000000,-2.665588,4.213570,-2.985663,0.004700,0.000000,-2.665588,4.213570,-2.985663,0.004700,0.000000,nan,nan,nan,nan,nan,0.000000,0
1788899905.902502,119.772164,-2.664858,4.208927,-2.985663,-2.665588,4.213570,-2.985663,0.004700,0.000000,-2.665588,4.213570,-2.985663,0.004700,0.000000,-2.665588,4.213570,-2.985663,0.004700,0.000000,nan,nan,nan,nan,nan,0.000000,0
1788899905.902502,119.772164,-2.664858,4.208927,-2.985663,-2.665588,4.213570,-2.985663,0.004700,0.000000,-2.665588,4.213570,-2.985663,0.004700,0.000000,-2.665588,4.213570,-2.985663,0.004700,0.000000,nan,nan,nan,nan,nan,0.000000,0
1788899905.951905,119.821566,-2.664858,4.208927,-2.985663,-2.665588,4.213570,-2.985663,0.004700,0.000000,-2.665588,4.213570,-2.985663,0.004700,0.000000,-2.665588,4.213570,-2.985663,0.004700,0.000000,nan,nan,nan,nan,nan,0.000000,0
1788899905.951905,119.821566,-2.664858,4.208927,-2.985663,-2.665588,4.213570,-2.985663,0.004700,0.000000,-2.665588,4.213570,-2.985663,0.004700,0.000000,-2.665588,4.213570,-2.985663,0.004700,0.000000,nan,nan,nan,nan,nan,0.000000,0
1788899906.001929,119.871591,-2.664858,4.208927,-2.985663,-2.665588,4.213570,-2.985663,0.004700,0.000000,-2.665588,4.213570,-2.985663,0.004700,0.000000,-2.665588,4.213570,-2.985663,0.004700,0.000000,nan,nan,nan,nan,nan,0.000000,0
1788899906.001929,119.871591,-2.664858,4.208927,-2.985663,-2.665588,4.213570,-2.985663,0.004700,0.000000,-2.665588,4.213570,-2.985663,0.004700,0.000000,-2.665588,4.213570,-2.985663,0.004700,0.000000,nan,nan,nan,nan,nan,0.000000,0
1788899906.051645,119.921307,-2.664858,4.208927,-2.985663,-2.665588,4.213570,-2.985663,0.004700,0.000000,-2.665588,4.213570,-2.985663,0.004700,0.000000,-2.665588,4.213570,-2.985663,0.004700,0.000000,nan,nan,nan,nan,nan,0.000000,0
1788899906.051645,119.921307,-2.664858,4.208927,-2.985663,-2.665588,4.213570,-2.985663,0.004700,0.000000,-2.665588,4.213570,-2.985663,0.004700,0.000000,-2.665588,4.213570,-2.985663,0.004700,0.000000,nan,nan,nan,nan,nan,0.000000,0
1788899906.101199,119.970861,-2.664858,4.208927,-2.985663,-2.665588,4.213570,-2.985663,0.004700,0.000000,-2.665588,4.213570,-2.985663,0.004700,0.000000,-2.665588,4.213570,-2.985663,0.004700,0.000000,nan,nan,nan,nan,nan,0.000000,0
1788899906.101199,119.970861,-2.664858,4.208927,-2.985663,-2.665588,4.213570,-2.985663,0.004700,0.000000,-2.665588,4.213570,-2.985663,0.004700,0.000000,-2.665588,4.213570,-2.985663,0.004700,0.000000,nan,nan,nan,nan,nan,0.000000,0
1788899906.154039,120.023701,-2.664858,4.208927,-2.985663,-2.665588,4.213570,-2.985663,0.004700,0.000000,-2.665588,4.213570,-2.985663,0.004700,0.000000,-2.665588,4.213570,-2.985663,0.004700,0.000000,nan,nan,nan,nan,nan,0.000000,0
1788899906.154039,120.023701,-2.664858,4.208927,-2.985663,-2.665588,4.213570,-2.985663,0.004700,0.000000,-2.665588,4.213570,-2.985663,0.004700,0.000000,-2.665588,4.213570,-2.985663,0.004700,0.000000,nan,nan,nan,nan,nan,0.000000,0
1788899906.202782,120.072444,-2.664858,4.208927,-2.985663,-2.665588,4.213570,-2.985663,0.004700,0.000000,-2.665588,4.213570,-2.985663,0.004700,0.000000,-2.665588,4.213570,-2.985663,0.004700,0.000000,nan,nan,nan,nan,nan,0.000000,0
1788899906.202782,120.072444,-2.664858,4.208927,-2.985663,-2.665588,4.213570,-2.985663,0.004700,0.000000,-2.665588,4.213570,-2.985663,0.004700,0.000000,-2.665588,4.213570,-2.985663,0.004700,0.000000,nan,nan,nan,nan,nan,0.000000,0
1788899906.251261,120.120922,-2.664858,4.208927,-2.985663,-2.665588,4.213570,-2.985663,0.004700,0.000000,-2.665588,4.213570,-2.985663,0.004700,0.000000,-2.665588,4.213570,-2.985663,0.004700,0.000000,nan,nan,nan,nan,nan,0.000000,0
1788899906.251261,120.120922,-2.664858,4.208927,-2.985663,-2.665588,4.213570,-2.985663,0.004700,0.000000,-2.665588,4.213570,-2.985663,0.004700,0.000000,-2.665588,4.213570,-2.985663,0.004700,0.000000,nan,nan,nan,nan,nan,0.000000,0
1788899906.301715,120.171377,-2.664858,4.208927,-2.985663,-2.665588,4.213570,-2.985663,0.004700,0.000000,-2.665588,4.213570,-2.985663,0.004700,0.000000,-2.665588,4.213570,-2.985663,0.004700,0.000000,nan,nan,nan,nan,nan,0.000000,0
1788899906.301715,120.171377,-2.664858,4.208927,-2.985663,-2.665588,4.213570,-2.985663,0.004700,0.000000,-2.665588,4.213570,-2.985663,0.004700,0.000000,-2.665588,4.213570,-2.985663,0.004700,0.000000,nan,nan,nan,nan,nan,0.000000,0
1788899906.351733,120.221395,-2.664858,4.208927,-2.985663,-2.665588,4.213570,-2.985663,0.004700,0.000000,-2.665588,4.213570,-2.985663,0.004700,0.000000,-2.665588,4.213570,-2.985663,0.004700,0.000000,nan,nan,nan,nan,nan,0.000000,0
1788899906.351733,120.221395,-2.664858,4.208927,-2.985663,-2.665588,4.213570,-2.985663,0.004700,0.000000,-2.665588,4.213570,-2.985663,0.004700,0.000000,-2.665588,4.213570,-2.985663,0.004700,0.000000,nan,nan,nan,nan,nan,0.000000,0
1788899906.401055,120.270717,-2.664858,4.208927,-2.985663,-2.665588,4.213570,-2.985663,0.004700,0.000000,-2.665588,4.213570,-2.985663,0.004700,0.000000,-2.665588,4.213570,-2.985663,0.004700,0.000000,nan,nan,nan,nan,nan,0.000000,0
1788899906.401055,120.270717,-2.664858,4.208927,-2.985663,-2.665588,4.213570,-2.985663,0.004700,0.000000,-2.665588,4.213570,-2.985663,0.004700,0.000000,-2.665588,4.213570,-2.985663,0.004700,0.000000,nan,nan,nan,nan,nan,0.000000,0
1788899906.451550,120.321212,-2.664858,4.208927,-2.985663,-2.665588,4.213570,-2.985663,0.004700,0.000000,-2.665588,4.213570,-2.985663,0.004700,0.000000,-2.665588,4.213570,-2.985663,0.004700,0.000000,nan,nan,nan,nan,nan,0.000000,0
1788899906.451550,120.321212,-2.664858,4.208927,-2.985663,-2.665588,4.213570,-2.985663,0.004700,0.000000,-2.665588,4.213570,-2.985663,0.004700,0.000000,-2.665588,4.213570,-2.985663,0.004700,0.000000,nan,nan,nan,nan,nan,0.000000,0
1788899906.501470,120.371132,-2.664858,4.208927,-2.985663,-2.665588,4.213570,-2.985663,0.004700,0.000000,-2.665588,4.213570,-2.985663,0.004700,0.000000,-2.665588,4.213570,-2.985663,0.004700,0.000000,nan,nan,nan,nan,nan,0.000000,0
1788899906.501470,120.371132,-2.664858,4.208927,-2.985663,-2.665588,4.213570,-2.985663,0.004700,0.000000,-2.665588,4.213570,-2.985663,0.004700,0.000000,-2.665588,4.213570,-2.985663,0.004700,0.000000,nan,nan,nan,nan,nan,0.000000,0
1788899906.551356,120.421018,-2.664858,4.208927,-2.985663,-2.665588,4.213570,-2.985663,0.004700,0.000000,-2.665588,4.213570,-2.985663,0.004700,0.000000,-2.665588,4.213570,-2.985663,0.004700,0.000000,nan,nan,nan,nan,nan,0.000000,0
1788899906.551356,120.421018,-2.664858,4.208927,-2.985663,-2.665588,4.213570,-2.985663,0.004700,0.000000,-2.665588,4.213570,-2.985663,0.004700,0.000000,-2.665588,4.213570,-2.985663,0.004700,0.000000,nan,nan,nan,nan,nan,0.000000,0
1788899906.601966,120.471628,-2.664858,4.208927,-2.985663,-2.665588,4.213570,-2.985663,0.004700,0.000000,-2.665588,4.213570,-2.985663,0.004700,0.000000,-2.665588,4.213570,-2.985663,0.004700,0.000000,nan,nan,nan,nan,nan,0.000000,0
1788899906.601966,120.471628,-2.664858,4.208927,-2.985663,-2.665588,4.213570,-2.985663,0.004700,0.000000,-2.665588,4.213570,-2.985663,0.004700,0.000000,-2.665588,4.213570,-2.985663,0.004700,0.000000,nan,nan,nan,nan,nan,0.000000,0
1788899906.651723,120.521385,-2.664858,4.208927,-2.985663,-2.665588,4.213570,-2.985663,0.004700,0.000000,-2.665588,4.213570,-2.985663,0.004700,0.000000,-2.665588,4.213570,-2.985663,0.004700,0.000000,nan,nan,nan,nan,nan,0.000000,0
1788899906.651723,120.521385,-2.664858,4.208927,-2.985663,-2.665588,4.213570,-2.985663,0.004700,0.000000,-2.665588,4.213570,-2.985663,0.004700,0.000000,-2.665588,4.213570,-2.985663,0.004700,0.000000,nan,nan,nan,nan,nan,0.000000,0
1788899906.701455,120.571117,-2.664858,4.208927,-2.985663,-2.665588,4.213570,-2.985663,0.004700,0.000000,-2.665588,4.213570,-2.985663,0.004700,0.000000,-2.665588,4.213570,-2.985663,0.004700,0.000000,nan,nan,nan,nan,nan,0.000000,0
1788899906.701455,120.571117,-2.664858,4.208927,-2.985663,-2.665588,4.213570,-2.985663,0.004700,0.000000,-2.665588,4.213570,-2.985663,0.004700,0.000000,-2.665588,4.213570,-2.985663,0.004700,0.000000,nan,nan,nan,nan,nan,0.000000,0
1788899906.753096,120.622758,-2.664858,4.208927,-2.985663,-2.665588,4.213570,-2.985663,0.004700,0.000000,-2.665588,4.213570,-2.985663,0.004700,0.000000,-2.665588,4.213570,-2.985663,0.004700,0.000000,nan,nan,nan,nan,nan,0.000000,0
1788899906.753096,120.622758,-2.664858,4.208927,-2.985663,-2.665588,4.213570,-2.985663,0.004700,0.000000,-2.665588,4.213570,-2.985663,0.004700,0.000000,-2.665588,4.213570,-2.985663,0.004700,0.000000,nan,nan,nan,nan,nan,0.000000,0
1788899906.801943,120.671605,-2.664858,4.208927,-2.985663,-2.665588,4.213570,-2.985663,0.004700,0.000000,-2.665588,4.213570,-2.985663,0.004700,0.000000,-2.665588,4.213570,-2.985663,0.004700,0.000000,nan,nan,nan,nan,nan,0.000000,0
1788899906.801943,120.671605,-2.664858,4.208927,-2.985663,-2.665588,4.213570,-2.985663,0.004700,0.000000,-2.665588,4.213570,-2.985663,0.004700,0.000000,-2.665588,4.213570,-2.985663,0.004700,0.000000,nan,nan,nan,nan,nan,0.000000,0
1788899906.851779,120.721441,-2.664858,4.208927,-2.985663,-2.665588,4.213570,-2.985663,0.004700,0.000000,-2.665588,4.213570,-2.985663,0.004700,0.000000,-2.665588,4.213570,-2.985663,0.004700,0.000000,nan,nan,nan,nan,nan,0.000000,0
1788899906.851779,120.721441,-2.664858,4.208927,-2.985663,-2.665588,4.213570,-2.985663,0.004700,0.000000,-2.665588,4.213570,-2.985663,0.004700,0.000000,-2.665588,4.213570,-2.985663,0.004700,0.000000,nan,nan,nan,nan,nan,0.000000,0
1788899906.903445,120.773106,-2.664858,4.208927,-2.985663,-2.665588,4.213570,-2.985663,0.004700,0.000000,-2.665588,4.213570,-2.985663,0.004700,0.000000,-2.665588,4.213570,-2.985663,0.004700,0.000000,nan,nan,nan,nan,nan,0.000000,0
1788899906.903445,120.773106,-2.664858,4.208927,-2.985663,-2.665588,4.213570,-2.985663,0.004700,0.000000,-2.665588,4.213570,-2.985663,0.004700,0.000000,-2.665588,4.213570,-2.985663,0.004700,0.000000,nan,nan,nan,nan,nan,0.000000,0
1788899906.951856,120.821517,-2.664858,4.208927,-2.985663,-2.665588,4.213570,-2.985663,0.004700,0.000000,-2.665588,4.213570,-2.985663,0.004700,0.000000,-2.665588,4.213570,-2.985663,0.004700,0.000000,nan,nan,nan,nan,nan,0.000000,0
1788899906.951856,120.821517,-2.664858,4.208927,-2.985663,-2.665588,4.213570,-2.985663,0.004700,0.000000,-2.665588,4.213570,-2.985663,0.004700,0.000000,-2.665588,4.213570,-2.985663,0.004700,0.000000,nan,nan,nan,nan,nan,0.000000,0
1788899907.001597,120.871259,-2.664858,4.208927,-2.985663,-2.665588,4.213570,-2.985663,0.004700,0.000000,-2.665588,4.213570,-2.985663,0.004700,0.000000,-2.665588,4.213570,-2.985663,0.004700,0.000000,nan,nan,nan,nan,nan,0.000000,0
1788899907.001597,120.871259,-2.664858,4.208927,-2.985663,-2.665588,4.213570,-2.985663,0.004700,0.000000,-2.665588,4.213570,-2.985663,0.004700,0.000000,-2.665588,4.213570,-2.985663,0.004700,0.000000,nan,nan,nan,nan,nan,0.000000,0
1788899907.051075,120.920737,-2.664858,4.208927,-2.985663,-2.665588,4.213570,-2.985663,0.004700,0.000000,-2.665588,4.213570,-2.985663,0.004700,0.000000,-2.665588,4.213570,-2.985663,0.004700,0.000000,nan,nan,nan,nan,nan,0.000000,0
1788899907.051075,120.920737,-2.664858,4.208927,-2.985663,-2.665588,4.213570,-2.985663,0.004700,0.000000,-2.665588,4.213570,-2.985663,0.004700,0.000000,-2.665588,4.213570,-2.985663,0.004700,0.000000,nan,nan,nan,nan,nan,0.000000,0
1788899907.101747,120.971409,-2.664843,4.208828,-2.985663,-2.665588,4.213570,-2.985663,0.004800,0.000000,-2.665588,4.213570,-2.985663,0.004800,0.000000,-2.665588,4.213570,-2.985663,0.004800,0.000000,nan,nan,nan,nan,nan,0.001973,0
1788899907.101747,120.971409,-2.664843,4.208828,-2.985663,-2.665588,4.213570,-2.985663,0.004800,0.000000,-2.665588,4.213570,-2.985663,0.004800,0.000000,-2.665588,4.213570,-2.985663,0.004800,0.000000,nan,nan,nan,nan,nan,0.001973,0
1788899907.151821,121.021483,-2.664843,4.208828,-2.985663,-2.665588,4.213570,-2.985663,0.004800,0.000000,-2.665588,4.213570,-2.985663,0.004800,0.000000,-2.665588,4.213570,-2.985663,0.004800,0.000000,nan,nan,nan,nan,nan,0.000000,0
1788899907.151821,121.021483,-2.664843,4.208828,-2.985663,-2.665588,4.213570,-2.985663,0.004800,0.000000,-2.665588,4.213570,-2.985663,0.004800,0.000000,-2.665588,4.213570,-2.985663,0.004800,0.000000,nan,nan,nan,nan,nan,0.000000,0
1788899907.201271,121.070933,-2.664843,4.208828,-2.985663,-2.665588,4.213570,-2.985663,0.004800,0.000000,-2.665588,4.213570,-2.985663,0.004800,0.000000,-2.665588,4.213570,-2.985663,0.004800,0.000000,nan,nan,nan,nan,nan,0.000000,0
1788899907.201271,121.070933,-2.664843,4.208828,-2.985663,-2.665588,4.213570,-2.985663,0.004800,0.000000,-2.665588,4.213570,-2.985663,0.004800,0.000000,-2.665588,4.213570,-2.985663,0.004800,0.000000,nan,nan,nan,nan,nan,0.000000,0
1788899907.251004,121.120665,-2.664843,4.208828,-2.985663,-2.665588,4.213570,-2.985663,0.004800,0.000000,-2.665588,4.213570,-2.985663,0.004800,0.000000,-2.665588,4.213570,-2.985663,0.004800,0.000000,nan,nan,nan,nan,nan,0.000000,0
1788899907.251004,121.120665,-2.664843,4.208828,-2.985663,-2.665588,4.213570,-2.985663,0.004800,0.000000,-2.665588,4.213570,-2.985663,0.004800,0.000000,-2.665588,4.213570,-2.985663,0.004800,0.000000,nan,nan,nan,nan,nan,0.000000,0
1788899907.301832,121.171494,-2.664843,4.208828,-2.985663,-2.665588,4.213570,-2.985663,0.004800,0.000000,-2.665588,4.213570,-2.985663,0.004800,0.000000,-2.665588,4.213570,-2.985663,0.004800,0.000000,nan,nan,nan,nan,nan,0.000000,0
1788899907.301832,121.171494,-2.664843,4.208828,-2.985663,-2.665588,4.213570,-2.985663,0.004800,0.000000,-2.665588,4.213570,-2.985663,0.004800,0.000000,-2.665588,4.213570,-2.985663,0.004800,0.000000,nan,nan,nan,nan,nan,0.000000,0
1788899907.350893,121.220555,-2.664843,4.208828,-2.985663,-2.665588,4.213570,-2.985663,0.004800,0.000000,-2.665588,4.213570,-2.985663,0.004800,0.000000,-2.665588,4.213570,-2.985663,0.004800,0.000000,nan,nan,nan,nan,nan,0.000000,0
1788899907.350893,121.220555,-2.664843,4.208828,-2.985663,-2.665588,4.213570,-2.985663,0.004800,0.000000,-2.665588,4.213570,-2.985663,0.004800,0.000000,-2.665588,4.213570,-2.985663,0.004800,0.000000,nan,nan,nan,nan,nan,0.000000,0
1788899907.401884,121.271546,-2.664843,4.208828,-2.985663,-2.665588,4.213570,-2.985663,0.004800,0.000000,-2.665588,4.213570,-2.985663,0.004800,0.000000,-2.665588,4.213570,-2.985663,0.004800,0.000000,nan,nan,nan,nan,nan,0.000000,0
1788899907.401884,121.271546,-2.664843,4.208828,-2.985663,-2.665588,4.213570,-2.985663,0.004800,0.000000,-2.665588,4.213570,-2.985663,0.004800,0.000000,-2.665588,4.213570,-2.985663,0.004800,0.000000,nan,nan,nan,nan,nan,0.000000,0
1788899907.451649,121.321311,-2.664843,4.208828,-2.985663,-2.665588,4.213570,-2.985663,0.004800,0.000000,-2.665588,4.213570,-2.985663,0.004800,0.000000,-2.665588,4.213570,-2.985663,0.004800,0.000000,nan,nan,nan,nan,nan,0.000000,0
1788899907.451649,121.321311,-2.664843,4.208828,-2.985663,-2.665588,4.213570,-2.985663,0.004800,0.000000,-2.665588,4.213570,-2.985663,0.004800,0.000000,-2.665588,4.213570,-2.985663,0.004800,0.000000,nan,nan,nan,nan,nan,0.000000,0
1788899907.501822,121.371484,-2.664843,4.208828,-2.985663,-2.665588,4.213570,-2.985663,0.004800,0.000000,-2.665588,4.213570,-2.985663,0.004800,0.000000,-2.665588,4.213570,-2.985663,0.004800,0.000000,nan,nan,nan,nan,nan,0.000000,0
1788899907.501822,121.371484,-2.664843,4.208828,-2.985663,-2.665588,4.213570,-2.985663,0.004800,0.000000,-2.665588,4.213570,-2.985663,0.004800,0.000000,-2.665588,4.213570,-2.985663,0.004800,0.000000,nan,nan,nan,nan,nan,0.000000,0
1788899907.551554,121.421216,-2.664843,4.208828,-2.985663,-2.665588,4.213570,-2.985663,0.004800,0.000000,-2.665588,4.213570,-2.985663,0.004800,0.000000,-2.665588,4.213570,-2.985663,0.004800,0.000000,nan,nan,nan,nan,nan,0.000000,0
1788899907.551554,121.421216,-2.664843,4.208828,-2.985663,-2.665588,4.213570,-2.985663,0.004800,0.000000,-2.665588,4.213570,-2.985663,0.004800,0.000000,-2.665588,4.213570,-2.985663,0.004800,0.000000,nan,nan,nan,nan,nan,0.000000,0
1788899907.601787,121.471449,-2.664843,4.208828,-2.985663,-2.665588,4.213570,-2.985663,0.004800,0.000000,-2.665588,4.213570,-2.985663,0.004800,0.000000,-2.665588,4.213570,-2.985663,0.004800,0.000000,nan,nan,nan,nan,nan,0.000000,0
1788899907.601787,121.471449,-2.664843,4.208828,-2.985663,-2.665588,4.213570,-2.985663,0.004800,0.000000,-2.665588,4.213570,-2.985663,0.004800,0.000000,-2.665588,4.213570,-2.985663,0.004800,0.000000,nan,nan,nan,nan,nan,0.000000,0
1788899907.651363,121.521025,-2.664843,4.208828,-2.985663,-2.665588,4.213570,-2.985663,0.004800,0.000000,-2.665588,4.213570,-2.985663,0.004800,0.000000,-2.665588,4.213570,-2.985663,0.004800,0.000000,nan,nan,nan,nan,nan,0.000000,0
1788899907.651363,121.521025,-2.664843,4.208828,-2.985663,-2.665588,4.213570,-2.985663,0.004800,0.000000,-2.665588,4.213570,-2.985663,0.004800,0.000000,-2.665588,4.213570,-2.985663,0.004800,0.000000,nan,nan,nan,nan,nan,0.000000,0
1788899907.701947,121.571609,-2.664843,4.208828,-2.985663,-2.665588,4.213570,-2.985663,0.004800,0.000000,-2.665588,4.213570,-2.985663,0.004800,0.000000,-2.665588,4.213570,-2.985663,0.004800,0.000000,nan,nan,nan,nan,nan,0.000000,0
1788899907.701947,121.571609,-2.664843,4.208828,-2.985663,-2.665588,4.213570,-2.985663,0.004800,0.000000,-2.665588,4.213570,-2.985663,0.004800,0.000000,-2.665588,4.213570,-2.985663,0.004800,0.000000,nan,nan,nan,nan,nan,0.000000,0
1788899907.751489,121.621151,-2.664843,4.208828,-2.985663,-2.665588,4.213570,-2.985663,0.004800,0.000000,-2.665588,4.213570,-2.985663,0.004800,0.000000,-2.665588,4.213570,-2.985663,0.004800,0.000000,nan,nan,nan,nan,nan,0.000000,0
1788899907.751489,121.621151,-2.664843,4.208828,-2.985663,-2.665588,4.213570,-2.985663,0.004800,0.000000,-2.665588,4.213570,-2.985663,0.004800,0.000000,-2.665588,4.213570,-2.985663,0.004800,0.000000,nan,nan,nan,nan,nan,0.000000,0
1788899907.801588,121.671249,-2.664843,4.208828,-2.985663,-2.665588,4.213570,-2.985663,0.004800,0.000000,-2.665588,4.213570,-2.985663,0.004800,0.000000,-2.665588,4.213570,-2.985663,0.004800,0.000000,nan,nan,nan,nan,nan,0.000000,0
1788899907.801588,121.671249,-2.664843,4.208828,-2.985663,-2.665588,4.213570,-2.985663,0.004800,0.000000,-2.665588,4.213570,-2.985663,0.004800,0.000000,-2.665588,4.213570,-2.985663,0.004800,0.000000,nan,nan,nan,nan,nan,0.000000,0
1788899907.851483,121.721144,-2.664843,4.208828,-2.985663,-2.665588,4.213570,-2.985663,0.004800,0.000000,-2.665588,4.213570,-2.985663,0.004800,0.000000,-2.665588,4.213570,-2.985663,0.004800,0.000000,nan,nan,nan,nan,nan,0.000000,0
1788899907.851483,121.721144,-2.664843,4.208828,-2.985663,-2.665588,4.213570,-2.985663,0.004800,0.000000,-2.665588,4.213570,-2.985663,0.004800,0.000000,-2.665588,4.213570,-2.985663,0.004800,0.000000,nan,nan,nan,nan,nan,0.000000,0
1788899907.901588,121.771250,-2.664843,4.208828,-2.985663,-2.665588,4.213570,-2.985663,0.004800,0.000000,-2.665588,4.213570,-2.985663,0.004800,0.000000,-2.665588,4.213570,-2.985663,0.004800,0.000000,nan,nan,nan,nan,nan,0.000000,0
1788899907.901588,121.771250,-2.664843,4.208828,-2.985663,-2.665588,4.213570,-2.985663,0.004800,0.000000,-2.665588,4.213570,-2.985663,0.004800,0.000000,-2.665588,4.213570,-2.985663,0.004800,0.000000,nan,nan,nan,nan,nan,0.000000,0
1788899907.951657,121.821319,-2.664843,4.208828,-2.985663,-2.665588,4.213570,-2.985663,0.004800,0.000000,-2.665588,4.213570,-2.985663,0.004800,0.000000,-2.665588,4.213570,-2.985663,0.004800,0.000000,nan,nan,nan,nan,nan,0.000000,0
1788899907.951657,121.821319,-2.664843,4.208828,-2.985663,-2.665588,4.213570,-2.985663,0.004800,0.000000,-2.665588,4.213570,-2.985663,0.004800,0.000000,-2.665588,4.213570,-2.985663,0.004800,0.000000,nan,nan,nan,nan,nan,0.000000,0
1788899908.000995,121.870657,-2.664843,4.208828,-2.985663,-2.665588,4.213570,-2.985663,0.004800,0.000000,-2.665588,4.213570,-2.985663,0.004800,0.000000,-2.665588,4.213570,-2.985663,0.004800,0.000000,nan,nan,nan,nan,nan,0.000000,0
1788899908.000995,121.870657,-2.664843,4.208828,-2.985663,-2.665588,4.213570,-2.985663,0.004800,0.000000,-2.665588,4.213570,-2.985663,0.004800,0.000000,-2.665588,4.213570,-2.985663,0.004800,0.000000,nan,nan,nan,nan,nan,0.000000,0
1788899908.051409,121.921070,-2.664843,4.208828,-2.985663,-2.665588,4.213570,-2.985663,0.004800,0.000000,-2.665588,4.213570,-2.985663,0.004800,0.000000,-2.665588,4.213570,-2.985663,0.004800,0.000000,nan,nan,nan,nan,nan,0.000000,0
1788899908.051409,121.921070,-2.664843,4.208828,-2.985663,-2.665588,4.213570,-2.985663,0.004800,0.000000,-2.665588,4.213570,-2.985663,0.004800,0.000000,-2.665588,4.213570,-2.985663,0.004800,0.000000,nan,nan,nan,nan,nan,0.000000,0
1788899908.101472,121.971133,-2.664843,4.208828,-2.985663,-2.665588,4.213570,-2.985663,0.004800,0.000000,-2.665588,4.213570,-2.985663,0.004800,0.000000,-2.665588,4.213570,-2.985663,0.004800,0.000000,nan,nan,nan,nan,nan,0.000000,0
1788899908.101472,121.971133,-2.664843,4.208828,-2.985663,-2.665588,4.213570,-2.985663,0.004800,0.000000,-2.665588,4.213570,-2.985663,0.004800,0.000000,-2.665588,4.213570,-2.985663,0.004800,0.000000,nan,nan,nan,nan,nan,0.000000,0
1788899908.151772,122.021434,-2.664843,4.208828,-2.985663,-2.665588,4.213570,-2.985663,0.004800,0.000000,-2.665588,4.213570,-2.985663,0.004800,0.000000,-2.665588,4.213570,-2.985663,0.004800,0.000000,nan,nan,nan,nan,nan,0.000000,0
1788899908.151772,122.021434,-2.664843,4.208828,-2.985663,-2.665588,4.213570,-2.985663,0.004800,0.000000,-2.665588,4.213570,-2.985663,0.004800,0.000000,-2.665588,4.213570,-2.985663,0.004800,0.000000,nan,nan,nan,nan,nan,0.000000,0
1788899908.201803,122.071465,-2.664843,4.208828,-2.985663,-2.665588,4.213570,-2.985663,0.004800,0.000000,-2.665588,4.213570,-2.985663,0.004800,0.000000,-2.665588,4.213570,-2.985663,0.004800,0.000000,nan,nan,nan,nan,nan,0.000000,0
1788899908.201803,122.071465,-2.664843,4.208828,-2.985663,-2.665588,4.213570,-2.985663,0.004800,0.000000,-2.665588,4.213570,-2.985663,0.004800,0.000000,-2.665588,4.213570,-2.985663,0.004800,0.000000,nan,nan,nan,nan,nan,0.000000,0
1788899908.251832,122.121494,-2.664843,4.208828,-2.985663,-2.665588,4.213570,-2.985663,0.004800,0.000000,-2.665588,4.213570,-2.985663,0.004800,0.000000,-2.665588,4.213570,-2.985663,0.004800,0.000000,nan,nan,nan,nan,nan,0.000000,0
1788899908.251832,122.121494,-2.664843,4.208828,-2.985663,-2.665588,4.213570,-2.985663,0.004800,0.000000,-2.665588,4.213570,-2.985663,0.004800,0.000000,-2.665588,4.213570,-2.985663,0.004800,0.000000,nan,nan,nan,nan,nan,0.000000,0
1788899908.300925,122.170587,-2.664843,4.208828,-2.985663,-2.665588,4.213570,-2.985663,0.004800,0.000000,-2.665588,4.213570,-2.985663,0.004800,0.000000,-2.665588,4.213570,-2.985663,0.004800,0.000000,nan,nan,nan,nan,nan,0.000000,0
1788899908.300925,122.170587,-2.664843,4.208828,-2.985663,-2.665588,4.213570,-2.985663,0.004800,0.000000,-2.665588,4.213570,-2.985663,0.004800,0.000000,-2.665588,4.213570,-2.985663,0.004800,0.000000,nan,nan,nan,nan,nan,0.000000,0
1788899908.351266,122.220928,-2.664843,4.208828,-2.985663,-2.665588,4.213570,-2.985663,0.004800,0.000000,-2.665588,4.213570,-2.985663,0.004800,0.000000,-2.665588,4.213570,-2.985663,0.004800,0.000000,nan,nan,nan,nan,nan,0.000000,0
1788899908.351266,122.220928,-2.664843,4.208828,-2.985663,-2.665588,4.213570,-2.985663,0.004800,0.000000,-2.665588,4.213570,-2.985663,0.004800,0.000000,-2.665588,4.213570,-2.985663,0.004800,0.000000,nan,nan,nan,nan,nan,0.000000,0
1788899908.401850,122.271512,-2.664843,4.208828,-2.985663,-2.665588,4.213570,-2.985663,0.004800,0.000000,-2.665588,4.213570,-2.985663,0.004800,0.000000,-2.665588,4.213570,-2.985663,0.004800,0.000000,nan,nan,nan,nan,nan,0.000000,0
1788899908.401850,122.271512,-2.664843,4.208828,-2.985663,-2.665588,4.213570,-2.985663,0.004800,0.000000,-2.665588,4.213570,-2.985663,0.004800,0.000000,-2.665588,4.213570,-2.985663,0.004800,0.000000,nan,nan,nan,nan,nan,0.000000,0
1788899908.451039,122.320701,-2.664843,4.208828,-2.985663,-2.665588,4.213570,-2.985663,0.004800,0.000000,-2.665588,4.213570,-2.985663,0.004800,0.000000,-2.665588,4.213570,-2.985663,0.004800,0.000000,nan,nan,nan,nan,nan,0.000000,0
1788899908.451039,122.320701,-2.664843,4.208828,-2.985663,-2.665588,4.213570,-2.985663,0.004800,0.000000,-2.665588,4.213570,-2.985663,0.004800,0.000000,-2.665588,4.213570,-2.985663,0.004800,0.000000,nan,nan,nan,nan,nan,0.000000,0
1788899908.501699,122.371361,-2.664843,4.208828,-2.985663,-2.665588,4.213570,-2.985663,0.004800,0.000000,-2.665588,4.213570,-2.985663,0.004800,0.000000,-2.665588,4.213570,-2.985663,0.004800,0.000000,nan,nan,nan,nan,nan,0.000000,0
1788899908.501699,122.371361,-2.664843,4.208828,-2.985663,-2.665588,4.213570,-2.985663,0.004800,0.000000,-2.665588,4.213570,-2.985663,0.004800,0.000000,-2.665588,4.213570,-2.985663,0.004800,0.000000,nan,nan,nan,nan,nan,0.000000,0
1788899908.551559,122.421221,-2.664843,4.208828,-2.985663,-2.665588,4.213570,-2.985663,0.004800,0.000000,-2.665588,4.213570,-2.985663,0.004800,0.000000,-2.665588,4.213570,-2.985663,0.004800,0.000000,nan,nan,nan,nan,nan,0.000000,0
1788899908.551559,122.421221,-2.664843,4.208828,-2.985663,-2.665588,4.213570,-2.985663,0.004800,0.000000,-2.665588,4.213570,-2.985663,0.004800,0.000000,-2.665588,4.213570,-2.985663,0.004800,0.000000,nan,nan,nan,nan,nan,0.000000,0
1788899908.601743,122.471405,-2.664843,4.208828,-2.985663,-2.665588,4.213570,-2.985663,0.004800,0.000000,-2.665588,4.213570,-2.985663,0.004800,0.000000,-2.665588,4.213570,-2.985663,0.004800,0.000000,nan,nan,nan,nan,nan,0.000000,0
1788899908.601743,122.471405,-2.664843,4.208828,-2.985663,-2.665588,4.213570,-2.985663,0.004800,0.000000,-2.665588,4.213570,-2.985663,0.004800,0.000000,-2.665588,4.213570,-2.985663,0.004800,0.000000,nan,nan,nan,nan,nan,0.000000,0
1788899908.652798,122.522460,-2.664843,4.208828,-2.985663,-2.665588,4.213570,-2.985663,0.004800,0.000000,-2.665588,4.213570,-2.985663,0.004800,0.000000,-2.665588,4.213570,-2.985663,0.004800,0.000000,nan,nan,nan,nan,nan,0.000000,0
1788899908.652798,122.522460,-2.664843,4.208828,-2.985663,-2.665588,4.213570,-2.985663,0.004800,0.000000,-2.665588,4.213570,-2.985663,0.004800,0.000000,-2.665588,4.213570,-2.985663,0.004800,0.000000,nan,nan,nan,nan,nan,0.000000,0
1788899908.702287,122.571949,-2.664843,4.208828,-2.985663,-2.665588,4.213570,-2.985663,0.004800,0.000000,-2.665588,4.213570,-2.985663,0.004800,0.000000,-2.665588,4.213570,-2.985663,0.004800,0.000000,nan,nan,nan,nan,nan,0.000000,0
1788899908.702287,122.571949,-2.664843,4.208828,-2.985663,-2.665588,4.213570,-2.985663,0.004800,0.000000,-2.665588,4.213570,-2.985663,0.004800,0.000000,-2.665588,4.213570,-2.985663,0.004800,0.000000,nan,nan,nan,nan,nan,0.000000,0
1788899908.751116,122.620777,-2.664843,4.208828,-2.985663,-2.665588,4.213570,-2.985663,0.004800,0.000000,-2.665588,4.213570,-2.985663,0.004800,0.000000,-2.665588,4.213570,-2.985663,0.004800,0.000000,nan,nan,nan,nan,nan,0.000000,0
1788899908.751116,122.620777,-2.664843,4.208828,-2.985663,-2.665588,4.213570,-2.985663,0.004800,0.000000,-2.665588,4.213570,-2.985663,0.004800,0.000000,-2.665588,4.213570,-2.985663,0.004800,0.000000,nan,nan,nan,nan,nan,0.000000,0
1788899908.801883,122.671545,-2.664843,4.208828,-2.985663,-2.665588,4.213570,-2.985663,0.004800,0.000000,-2.665588,4.213570,-2.985663,0.004800,0.000000,-2.665588,4.213570,-2.985663,0.004800,0.000000,nan,nan,nan,nan,nan,0.000000,0
1788899908.801883,122.671545,-2.664843,4.208828,-2.985663,-2.665588,4.213570,-2.985663,0.004800,0.000000,-2.665588,4.213570,-2.985663,0.004800,0.000000,-2.665588,4.213570,-2.985663,0.004800,0.000000,nan,nan,nan,nan,nan,0.000000,0
1788899908.851740,122.721402,-2.664843,4.208828,-2.985663,-2.665588,4.213570,-2.985663,0.004800,0.000000,-2.665588,4.213570,-2.985663,0.004800,0.000000,-2.665588,4.213570,-2.985663,0.004800,0.000000,nan,nan,nan,nan,nan,0.000000,0
1788899908.851740,122.721402,-2.664843,4.208828,-2.985663,-2.665588,4.213570,-2.985663,0.004800,0.000000,-2.665588,4.213570,-2.985663,0.004800,0.000000,-2.665588,4.213570,-2.985663,0.004800,0.000000,nan,nan,nan,nan,nan,0.000000,0
1788899908.901886,122.771547,-2.664843,4.208828,-2.985663,-2.665588,4.213570,-2.985663,0.004800,0.000000,-2.665588,4.213570,-2.985663,0.004800,0.000000,-2.665588,4.213570,-2.985663,0.004800,0.000000,nan,nan,nan,nan,nan,0.000000,0
1788899908.901886,122.771547,-2.664843,4.208828,-2.985663,-2.665588,4.213570,-2.985663,0.004800,0.000000,-2.665588,4.213570,-2.985663,0.004800,0.000000,-2.665588,4.213570,-2.985663,0.004800,0.000000,nan,nan,nan,nan,nan,0.000000,0
1788899908.950953,122.820615,-2.664843,4.208828,-2.985663,-2.665588,4.213570,-2.985663,0.004800,0.000000,-2.665588,4.213570,-2.985663,0.004800,0.000000,-2.665588,4.213570,-2.985663,0.004800,0.000000,nan,nan,nan,nan,nan,0.000000,0
1788899908.950953,122.820615,-2.664843,4.208828,-2.985663,-2.665588,4.213570,-2.985663,0.004800,0.000000,-2.665588,4.213570,-2.985663,0.004800,0.000000,-2.665588,4.213570,-2.985663,0.004800,0.000000,nan,nan,nan,nan,nan,0.000000,0
1788899909.001066,122.870728,-2.664843,4.208828,-2.985663,-2.665588,4.213570,-2.985663,0.004800,0.000000,-2.665588,4.213570,-2.985663,0.004800,0.000000,-2.665588,4.213570,-2.985663,0.004800,0.000000,nan,nan,nan,nan,nan,0.000000,0
1788899909.001066,122.870728,-2.664843,4.208828,-2.985663,-2.665588,4.213570,-2.985663,0.004800,0.000000,-2.665588,4.213570,-2.985663,0.004800,0.000000,-2.665588,4.213570,-2.985663,0.004800,0.000000,nan,nan,nan,nan,nan,0.000000,0
1788899909.051010,122.920672,-2.664843,4.208828,-2.985663,-2.665588,4.213570,-2.985663,0.004800,0.000000,-2.665588,4.213570,-2.985663,0.004800,0.000000,-2.665588,4.213570,-2.985663,0.004800,0.000000,nan,nan,nan,nan,nan,0.000000,0
1788899909.051010,122.920672,-2.664843,4.208828,-2.985663,-2.665588,4.213570,-2.985663,0.004800,0.000000,-2.665588,4.213570,-2.985663,0.004800,0.000000,-2.665588,4.213570,-2.985663,0.004800,0.000000,nan,nan,nan,nan,nan,0.000000,0
1788899909.101206,122.970868,-2.664843,4.208828,-2.985663,-2.665588,4.213570,-2.985663,0.004800,0.000000,-2.665588,4.213570,-2.985663,0.004800,0.000000,-2.665588,4.213570,-2.985663,0.004800,0.000000,nan,nan,nan,nan,nan,0.000000,0
1788899909.101206,122.970868,-2.664843,4.208828,-2.985663,-2.665588,4.213570,-2.985663,0.004800,0.000000,-2.665588,4.213570,-2.985663,0.004800,0.000000,-2.665588,4.213570,-2.985663,0.004800,0.000000,nan,nan,nan,nan,nan,0.000000,0
1788899909.151579,123.021241,-2.664843,4.208828,-2.985663,-2.665588,4.213570,-2.985663,0.004800,0.000000,-2.665588,4.213570,-2.985663,0.004800,0.000000,-2.665588,4.213570,-2.985663,0.004800,0.000000,nan,nan,nan,nan,nan,0.000000,0
1788899909.151579,123.021241,-2.664843,4.208828,-2.985663,-2.665588,4.213570,-2.985663,0.004800,0.000000,-2.665588,4.213570,-2.985663,0.004800,0.000000,-2.665588,4.213570,-2.985663,0.004800,0.000000,nan,nan,nan,nan,nan,0.000000,0
1788899909.201752,123.071414,-2.664843,4.208828,-2.985663,-2.665588,4.213570,-2.985663,0.004800,0.000000,-2.665588,4.213570,-2.985663,0.004800,0.000000,-2.665588,4.213570,-2.985663,0.004800,0.000000,nan,nan,nan,nan,nan,0.000000,0
1788899909.201752,123.071414,-2.664843,4.208828,-2.985663,-2.665588,4.213570,-2.985663,0.004800,0.000000,-2.665588,4.213570,-2.985663,0.004800,0.000000,-2.665588,4.213570,-2.985663,0.004800,0.000000,nan,nan,nan,nan,nan,0.000000,0
1788899909.251600,123.121262,-2.664843,4.208828,-2.985663,-2.665588,4.213570,-2.985663,0.004800,0.000000,-2.665588,4.213570,-2.985663,0.004800,0.000000,-2.665588,4.213570,-2.985663,0.004800,0.000000,nan,nan,nan,nan,nan,0.000000,0
1788899909.251600,123.121262,-2.664843,4.208828,-2.985663,-2.665588,4.213570,-2.985663,0.004800,0.000000,-2.665588,4.213570,-2.985663,0.004800,0.000000,-2.665588,4.213570,-2.985663,0.004800,0.000000,nan,nan,nan,nan,nan,0.000000,0
1788899909.301141,123.170803,-2.664843,4.208828,-2.985663,-2.665588,4.213570,-2.985663,0.004800,0.000000,-2.665588,4.213570,-2.985663,0.004800,0.000000,-2.665588,4.213570,-2.985663,0.004800,0.000000,nan,nan,nan,nan,nan,0.000000,0
1788899909.301141,123.170803,-2.664843,4.208828,-2.985663,-2.665588,4.213570,-2.985663,0.004800,0.000000,-2.665588,4.213570,-2.985663,0.004800,0.000000,-2.665588,4.213570,-2.985663,0.004800,0.000000,nan,nan,nan,nan,nan,0.000000,0
1788899909.351557,123.221219,-2.664843,4.208828,-2.985663,-2.665588,4.213570,-2.985663,0.004800,0.000000,-2.665588,4.213570,-2.985663,0.004800,0.000000,-2.665588,4.213570,-2.985663,0.004800,0.000000,nan,nan,nan,nan,nan,0.000000,0
1788899909.351557,123.221219,-2.664843,4.208828,-2.985663,-2.665588,4.213570,-2.985663,0.004800,0.000000,-2.665588,4.213570,-2.985663,0.004800,0.000000,-2.665588,4.213570,-2.985663,0.004800,0.000000,nan,nan,nan,nan,nan,0.000000,0
1788899909.401525,123.271187,-2.664843,4.208828,-2.985663,-2.665588,4.213570,-2.985663,0.004800,0.000000,-2.665588,4.213570,-2.985663,0.004800,0.000000,-2.665588,4.213570,-2.985663,0.004800,0.000000,nan,nan,nan,nan,nan,0.000000,0
1788899909.401525,123.271187,-2.664843,4.208828,-2.985663,-2.665588,4.213570,-2.985663,0.004800,0.000000,-2.665588,4.213570,-2.985663,0.004800,0.000000,-2.665588,4.213570,-2.985663,0.004800,0.000000,nan,nan,nan,nan,nan,0.000000,0
1788899909.451756,123.321417,-2.664843,4.208828,-2.985663,-2.665588,4.213570,-2.985663,0.004800,0.000000,-2.665588,4.213570,-2.985663,0.004800,0.000000,-2.665588,4.213570,-2.985663,0.004800,0.000000,nan,nan,nan,nan,nan,0.000000,0
1788899909.451756,123.321417,-2.664843,4.208828,-2.985663,-2.665588,4.213570,-2.985663,0.004800,0.000000,-2.665588,4.213570,-2.985663,0.004800,0.000000,-2.665588,4.213570,-2.985663,0.004800,0.000000,nan,nan,nan,nan,nan,0.000000,0
1788899909.501537,123.371199,-2.664843,4.208828,-2.985663,-2.665588,4.213570,-2.985663,0.004800,0.000000,-2.665588,4.213570,-2.985663,0.004800,0.000000,-2.665588,4.213570,-2.985663,0.004800,0.000000,nan,nan,nan,nan,nan,0.000000,0
1788899909.501537,123.371199,-2.664843,4.208828,-2.985663,-2.665588,4.213570,-2.985663,0.004800,0.000000,-2.665588,4.213570,-2.985663,0.004800,0.000000,-2.665588,4.213570,-2.985663,0.004800,0.000000,nan,nan,nan,nan,nan,0.000000,0
1788899909.551743,123.421404,-2.664843,4.208828,-2.985663,-2.665588,4.213570,-2.985663,0.004800,0.000000,-2.665588,4.213570,-2.985663,0.004800,0.000000,-2.665588,4.213570,-2.985663,0.004800,0.000000,nan,nan,nan,nan,nan,0.000000,0
1788899909.551743,123.421404,-2.664843,4.208828,-2.985663,-2.665588,4.213570,-2.985663,0.004800,0.000000,-2.665588,4.213570,-2.985663,0.004800,0.000000,-2.665588,4.213570,-2.985663,0.004800,0.000000,nan,nan,nan,nan,nan,0.000000,0
1788899909.601621,123.471283,-2.664827,4.208729,-2.985663,-2.665588,4.213570,-2.985663,0.004900,0.000000,-2.665588,4.213570,-2.985663,0.004900,0.000000,-2.665588,4.213570,-2.985663,0.004900,0.000000,nan,nan,nan,nan,nan,0.002005,0
1788899909.601621,123.471283,-2.664827,4.208729,-2.985663,-2.665588,4.213570,-2.985663,0.004900,0.000000,-2.665588,4.213570,-2.985663,0.004900,0.000000,-2.665588,4.213570,-2.985663,0.004900,0.000000,nan,nan,nan,nan,nan,0.002005,0
1788899909.651569,123.521231,-2.664827,4.208729,-2.985663,-2.665588,4.213570,-2.985663,0.004900,0.000000,-2.665588,4.213570,-2.985663,0.004900,0.000000,-2.665588,4.213570,-2.985663,0.004900,0.000000,nan,nan,nan,nan,nan,0.000000,0
1788899909.651569,123.521231,-2.664827,4.208729,-2.985663,-2.665588,4.213570,-2.985663,0.004900,0.000000,-2.665588,4.213570,-2.985663,0.004900,0.000000,-2.665588,4.213570,-2.985663,0.004900,0.000000,nan,nan,nan,nan,nan,0.000000,0
1788899909.701715,123.571377,-2.664827,4.208729,-2.985663,-2.665588,4.213570,-2.985663,0.004900,0.000000,-2.665588,4.213570,-2.985663,0.004900,0.000000,-2.665588,4.213570,-2.985663,0.004900,0.000000,nan,nan,nan,nan,nan,0.000000,0
1788899909.701715,123.571377,-2.664827,4.208729,-2.985663,-2.665588,4.213570,-2.985663,0.004900,0.000000,-2.665588,4.213570,-2.985663,0.004900,0.000000,-2.665588,4.213570,-2.985663,0.004900,0.000000,nan,nan,nan,nan,nan,0.000000,0
1788899909.751475,123.621137,-2.664827,4.208729,-2.985663,-2.665588,4.213570,-2.985663,0.004900,0.000000,-2.665588,4.213570,-2.985663,0.004900,0.000000,-2.665588,4.213570,-2.985663,0.004900,0.000000,nan,nan,nan,nan,nan,0.000000,0
1788899909.751475,123.621137,-2.664827,4.208729,-2.985663,-2.665588,4.213570,-2.985663,0.004900,0.000000,-2.665588,4.213570,-2.985663,0.004900,0.000000,-2.665588,4.213570,-2.985663,0.004900,0.000000,nan,nan,nan,nan,nan,0.000000,0
1788899909.801643,123.671305,-2.664827,4.208729,-2.985663,-2.665588,4.213570,-2.985663,0.004900,0.000000,-2.665588,4.213570,-2.985663,0.004900,0.000000,-2.665588,4.213570,-2.985663,0.004900,0.000000,nan,nan,nan,nan,nan,0.000000,0
1788899909.801643,123.671305,-2.664827,4.208729,-2.985663,-2.665588,4.213570,-2.985663,0.004900,0.000000,-2.665588,4.213570,-2.985663,0.004900,0.000000,-2.665588,4.213570,-2.985663,0.004900,0.000000,nan,nan,nan,nan,nan,0.000000,0
1788899909.851701,123.721363,-2.664827,4.208729,-2.985663,-2.665588,4.213570,-2.985663,0.004900,0.000000,-2.665588,4.213570,-2.985663,0.004900,0.000000,-2.665588,4.213570,-2.985663,0.004900,0.000000,nan,nan,nan,nan,nan,0.000000,0
1788899909.851701,123.721363,-2.664827,4.208729,-2.985663,-2.665588,4.213570,-2.985663,0.004900,0.000000,-2.665588,4.213570,-2.985663,0.004900,0.000000,-2.665588,4.213570,-2.985663,0.004900,0.000000,nan,nan,nan,nan,nan,0.000000,0
1788899909.901346,123.771008,-2.664827,4.208729,-2.985663,-2.665588,4.213570,-2.985663,0.004900,0.000000,-2.665588,4.213570,-2.985663,0.004900,0.000000,-2.665588,4.213570,-2.985663,0.004900,0.000000,nan,nan,nan,nan,nan,0.000000,0
1788899909.901346,123.771008,-2.664827,4.208729,-2.985663,-2.665588,4.213570,-2.985663,0.004900,0.000000,-2.665588,4.213570,-2.985663,0.004900,0.000000,-2.665588,4.213570,-2.985663,0.004900,0.000000,nan,nan,nan,nan,nan,0.000000,0
1788899909.951517,123.821179,-2.664827,4.208729,-2.985663,-2.665588,4.213570,-2.985663,0.004900,0.000000,-2.665588,4.213570,-2.985663,0.004900,0.000000,-2.665588,4.213570,-2.985663,0.004900,0.000000,nan,nan,nan,nan,nan,0.000000,0
1788899909.951517,123.821179,-2.664827,4.208729,-2.985663,-2.665588,4.213570,-2.985663,0.004900,0.000000,-2.665588,4.213570,-2.985663,0.004900,0.000000,-2.665588,4.213570,-2.985663,0.004900,0.000000,nan,nan,nan,nan,nan,0.000000,0
1788899910.001319,123.870981,-2.664827,4.208729,-2.985663,-2.665588,4.213570,-2.985663,0.004900,0.000000,-2.665588,4.213570,-2.985663,0.004900,0.000000,-2.665588,4.213570,-2.985663,0.004900,0.000000,nan,nan,nan,nan,nan,0.000000,0
1788899910.001319,123.870981,-2.664827,4.208729,-2.985663,-2.665588,4.213570,-2.985663,0.004900,0.000000,-2.665588,4.213570,-2.985663,0.004900,0.000000,-2.665588,4.213570,-2.985663,0.004900,0.000000,nan,nan,nan,nan,nan,0.000000,0
1788899910.051507,123.921169,-2.664827,4.208729,-2.985663,-2.665588,4.213570,-2.985663,0.004900,0.000000,-2.665588,4.213570,-2.985663,0.004900,0.000000,-2.665588,4.213570,-2.985663,0.004900,0.000000,nan,nan,nan,nan,nan,0.000000,0
1788899910.051507,123.921169,-2.664827,4.208729,-2.985663,-2.665588,4.213570,-2.985663,0.004900,0.000000,-2.665588,4.213570,-2.985663,0.004900,0.000000,-2.665588,4.213570,-2.985663,0.004900,0.000000,nan,nan,nan,nan,nan,0.000000,0
1788899910.101634,123.971296,-2.664827,4.208729,-2.985663,-2.665588,4.213570,-2.985663,0.004900,0.000000,-2.665588,4.213570,-2.985663,0.004900,0.000000,-2.665588,4.213570,-2.985663,0.004900,0.000000,nan,nan,nan,nan,nan,0.000000,0
1788899910.101634,123.971296,-2.664827,4.208729,-2.985663,-2.665588,4.213570,-2.985663,0.004900,0.000000,-2.665588,4.213570,-2.985663,0.004900,0.000000,-2.665588,4.213570,-2.985663,0.004900,0.000000,nan,nan,nan,nan,nan,0.000000,0
1788899910.151304,124.020966,-2.664827,4.208729,-2.985663,-2.665588,4.213570,-2.985663,0.004900,0.000000,-2.665588,4.213570,-2.985663,0.004900,0.000000,-2.665588,4.213570,-2.985663,0.004900,0.000000,nan,nan,nan,nan,nan,0.000000,0
1788899910.151304,124.020966,-2.664827,4.208729,-2.985663,-2.665588,4.213570,-2.985663,0.004900,0.000000,-2.665588,4.213570,-2.985663,0.004900,0.000000,-2.665588,4.213570,-2.985663,0.004900,0.000000,nan,nan,nan,nan,nan,0.000000,0
1788899910.201144,124.070806,-2.664827,4.208729,-2.985663,-2.665588,4.213570,-2.985663,0.004900,0.000000,-2.665588,4.213570,-2.985663,0.004900,0.000000,-2.665588,4.213570,-2.985663,0.004900,0.000000,nan,nan,nan,nan,nan,0.000000,0
1788899910.201144,124.070806,-2.664827,4.208729,-2.985663,-2.665588,4.213570,-2.985663,0.004900,0.000000,-2.665588,4.213570,-2.985663,0.004900,0.000000,-2.665588,4.213570,-2.985663,0.004900,0.000000,nan,nan,nan,nan,nan,0.000000,0
1788899910.251446,124.121108,-2.664827,4.208729,-2.985663,-2.665588,4.213570,-2.985663,0.004900,0.000000,-2.665588,4.213570,-2.985663,0.004900,0.000000,-2.665588,4.213570,-2.985663,0.004900,0.000000,nan,nan,nan,nan,nan,0.000000,0
1788899910.251446,124.121108,-2.664827,4.208729,-2.985663,-2.665588,4.213570,-2.985663,0.004900,0.000000,-2.665588,4.213570,-2.985663,0.004900,0.000000,-2.665588,4.213570,-2.985663,0.004900,0.000000,nan,nan,nan,nan,nan,0.000000,0
1788899910.301358,124.171020,-2.664827,4.208729,-2.985663,-2.665588,4.213570,-2.985663,0.004900,0.000000,-2.665588,4.213570,-2.985663,0.004900,0.000000,-2.665588,4.213570,-2.985663,0.004900,0.000000,nan,nan,nan,nan,nan,0.000000,0
1788899910.301358,124.171020,-2.664827,4.208729,-2.985663,-2.665588,4.213570,-2.985663,0.004900,0.000000,-2.665588,4.213570,-2.985663,0.004900,0.000000,-2.665588,4.213570,-2.985663,0.004900,0.000000,nan,nan,nan,nan,nan,0.000000,0
1788899910.351263,124.220925,-2.664827,4.208729,-2.985663,-2.665588,4.213570,-2.985663,0.004900,0.000000,-2.665588,4.213570,-2.985663,0.004900,0.000000,-2.665588,4.213570,-2.985663,0.004900,0.000000,nan,nan,nan,nan,nan,0.000000,0
1788899910.351263,124.220925,-2.664827,4.208729,-2.985663,-2.665588,4.213570,-2.985663,0.004900,0.000000,-2.665588,4.213570,-2.985663,0.004900,0.000000,-2.665588,4.213570,-2.985663,0.004900,0.000000,nan,nan,nan,nan,nan,0.000000,0
1788899910.401364,124.271026,-2.664827,4.208729,-2.985663,-2.665588,4.213570,-2.985663,0.004900,0.000000,-2.665588,4.213570,-2.985663,0.004900,0.000000,-2.665588,4.213570,-2.985663,0.004900,0.000000,nan,nan,nan,nan,nan,0.000000,0
1788899910.401364,124.271026,-2.664827,4.208729,-2.985663,-2.665588,4.213570,-2.985663,0.004900,0.000000,-2.665588,4.213570,-2.985663,0.004900,0.000000,-2.665588,4.213570,-2.985663,0.004900,0.000000,nan,nan,nan,nan,nan,0.000000,0
1788899910.451412,124.321074,-2.664827,4.208729,-2.985663,-2.665588,4.213570,-2.985663,0.004900,0.000000,-2.665588,4.213570,-2.985663,0.004900,0.000000,-2.665588,4.213570,-2.985663,0.004900,0.000000,nan,nan,nan,nan,nan,0.000000,0
1788899910.451412,124.321074,-2.664827,4.208729,-2.985663,-2.665588,4.213570,-2.985663,0.004900,0.000000,-2.665588,4.213570,-2.985663,0.004900,0.000000,-2.665588,4.213570,-2.985663,0.004900,0.000000,nan,nan,nan,nan,nan,0.000000,0
1788899910.501351,124.371013,-2.664827,4.208729,-2.985663,-2.665588,4.213570,-2.985663,0.004900,0.000000,-2.665588,4.213570,-2.985663,0.004900,0.000000,-2.665588,4.213570,-2.985663,0.004900,0.000000,nan,nan,nan,nan,nan,0.000000,0
1788899910.501351,124.371013,-2.664827,4.208729,-2.985663,-2.665588,4.213570,-2.985663,0.004900,0.000000,-2.665588,4.213570,-2.985663,0.004900,0.000000,-2.665588,4.213570,-2.985663,0.004900,0.000000,nan,nan,nan,nan,nan,0.000000,0
1788899910.552995,124.422657,-2.664827,4.208729,-2.985663,-2.665588,4.213570,-2.985663,0.004900,0.000000,-2.665588,4.213570,-2.985663,0.004900,0.000000,-2.665588,4.213570,-2.985663,0.004900,0.000000,nan,nan,nan,nan,nan,0.000000,0
1788899910.552995,124.422657,-2.664827,4.208729,-2.985663,-2.665588,4.213570,-2.985663,0.004900,0.000000,-2.665588,4.213570,-2.985663,0.004900,0.000000,-2.665588,4.213570,-2.985663,0.004900,0.000000,nan,nan,nan,nan,nan,0.000000,0
1788899910.601079,124.470741,-2.664827,4.208729,-2.985663,-2.665588,4.213570,-2.985663,0.004900,0.000000,-2.665588,4.213570,-2.985663,0.004900,0.000000,-2.665588,4.213570,-2.985663,0.004900,0.000000,nan,nan,nan,nan,nan,0.000000,0
1788899910.601079,124.470741,-2.664827,4.208729,-2.985663,-2.665588,4.213570,-2.985663,0.004900,0.000000,-2.665588,4.213570,-2.985663,0.004900,0.000000,-2.665588,4.213570,-2.985663,0.004900,0.000000,nan,nan,nan,nan,nan,0.000000,0
1788899910.651098,124.520759,-2.664827,4.208729,-2.985663,-2.665588,4.213570,-2.985663,0.004900,0.000000,-2.665588,4.213570,-2.985663,0.004900,0.000000,-2.665588,4.213570,-2.985663,0.004900,0.000000,nan,nan,nan,nan,nan,0.000000,0
1788899910.651098,124.520759,-2.664827,4.208729,-2.985663,-2.665588,4.213570,-2.985663,0.004900,0.000000,-2.665588,4.213570,-2.985663,0.004900,0.000000,-2.665588,4.213570,-2.985663,0.004900,0.000000,nan,nan,nan,nan,nan,0.000000,0
1788899910.701347,124.571009,-2.664827,4.208729,-2.985663,-2.665588,4.213570,-2.985663,0.004900,0.000000,-2.665588,4.213570,-2.985663,0.004900,0.000000,-2.665588,4.213570,-2.985663,0.004900,0.000000,nan,nan,nan,nan,nan,0.000000,0
1788899910.701347,124.571009,-2.664827,4.208729,-2.985663,-2.665588,4.213570,-2.985663,0.004900,0.000000,-2.665588,4.213570,-2.985663,0.004900,0.000000,-2.665588,4.213570,-2.985663,0.004900,0.000000,nan,nan,nan,nan,nan,0.000000,0
1788899910.751458,124.621119,-2.664827,4.208729,-2.985663,-2.665588,4.213570,-2.985663,0.004900,0.000000,-2.665588,4.213570,-2.985663,0.004900,0.000000,-2.665588,4.213570,-2.985663,0.004900,0.000000,nan,nan,nan,nan,nan,0.000000,0
1788899910.751458,124.621119,-2.664827,4.208729,-2.985663,-2.665588,4.213570,-2.985663,0.004900,0.000000,-2.665588,4.213570,-2.985663,0.004900,0.000000,-2.665588,4.213570,-2.985663,0.004900,0.000000,nan,nan,nan,nan,nan,0.000000,0
1788899910.801336,124.670997,-2.664827,4.208729,-2.985663,-2.665588,4.213570,-2.985663,0.004900,0.000000,-2.665588,4.213570,-2.985663,0.004900,0.000000,-2.665588,4.213570,-2.985663,0.004900,0.000000,nan,nan,nan,nan,nan,0.000000,0
1788899910.801336,124.670997,-2.664827,4.208729,-2.985663,-2.665588,4.213570,-2.985663,0.004900,0.000000,-2.665588,4.213570,-2.985663,0.004900,0.000000,-2.665588,4.213570,-2.985663,0.004900,0.000000,nan,nan,nan,nan,nan,0.000000,0
1788899910.851299,124.720961,-2.664827,4.208729,-2.985663,-2.665588,4.213570,-2.985663,0.004900,0.000000,-2.665588,4.213570,-2.985663,0.004900,0.000000,-2.665588,4.213570,-2.985663,0.004900,0.000000,nan,nan,nan,nan,nan,0.000000,0
1788899910.851299,124.720961,-2.664827,4.208729,-2.985663,-2.665588,4.213570,-2.985663,0.004900,0.000000,-2.665588,4.213570,-2.985663,0.004900,0.000000,-2.665588,4.213570,-2.985663,0.004900,0.000000,nan,nan,nan,nan,nan,0.000000,0
1788899910.901343,124.771005,-2.664827,4.208729,-2.985663,-2.665588,4.213570,-2.985663,0.004900,0.000000,-2.665588,4.213570,-2.985663,0.004900,0.000000,-2.665588,4.213570,-2.985663,0.004900,0.000000,nan,nan,nan,nan,nan,0.000000,0
1788899910.901343,124.771005,-2.664827,4.208729,-2.985663,-2.665588,4.213570,-2.985663,0.004900,0.000000,-2.665588,4.213570,-2.985663,0.004900,0.000000,-2.665588,4.213570,-2.985663,0.004900,0.000000,nan,nan,nan,nan,nan,0.000000,0
1788899910.951255,124.820917,-2.664827,4.208729,-2.985663,-2.665588,4.213570,-2.985663,0.004900,0.000000,-2.665588,4.213570,-2.985663,0.004900,0.000000,-2.665588,4.213570,-2.985663,0.004900,0.000000,nan,nan,nan,nan,nan,0.000000,0
1788899910.951255,124.820917,-2.664827,4.208729,-2.985663,-2.665588,4.213570,-2.985663,0.004900,0.000000,-2.665588,4.213570,-2.985663,0.004900,0.000000,-2.665588,4.213570,-2.985663,0.004900,0.000000,nan,nan,nan,nan,nan,0.000000,0
1788899911.001412,124.871073,-2.664827,4.208729,-2.985663,-2.665588,4.213570,-2.985663,0.004900,0.000000,-2.665588,4.213570,-2.985663,0.004900,0.000000,-2.665588,4.213570,-2.985663,0.004900,0.000000,nan,nan,nan,nan,nan,0.000000,0
1788899911.001412,124.871073,-2.664827,4.208729,-2.985663,-2.665588,4.213570,-2.985663,0.004900,0.000000,-2.665588,4.213570,-2.985663,0.004900,0.000000,-2.665588,4.213570,-2.985663,0.004900,0.000000,nan,nan,nan,nan,nan,0.000000,0
1788899911.051932,124.921593,-2.664827,4.208729,-2.985663,-2.665588,4.213570,-2.985663,0.004900,0.000000,-2.665588,4.213570,-2.985663,0.004900,0.000000,-2.665588,4.213570,-2.985663,0.004900,0.000000,nan,nan,nan,nan,nan,0.000000,0
1788899911.051932,124.921593,-2.664827,4.208729,-2.985663,-2.665588,4.213570,-2.985663,0.004900,0.000000,-2.665588,4.213570,-2.985663,0.004900,0.000000,-2.665588,4.213570,-2.985663,0.004900,0.000000,nan,nan,nan,nan,nan,0.000000,0
1788899911.101274,124.970936,-2.664827,4.208729,-2.985663,-2.665588,4.213570,-2.985663,0.004900,0.000000,-2.665588,4.213570,-2.985663,0.004900,0.000000,-2.665588,4.213570,-2.985663,0.004900,0.000000,nan,nan,nan,nan,nan,0.000000,0
1788899911.101274,124.970936,-2.664827,4.208729,-2.985663,-2.665588,4.213570,-2.985663,0.004900,0.000000,-2.665588,4.213570,-2.985663,0.004900,0.000000,-2.665588,4.213570,-2.985663,0.004900,0.000000,nan,nan,nan,nan,nan,0.000000,0
1788899911.151493,125.021155,-2.664827,4.208729,-2.985663,-2.665588,4.213570,-2.985663,0.004900,0.000000,-2.665588,4.213570,-2.985663,0.004900,0.000000,-2.665588,4.213570,-2.985663,0.004900,0.000000,nan,nan,nan,nan,nan,0.000000,0
1788899911.151493,125.021155,-2.664827,4.208729,-2.985663,-2.665588,4.213570,-2.985663,0.004900,0.000000,-2.665588,4.213570,-2.985663,0.004900,0.000000,-2.665588,4.213570,-2.985663,0.004900,0.000000,nan,nan,nan,nan,nan,0.000000,0
1788899911.201504,125.071166,-2.664827,4.208729,-2.985663,-2.665588,4.213570,-2.985663,0.004900,0.000000,-2.665588,4.213570,-2.985663,0.004900,0.000000,-2.665588,4.213570,-2.985663,0.004900,0.000000,nan,nan,nan,nan,nan,0.000000,0
1788899911.201504,125.071166,-2.664827,4.208729,-2.985663,-2.665588,4.213570,-2.985663,0.004900,0.000000,-2.665588,4.213570,-2.985663,0.004900,0.000000,-2.665588,4.213570,-2.985663,0.004900,0.000000,nan,nan,nan,nan,nan,0.000000,0
1788899911.251709,125.121371,-2.664827,4.208729,-2.985663,-2.665588,4.213570,-2.985663,0.004900,0.000000,-2.665588,4.213570,-2.985663,0.004900,0.000000,-2.665588,4.213570,-2.985663,0.004900,0.000000,nan,nan,nan,nan,nan,0.000000,0
1788899911.251709,125.121371,-2.664827,4.208729,-2.985663,-2.665588,4.213570,-2.985663,0.004900,0.000000,-2.665588,4.213570,-2.985663,0.004900,0.000000,-2.665588,4.213570,-2.985663,0.004900,0.000000,nan,nan,nan,nan,nan,0.000000,0
1788899911.301217,125.170879,-2.664827,4.208729,-2.985663,-2.665588,4.213570,-2.985663,0.004900,0.000000,-2.665588,4.213570,-2.985663,0.004900,0.000000,-2.665588,4.213570,-2.985663,0.004900,0.000000,nan,nan,nan,nan,nan,0.000000,0
1788899911.301217,125.170879,-2.664827,4.208729,-2.985663,-2.665588,4.213570,-2.985663,0.004900,0.000000,-2.665588,4.213570,-2.985663,0.004900,0.000000,-2.665588,4.213570,-2.985663,0.004900,0.000000,nan,nan,nan,nan,nan,0.000000,0
1788899911.351379,125.221041,-2.664827,4.208729,-2.985663,-2.665588,4.213570,-2.985663,0.004900,0.000000,-2.665588,4.213570,-2.985663,0.004900,0.000000,-2.665588,4.213570,-2.985663,0.004900,0.000000,nan,nan,nan,nan,nan,0.000000,0
1788899911.351379,125.221041,-2.664827,4.208729,-2.985663,-2.665588,4.213570,-2.985663,0.004900,0.000000,-2.665588,4.213570,-2.985663,0.004900,0.000000,-2.665588,4.213570,-2.985663,0.004900,0.000000,nan,nan,nan,nan,nan,0.000000,0
1788899911.401579,125.271240,-2.664827,4.208729,-2.985663,-2.665588,4.213570,-2.985663,0.004900,0.000000,-2.665588,4.213570,-2.985663,0.004900,0.000000,-2.665588,4.213570,-2.985663,0.004900,0.000000,nan,nan,nan,nan,nan,0.000000,0
1788899911.401579,125.271240,-2.664827,4.208729,-2.985663,-2.665588,4.213570,-2.985663,0.004900,0.000000,-2.665588,4.213570,-2.985663,0.004900,0.000000,-2.665588,4.213570,-2.985663,0.004900,0.000000,nan,nan,nan,nan,nan,0.000000,0
1788899911.451580,125.321241,-2.664827,4.208729,-2.985663,-2.665588,4.213570,-2.985663,0.004900,0.000000,-2.665588,4.213570,-2.985663,0.004900,0.000000,-2.665588,4.213570,-2.985663,0.004900,0.000000,nan,nan,nan,nan,nan,0.000000,0
1788899911.451580,125.321241,-2.664827,4.208729,-2.985663,-2.665588,4.213570,-2.985663,0.004900,0.000000,-2.665588,4.213570,-2.985663,0.004900,0.000000,-2.665588,4.213570,-2.985663,0.004900,0.000000,nan,nan,nan,nan,nan,0.000000,0
1788899911.501161,125.370822,-2.664827,4.208729,-2.985663,-2.665588,4.213570,-2.985663,0.004900,0.000000,-2.665588,4.213570,-2.985663,0.004900,0.000000,-2.665588,4.213570,-2.985663,0.004900,0.000000,nan,nan,nan,nan,nan,0.000000,0
1788899911.501161,125.370822,-2.664827,4.208729,-2.985663,-2.665588,4.213570,-2.985663,0.004900,0.000000,-2.665588,4.213570,-2.985663,0.004900,0.000000,-2.665588,4.213570,-2.985663,0.004900,0.000000,nan,nan,nan,nan,nan,0.000000,0
1788899911.551790,125.421452,-2.664827,4.208729,-2.985663,-2.665588,4.213570,-2.985663,0.004900,0.000000,-2.665588,4.213570,-2.985663,0.004900,0.000000,-2.665588,4.213570,-2.985663,0.004900,0.000000,nan,nan,nan,nan,nan,0.000000,0
1788899911.551790,125.421452,-2.664827,4.208729,-2.985663,-2.665588,4.213570,-2.985663,0.004900,0.000000,-2.665588,4.213570,-2.985663,0.004900,0.000000,-2.665588,4.213570,-2.985663,0.004900,0.000000,nan,nan,nan,nan,nan,0.000000,0
1788899911.601474,125.471136,-2.664827,4.208729,-2.985663,-2.665588,4.213570,-2.985663,0.004900,0.000000,-2.665588,4.213570,-2.985663,0.004900,0.000000,-2.665588,4.213570,-2.985663,0.004900,0.000000,nan,nan,nan,nan,nan,0.000000,0
1788899911.601474,125.471136,-2.664827,4.208729,-2.985663,-2.665588,4.213570,-2.985663,0.004900,0.000000,-2.665588,4.213570,-2.985663,0.004900,0.000000,-2.665588,4.213570,-2.985663,0.004900,0.000000,nan,nan,nan,nan,nan,0.000000,0
1788899911.651674,125.521336,-2.664827,4.208729,-2.985663,-2.665588,4.213570,-2.985663,0.004900,0.000000,-2.665588,4.213570,-2.985663,0.004900,0.000000,-2.665588,4.213570,-2.985663,0.004900,0.000000,nan,nan,nan,nan,nan,0.000000,0
1788899911.651674,125.521336,-2.664827,4.208729,-2.985663,-2.665588,4.213570,-2.985663,0.004900,0.000000,-2.665588,4.213570,-2.985663,0.004900,0.000000,-2.665588,4.213570,-2.985663,0.004900,0.000000,nan,nan,nan,nan,nan,0.000000,0
1788899911.701174,125.570836,-2.664827,4.208729,-2.985663,-2.665588,4.213570,-2.985663,0.004900,0.000000,-2.665588,4.213570,-2.985663,0.004900,0.000000,-2.665588,4.213570,-2.985663,0.004900,0.000000,nan,nan,nan,nan,nan,0.000000,0
1788899911.701174,125.570836,-2.664827,4.208729,-2.985663,-2.665588,4.213570,-2.985663,0.004900,0.000000,-2.665588,4.213570,-2.985663,0.004900,0.000000,-2.665588,4.213570,-2.985663,0.004900,0.000000,nan,nan,nan,nan,nan,0.000000,0
1788899911.751448,125.621110,-2.664827,4.208729,-2.985663,-2.665588,4.213570,-2.985663,0.004900,0.000000,-2.665588,4.213570,-2.985663,0.004900,0.000000,-2.665588,4.213570,-2.985663,0.004900,0.000000,nan,nan,nan,nan,nan,0.000000,0
1788899911.751448,125.621110,-2.664827,4.208729,-2.985663,-2.665588,4.213570,-2.985663,0.004900,0.000000,-2.665588,4.213570,-2.985663,0.004900,0.000000,-2.665588,4.213570,-2.985663,0.004900,0.000000,nan,nan,nan,nan,nan,0.000000,0
1788899911.801567,125.671228,-2.664827,4.208729,-2.985663,-2.665588,4.213570,-2.985663,0.004900,0.000000,-2.665588,4.213570,-2.985663,0.004900,0.000000,-2.665588,4.213570,-2.985663,0.004900,0.000000,nan,nan,nan,nan,nan,0.000000,0
1788899911.801567,125.671228,-2.664827,4.208729,-2.985663,-2.665588,4.213570,-2.985663,0.004900,0.000000,-2.665588,4.213570,-2.985663,0.004900,0.000000,-2.665588,4.213570,-2.985663,0.004900,0.000000,nan,nan,nan,nan,nan,0.000000,0
1788899911.851237,125.720899,-2.664827,4.208729,-2.985663,-2.665588,4.213570,-2.985663,0.004900,0.000000,-2.665588,4.213570,-2.985663,0.004900,0.000000,-2.665588,4.213570,-2.985663,0.004900,0.000000,nan,nan,nan,nan,nan,0.000000,0
1788899911.851237,125.720899,-2.664827,4.208729,-2.985663,-2.665588,4.213570,-2.985663,0.004900,0.000000,-2.665588,4.213570,-2.985663,0.004900,0.000000,-2.665588,4.213570,-2.985663,0.004900,0.000000,nan,nan,nan,nan,nan,0.000000,0
1788899911.901628,125.771290,-2.664827,4.208729,-2.985663,-2.665588,4.213570,-2.985663,0.004900,0.000000,-2.665588,4.213570,-2.985663,0.004900,0.000000,-2.665588,4.213570,-2.985663,0.004900,0.000000,nan,nan,nan,nan,nan,0.000000,0
1788899911.901628,125.771290,-2.664827,4.208729,-2.985663,-2.665588,4.213570,-2.985663,0.004900,0.000000,-2.665588,4.213570,-2.985663,0.004900,0.000000,-2.665588,4.213570,-2.985663,0.004900,0.000000,nan,nan,nan,nan,nan,0.000000,0
1788899911.951806,125.821468,-2.664827,4.208729,-2.985663,-2.665588,4.213570,-2.985663,0.004900,0.000000,-2.665588,4.213570,-2.985663,0.004900,0.000000,-2.665588,4.213570,-2.985663,0.004900,0.000000,nan,nan,nan,nan,nan,0.000000,0
1788899911.951806,125.821468,-2.664827,4.208729,-2.985663,-2.665588,4.213570,-2.985663,0.004900,0.000000,-2.665588,4.213570,-2.985663,0.004900,0.000000,-2.665588,4.213570,-2.985663,0.004900,0.000000,nan,nan,nan,nan,nan,0.000000,0
1788899912.001881,125.871543,-2.664827,4.208729,-2.985663,-2.665588,4.213570,-2.985663,0.004900,0.000000,-2.665588,4.213570,-2.985663,0.004900,0.000000,-2.665588,4.213570,-2.985663,0.004900,0.000000,nan,nan,nan,nan,nan,0.000000,0
1788899912.001881,125.871543,-2.664827,4.208729,-2.985663,-2.665588,4.213570,-2.985663,0.004900,0.000000,-2.665588,4.213570,-2.985663,0.004900,0.000000,-2.665588,4.213570,-2.985663,0.004900,0.000000,nan,nan,nan,nan,nan,0.000000,0
1788899912.051589,125.921250,-2.664827,4.208729,-2.985663,-2.665588,4.213570,-2.985663,0.004900,0.000000,-2.665588,4.213570,-2.985663,0.004900,0.000000,-2.665588,4.213570,-2.985663,0.004900,0.000000,nan,nan,nan,nan,nan,0.000000,0
1788899912.051589,125.921250,-2.664827,4.208729,-2.985663,-2.665588,4.213570,-2.985663,0.004900,0.000000,-2.665588,4.213570,-2.985663,0.004900,0.000000,-2.665588,4.213570,-2.985663,0.004900,0.000000,nan,nan,nan,nan,nan,0.000000,0
1788899912.101619,125.971281,-2.664827,4.208729,-2.985663,-2.665588,4.213570,-2.985663,0.004900,0.000000,-2.665588,4.213570,-2.985663,0.004900,0.000000,-2.665588,4.213570,-2.985663,0.004900,0.000000,nan,nan,nan,nan,nan,0.000000,0
1788899912.101619,125.971281,-2.664827,4.208729,-2.985663,-2.665588,4.213570,-2.985663,0.004900,0.000000,-2.665588,4.213570,-2.985663,0.004900,0.000000,-2.665588,4.213570,-2.985663,0.004900,0.000000,nan,nan,nan,nan,nan,0.000000,0
1788899912.151423,126.021084,-2.664827,4.208729,-2.985663,-2.665588,4.213570,-2.985663,0.004900,0.000000,-2.665588,4.213570,-2.985663,0.004900,0.000000,-2.665588,4.213570,-2.985663,0.004900,0.000000,nan,nan,nan,nan,nan,0.000000,0
1788899912.151423,126.021084,-2.664827,4.208729,-2.985663,-2.665588,4.213570,-2.985663,0.004900,0.000000,-2.665588,4.213570,-2.985663,0.004900,0.000000,-2.665588,4.213570,-2.985663,0.004900,0.000000,nan,nan,nan,nan,nan,0.000000,0
1788899912.201697,126.071359,-2.664827,4.208729,-2.985663,-2.665588,4.213570,-2.985663,0.004900,0.000000,-2.665588,4.213570,-2.985663,0.004900,0.000000,-2.665588,4.213570,-2.985663,0.004900,0.000000,nan,nan,nan,nan,nan,0.000000,0
1788899912.201697,126.071359,-2.664827,4.208729,-2.985663,-2.665588,4.213570,-2.985663,0.004900,0.000000,-2.665588,4.213570,-2.985663,0.004900,0.000000,-2.665588,4.213570,-2.985663,0.004900,0.000000,nan,nan,nan,nan,nan,0.000000,0
1788899912.252384,126.122046,-2.664827,4.208729,-2.985663,-2.665588,4.213570,-2.985663,0.004900,0.000000,-2.665588,4.213570,-2.985663,0.004900,0.000000,-2.665588,4.213570,-2.985663,0.004900,0.000000,nan,nan,nan,nan,nan,0.000000,0
1788899912.252384,126.122046,-2.664827,4.208729,-2.985663,-2.665588,4.213570,-2.985663,0.004900,0.000000,-2.665588,4.213570,-2.985663,0.004900,0.000000,-2.665588,4.213570,-2.985663,0.004900,0.000000,nan,nan,nan,nan,nan,0.000000,0
1788899912.326816,126.196478,-2.664827,4.208729,-2.985663,-2.665588,4.213570,-2.985663,0.004900,0.000000,-2.665588,4.213570,-2.985663,0.004900,0.000000,-2.665588,4.213570,-2.985663,0.004900,0.000000,nan,nan,nan,nan,nan,0.000000,0
1788899912.326816,126.196478,-2.664827,4.208729,-2.985663,-2.665588,4.213570,-2.985663,0.004900,0.000000,-2.665588,4.213570,-2.985663,0.004900,0.000000,-2.665588,4.213570,-2.985663,0.004900,0.000000,nan,nan,nan,nan,nan,0.000000,0
1788899912.376083,126.245745,-2.664827,4.208729,-2.985663,-2.665588,4.213570,-2.985663,0.004900,0.000000,-2.665588,4.213570,-2.985663,0.004900,0.000000,-2.665588,4.213570,-2.985663,0.004900,0.000000,nan,nan,nan,nan,nan,0.000000,0
1788899912.376083,126.245745,-2.664827,4.208729,-2.985663,-2.665588,4.213570,-2.985663,0.004900,0.000000,-2.665588,4.213570,-2.985663,0.004900,0.000000,-2.665588,4.213570,-2.985663,0.004900,0.000000,nan,nan,nan,nan,nan,0.000000,0
1788899912.426447,126.296109,-2.664812,4.208630,-2.985663,-2.665588,4.213570,-2.985663,0.005000,0.000000,-2.665588,4.213570,-2.985663,0.005000,0.000000,-2.665588,4.213570,-2.985663,0.005000,0.000000,nan,nan,nan,nan,nan,0.001986,0
1788899912.426447,126.296109,-2.664812,4.208630,-2.985663,-2.665588,4.213570,-2.985663,0.005000,0.000000,-2.665588,4.213570,-2.985663,0.005000,0.000000,-2.665588,4.213570,-2.985663,0.005000,0.000000,nan,nan,nan,nan,nan,0.001986,0
1788899912.476289,126.345951,-2.664812,4.208630,-2.985663,-2.665588,4.213570,-2.985663,0.005000,0.000000,-2.665588,4.213570,-2.985663,0.005000,0.000000,-2.665588,4.213570,-2.985663,0.005000,0.000000,nan,nan,nan,nan,nan,0.000000,0
1788899912.476289,126.345951,-2.664812,4.208630,-2.985663,-2.665588,4.213570,-2.985663,0.005000,0.000000,-2.665588,4.213570,-2.985663,0.005000,0.000000,-2.665588,4.213570,-2.985663,0.005000,0.000000,nan,nan,nan,nan,nan,0.000000,0
1788899912.526485,126.396147,-2.664812,4.208630,-2.985663,-2.665588,4.213570,-2.985663,0.005000,0.000000,-2.665588,4.213570,-2.985663,0.005000,0.000000,-2.665588,4.213570,-2.985663,0.005000,0.000000,nan,nan,nan,nan,nan,0.000000,0
1788899912.526485,126.396147,-2.664812,4.208630,-2.985663,-2.665588,4.213570,-2.985663,0.005000,0.000000,-2.665588,4.213570,-2.985663,0.005000,0.000000,-2.665588,4.213570,-2.985663,0.005000,0.000000,nan,nan,nan,nan,nan,0.000000,0
1788899912.575919,126.445581,-2.664812,4.208630,-2.985663,-2.665588,4.213570,-2.985663,0.005000,0.000000,-2.665588,4.213570,-2.985663,0.005000,0.000000,-2.665588,4.213570,-2.985663,0.005000,0.000000,nan,nan,nan,nan,nan,0.000000,0
1788899912.575919,126.445581,-2.664812,4.208630,-2.985663,-2.665588,4.213570,-2.985663,0.005000,0.000000,-2.665588,4.213570,-2.985663,0.005000,0.000000,-2.665588,4.213570,-2.985663,0.005000,0.000000,nan,nan,nan,nan,nan,0.000000,0
1788899912.626580,126.496242,-2.664812,4.208630,-2.985663,-2.665588,4.213570,-2.985663,0.005000,0.000000,-2.665588,4.213570,-2.985663,0.005000,0.000000,-2.665588,4.213570,-2.985663,0.005000,0.000000,nan,nan,nan,nan,nan,0.000000,0
1788899912.626580,126.496242,-2.664812,4.208630,-2.985663,-2.665588,4.213570,-2.985663,0.005000,0.000000,-2.665588,4.213570,-2.985663,0.005000,0.000000,-2.665588,4.213570,-2.985663,0.005000,0.000000,nan,nan,nan,nan,nan,0.000000,0
1788899912.676819,126.546481,-2.664812,4.208630,-2.985663,-2.665588,4.213570,-2.985663,0.005000,0.000000,-2.665588,4.213570,-2.985663,0.005000,0.000000,-2.665588,4.213570,-2.985663,0.005000,0.000000,nan,nan,nan,nan,nan,0.000000,0
1788899912.676819,126.546481,-2.664812,4.208630,-2.985663,-2.665588,4.213570,-2.985663,0.005000,0.000000,-2.665588,4.213570,-2.985663,0.005000,0.000000,-2.665588,4.213570,-2.985663,0.005000,0.000000,nan,nan,nan,nan,nan,0.000000,0
1788899912.726404,126.596066,-2.664812,4.208630,-2.985663,-2.665588,4.213570,-2.985663,0.005000,0.000000,-2.665588,4.213570,-2.985663,0.005000,0.000000,-2.665588,4.213570,-2.985663,0.005000,0.000000,nan,nan,nan,nan,nan,0.000000,0
1788899912.726404,126.596066,-2.664812,4.208630,-2.985663,-2.665588,4.213570,-2.985663,0.005000,0.000000,-2.665588,4.213570,-2.985663,0.005000,0.000000,-2.665588,4.213570,-2.985663,0.005000,0.000000,nan,nan,nan,nan,nan,0.000000,0
1788899912.775907,126.645569,-2.664812,4.208630,-2.985663,-2.665588,4.213570,-2.985663,0.005000,0.000000,-2.665588,4.213570,-2.985663,0.005000,0.000000,-2.665588,4.213570,-2.985663,0.005000,0.000000,nan,nan,nan,nan,nan,0.000000,0
1788899912.775907,126.645569,-2.664812,4.208630,-2.985663,-2.665588,4.213570,-2.985663,0.005000,0.000000,-2.665588,4.213570,-2.985663,0.005000,0.000000,-2.665588,4.213570,-2.985663,0.005000,0.000000,nan,nan,nan,nan,nan,0.000000,0
1788899912.826741,126.696403,-2.664812,4.208630,-2.985663,-2.665588,4.213570,-2.985663,0.005000,0.000000,-2.665588,4.213570,-2.985663,0.005000,0.000000,-2.665588,4.213570,-2.985663,0.005000,0.000000,nan,nan,nan,nan,nan,0.000000,0
1788899912.826741,126.696403,-2.664812,4.208630,-2.985663,-2.665588,4.213570,-2.985663,0.005000,0.000000,-2.665588,4.213570,-2.985663,0.005000,0.000000,-2.665588,4.213570,-2.985663,0.005000,0.000000,nan,nan,nan,nan,nan,0.000000,0
1788899912.876526,126.746188,-2.664812,4.208630,-2.985663,-2.665588,4.213570,-2.985663,0.005000,0.000000,-2.665588,4.213570,-2.985663,0.005000,0.000000,-2.665588,4.213570,-2.985663,0.005000,0.000000,nan,nan,nan,nan,nan,0.000000,0
1788899912.876526,126.746188,-2.664812,4.208630,-2.985663,-2.665588,4.213570,-2.985663,0.005000,0.000000,-2.665588,4.213570,-2.985663,0.005000,0.000000,-2.665588,4.213570,-2.985663,0.005000,0.000000,nan,nan,nan,nan,nan,0.000000,0
1788899912.926093,126.795755,-2.664812,4.208630,-2.985663,-2.665588,4.213570,-2.985663,0.005000,0.000000,-2.665588,4.213570,-2.985663,0.005000,0.000000,-2.665588,4.213570,-2.985663,0.005000,0.000000,nan,nan,nan,nan,nan,0.000000,0
1788899912.926093,126.795755,-2.664812,4.208630,-2.985663,-2.665588,4.213570,-2.985663,0.005000,0.000000,-2.665588,4.213570,-2.985663,0.005000,0.000000,-2.665588,4.213570,-2.985663,0.005000,0.000000,nan,nan,nan,nan,nan,0.000000,0
1788899912.977884,126.847546,-2.664812,4.208630,-2.985663,-2.665588,4.213570,-2.985663,0.005000,0.000000,-2.665588,4.213570,-2.985663,0.005000,0.000000,-2.665588,4.213570,-2.985663,0.005000,0.000000,nan,nan,nan,nan,nan,0.000000,0
1788899912.977884,126.847546,-2.664812,4.208630,-2.985663,-2.665588,4.213570,-2.985663,0.005000,0.000000,-2.665588,4.213570,-2.985663,0.005000,0.000000,-2.665588,4.213570,-2.985663,0.005000,0.000000,nan,nan,nan,nan,nan,0.000000,0
1788899913.027790,126.897452,-2.664812,4.208630,-2.985663,-2.665588,4.213570,-2.985663,0.005000,0.000000,-2.665588,4.213570,-2.985663,0.005000,0.000000,-2.665588,4.213570,-2.985663,0.005000,0.000000,nan,nan,nan,nan,nan,0.000000,0
1788899913.027790,126.897452,-2.664812,4.208630,-2.985663,-2.665588,4.213570,-2.985663,0.005000,0.000000,-2.665588,4.213570,-2.985663,0.005000,0.000000,-2.665588,4.213570,-2.985663,0.005000,0.000000,nan,nan,nan,nan,nan,0.000000,0
